    100.00       0.00000E+00
    110.00       0.00000E+00
    120.00       0.00000E+00
    130.00       0.00000E+00
    140.00       0.00000E+00
    150.00       0.00000E+00
    160.00       0.00000E+00
    170.00       0.00000E+00
    180.00       0.00000E+00
    190.00       0.00000E+00
    200.00       0.00000E+00
    210.00       0.00000E+00
    220.00       0.00000E+00
    230.00       0.00000E+00
    240.00       0.00000E+00
    250.00       0.00000E+00
    260.00       0.00000E+00
    270.00       0.00000E+00
    280.00       0.00000E+00
    290.00       0.00000E+00
    300.00       0.00000E+00
    310.00       0.00000E+00
    320.00       0.00000E+00
    330.00       0.00000E+00
    340.00       0.00000E+00
    350.00       0.00000E+00
    360.00       0.00000E+00
    370.00       3.45312E-38
    380.00       2.31834E-37
    390.00       1.41057E-36
    400.00       7.83541E-36
    410.00       4.00026E-35
    420.00       1.88844E-34
    430.00       8.28861E-34
    440.00       3.39927E-33
    450.00       1.30855E-32
    460.00       4.74778E-32
    470.00       1.62981E-31
    480.00       5.31168E-31
    490.00       1.64880E-30
    500.00       4.88894E-30
    510.00       1.38850E-29
    520.00       3.78654E-29
    530.00       9.93827E-29
    540.00       2.51581E-28
    550.00       6.15464E-28
    560.00       1.45774E-27
    570.00       3.34855E-27
    580.00       7.47170E-27
    590.00       1.62185E-26
    600.00       3.42960E-26
    610.00       7.07395E-26
    620.00       1.42496E-25
    630.00       2.80644E-25
    640.00       5.40980E-25
    650.00       1.02166E-24
    660.00       1.89209E-24
    670.00       3.43934E-24
    680.00       6.14123E-24
    690.00       1.07802E-23
    700.00       1.86167E-23
    710.00       3.16515E-23
    720.00       5.30128E-23
    730.00       8.75238E-23
    740.00       1.42525E-22
    750.00       2.29041E-22
    760.00       3.63429E-22
    770.00       5.69682E-22
    780.00       8.82566E-22
    790.00       1.35196E-21
    800.00       2.04864E-21
    810.00       3.07206E-21
    820.00       4.56058E-21
    830.00       6.70502E-21
    840.00       9.76603E-21
    850.00       1.40967E-20
    860.00       2.01715E-20
    870.00       2.86228E-20
    880.00       4.02864E-20
    890.00       5.62604E-20
    900.00       7.79754E-20
    910.00       1.07283E-19
    920.00       1.46564E-19
    930.00       1.98862E-19
    940.00       2.68034E-19
    950.00       3.58957E-19
    960.00       4.77738E-19
    970.00       6.32010E-19
    980.00       8.31225E-19
    990.00       1.08706E-18
   1000.00       1.41386E-18
   1010.00       1.82913E-18
   1020.00       2.35417E-18
   1030.00       3.01476E-18
   1040.00       3.84193E-18
   1050.00       4.87295E-18
   1060.00       6.15231E-18
   1070.00       7.73296E-18
   1080.00       9.67756E-18
   1090.00       1.20602E-17
   1100.00       1.49679E-17
   1110.00       1.85024E-17
   1120.00       2.27830E-17
   1130.00       2.79481E-17
   1140.00       3.41583E-17
   1150.00       4.15987E-17
   1160.00       5.04835E-17
   1170.00       6.10579E-17
   1180.00       7.36026E-17
   1190.00       8.84390E-17
   1200.00       1.05932E-16
   1210.00       1.26497E-16
   1220.00       1.50601E-16
   1230.00       1.78777E-16
   1240.00       2.11621E-16
   1250.00       2.49804E-16
   1260.00       2.94076E-16
   1270.00       3.45280E-16
   1280.00       4.04353E-16
   1290.00       4.72339E-16
   1300.00       5.50396E-16
   1310.00       6.39811E-16
   1320.00       7.42001E-16
   1330.00       8.58539E-16
   1340.00       9.91153E-16
   1350.00       1.14174E-15
   1360.00       1.31238E-15
   1370.00       1.50535E-15
   1380.00       1.72316E-15
   1390.00       1.96852E-15
   1400.00       2.24440E-15
   1410.00       2.55404E-15
   1420.00       2.90091E-15
   1430.00       3.28884E-15
   1440.00       3.72192E-15
   1450.00       4.20458E-15
   1460.00       4.74164E-15
   1470.00       5.33826E-15
   1480.00       5.99996E-15
   1490.00       6.73274E-15
   1500.00       7.54299E-15
   1510.00       8.43757E-15
   1520.00       9.42382E-15
   1530.00       1.05096E-14
   1540.00       1.17033E-14
   1550.00       1.30138E-14
   1560.00       1.44506E-14
   1570.00       1.60238E-14
   1580.00       1.77441E-14
   1590.00       1.96230E-14
   1600.00       2.16725E-14
   1610.00       2.39053E-14
   1620.00       2.63350E-14
   1630.00       2.89759E-14
   1640.00       3.18429E-14
   1650.00       3.49520E-14
   1660.00       3.83199E-14
   1670.00       4.19641E-14
   1680.00       4.59032E-14
   1690.00       5.01566E-14
   1700.00       5.47445E-14
   1710.00       5.96883E-14
   1720.00       6.50106E-14
   1730.00       7.07343E-14
   1740.00       7.68845E-14
   1750.00       8.34861E-14
   1760.00       9.05660E-14
   1770.00       9.81521E-14
   1780.00       1.06273E-13
   1790.00       1.14960E-13
   1800.00       1.24243E-13
   1810.00       1.34155E-13
   1820.00       1.44731E-13
   1830.00       1.56005E-13
   1840.00       1.68014E-13
   1850.00       1.80795E-13
   1860.00       1.94389E-13
   1870.00       2.08835E-13
   1880.00       2.24175E-13
   1890.00       2.40454E-13
   1900.00       2.57715E-13
   1910.00       2.76005E-13
   1920.00       2.95372E-13
   1930.00       3.15866E-13
   1940.00       3.37536E-13
   1950.00       3.60436E-13
   1960.00       3.84618E-13
   1970.00       4.10140E-13
   1980.00       4.37057E-13
   1990.00       4.65429E-13
   2000.00       4.95315E-13
   2010.00       5.26777E-13
   2020.00       5.59879E-13
   2030.00       5.94686E-13
   2040.00       6.31264E-13
   2050.00       6.69681E-13
   2060.00       7.10008E-13
   2070.00       7.52316E-13
   2080.00       7.96678E-13
   2090.00       8.43170E-13
   2100.00       8.91866E-13
   2110.00       9.42847E-13
   2120.00       9.96191E-13
   2130.00       1.05198E-12
   2140.00       1.11030E-12
   2150.00       1.17123E-12
   2160.00       1.23486E-12
   2170.00       1.30128E-12
   2180.00       1.37057E-12
   2190.00       1.44283E-12
   2200.00       1.51816E-12
   2210.00       1.59663E-12
   2220.00       1.67836E-12
   2230.00       1.76344E-12
   2240.00       1.85197E-12
   2250.00       1.94405E-12
   2260.00       2.03978E-12
   2270.00       2.13926E-12
   2280.00       2.24261E-12
   2290.00       2.34992E-12
   2300.00       2.46131E-12
   2310.00       2.57688E-12
   2320.00       2.69675E-12
   2330.00       2.82103E-12
   2340.00       2.94984E-12
   2350.00       3.08328E-12
   2360.00       3.22147E-12
   2370.00       3.36455E-12
   2380.00       3.51261E-12
   2390.00       3.66579E-12
   2400.00       3.82420E-12
   2410.00       3.98798E-12
   2420.00       4.15723E-12
   2430.00       4.33209E-12
   2440.00       4.51269E-12
   2450.00       4.69916E-12
   2460.00       4.89161E-12
   2470.00       5.09018E-12
   2480.00       5.29502E-12
   2490.00       5.50624E-12
   2500.00       5.72397E-12
   2510.00       5.94836E-12
   2520.00       6.17954E-12
   2530.00       6.41764E-12
   2540.00       6.66279E-12
   2550.00       6.91516E-12
   2560.00       7.17486E-12
   2570.00       7.44202E-12
   2580.00       7.71681E-12
   2590.00       7.99935E-12
   2600.00       8.28979E-12
   2610.00       8.58827E-12
   2620.00       8.89494E-12
   2630.00       9.20992E-12
   2640.00       9.53336E-12
   2650.00       9.86544E-12
   2660.00       1.02062E-11
   2670.00       1.05560E-11
   2680.00       1.09148E-11
   2690.00       1.12827E-11
   2700.00       1.16601E-11
   2710.00       1.20468E-11
   2720.00       1.24433E-11
   2730.00       1.28495E-11
   2740.00       1.32656E-11
   2750.00       1.36919E-11
   2760.00       1.41283E-11
   2770.00       1.45751E-11
   2780.00       1.50324E-11
   2790.00       1.55004E-11
   2800.00       1.59792E-11
   2810.00       1.64690E-11
   2820.00       1.69699E-11
   2830.00       1.74820E-11
   2840.00       1.80056E-11
   2850.00       1.85407E-11
   2860.00       1.90875E-11
   2870.00       1.96461E-11
   2880.00       2.02168E-11
   2890.00       2.07996E-11
   2900.00       2.13947E-11
   2910.00       2.20022E-11
   2920.00       2.26223E-11
   2930.00       2.32551E-11
   2940.00       2.39008E-11
   2950.00       2.45594E-11
   2960.00       2.52313E-11
   2970.00       2.59164E-11
   2980.00       2.66151E-11
   2990.00       2.73272E-11
   3000.00       2.80531E-11
   3010.00       2.87930E-11
   3020.00       2.95467E-11
   3030.00       3.03147E-11
   3040.00       3.10969E-11
   3050.00       3.18936E-11
   3060.00       3.27047E-11
   3070.00       3.35307E-11
   3080.00       3.43715E-11
   3090.00       3.52272E-11
   3100.00       3.60980E-11
   3110.00       3.69841E-11
   3120.00       3.78856E-11
   3130.00       3.88025E-11
   3140.00       3.97351E-11
   3150.00       4.06835E-11
   3160.00       4.16477E-11
   3170.00       4.26281E-11
   3180.00       4.36245E-11
   3190.00       4.46372E-11
   3200.00       4.56663E-11
   3210.00       4.67120E-11
   3220.00       4.77743E-11
   3230.00       4.88533E-11
   3240.00       4.99493E-11
   3250.00       5.10623E-11
   3260.00       5.21923E-11
   3270.00       5.33397E-11
   3280.00       5.45043E-11
   3290.00       5.56866E-11
   3300.00       5.68863E-11
   3310.00       5.81038E-11
   3320.00       5.93391E-11
   3330.00       6.05923E-11
   3340.00       6.18635E-11
   3350.00       6.31529E-11
   3360.00       6.44606E-11
   3370.00       6.57865E-11
   3380.00       6.71310E-11
   3390.00       6.84939E-11
   3400.00       6.98757E-11
   3410.00       7.12760E-11
   3420.00       7.26953E-11
   3430.00       7.41335E-11
   3440.00       7.55908E-11
   3450.00       7.70672E-11
   3460.00       7.85628E-11
   3470.00       8.00778E-11
   3480.00       8.16122E-11
   3490.00       8.31661E-11
   3500.00       8.47396E-11
   3510.00       8.63326E-11
   3520.00       8.79456E-11
   3530.00       8.95784E-11
   3540.00       9.12310E-11
   3550.00       9.29037E-11
   3560.00       9.45964E-11
   3570.00       9.63094E-11
   3580.00       9.80426E-11
   3590.00       9.97960E-11
   3600.00       1.01570E-10
   3610.00       1.03364E-10
   3620.00       1.05179E-10
   3630.00       1.07014E-10
   3640.00       1.08870E-10
   3650.00       1.10747E-10
   3660.00       1.12645E-10
   3670.00       1.14563E-10
   3680.00       1.16503E-10
   3690.00       1.18463E-10
   3700.00       1.20444E-10
   3710.00       1.22447E-10
   3720.00       1.24470E-10
   3730.00       1.26515E-10
   3740.00       1.28581E-10
   3750.00       1.30668E-10
   3760.00       1.32777E-10
   3770.00       1.34907E-10
   3780.00       1.37058E-10
   3790.00       1.39231E-10
   3800.00       1.41426E-10
   3810.00       1.43642E-10
   3820.00       1.45879E-10
   3830.00       1.48138E-10
   3840.00       1.50419E-10
   3850.00       1.52722E-10
   3860.00       1.55047E-10
   3870.00       1.57393E-10
   3880.00       1.59761E-10
   3890.00       1.62150E-10
   3900.00       1.64562E-10
   3910.00       1.66996E-10
   3920.00       1.69451E-10
   3930.00       1.71929E-10
   3940.00       1.74428E-10
   3950.00       1.76950E-10
   3960.00       1.79493E-10
   3970.00       1.82059E-10
   3980.00       1.84646E-10
   3990.00       1.87256E-10
   4000.00       1.89888E-10
   4010.00       1.92541E-10
   4020.00       1.95217E-10
   4030.00       1.97915E-10
   4040.00       2.00635E-10
   4050.00       2.03378E-10
   4060.00       2.06142E-10
   4070.00       2.08929E-10
   4080.00       2.11737E-10
   4090.00       2.14568E-10
   4100.00       2.17421E-10
   4110.00       2.20297E-10
   4120.00       2.23194E-10
   4130.00       2.26113E-10
   4140.00       2.29055E-10
   4150.00       2.32019E-10
   4160.00       2.35005E-10
   4170.00       2.38013E-10
   4180.00       2.41043E-10
   4190.00       2.44095E-10
   4200.00       2.47169E-10
   4210.00       2.50266E-10
   4220.00       2.53385E-10
   4230.00       2.56525E-10
   4240.00       2.59688E-10
   4250.00       2.62873E-10
   4260.00       2.66079E-10
   4270.00       2.69308E-10
   4280.00       2.72559E-10
   4290.00       2.75831E-10
   4300.00       2.79126E-10
   4310.00       2.82442E-10
   4320.00       2.85780E-10
   4330.00       2.89140E-10
   4340.00       2.92522E-10
   4350.00       2.95926E-10
   4360.00       2.99351E-10
   4370.00       3.02799E-10
   4380.00       3.06268E-10
   4390.00       3.09758E-10
   4400.00       3.13271E-10
   4410.00       3.16804E-10
   4420.00       3.20360E-10
   4430.00       3.23936E-10
   4440.00       3.27535E-10
   4450.00       3.31155E-10
   4460.00       3.34796E-10
   4470.00       3.38459E-10
   4480.00       3.42143E-10
   4490.00       3.45848E-10
   4500.00       3.49575E-10
   4510.00       3.53323E-10
   4520.00       3.57091E-10
   4530.00       3.60881E-10
   4540.00       3.64692E-10
   4550.00       3.68524E-10
   4560.00       3.72378E-10
   4570.00       3.76252E-10
   4580.00       3.80146E-10
   4590.00       3.84062E-10
   4600.00       3.87999E-10
   4610.00       3.91956E-10
   4620.00       3.95933E-10
   4630.00       3.99932E-10
   4640.00       4.03951E-10
   4650.00       4.07990E-10
   4660.00       4.12050E-10
   4670.00       4.16130E-10
   4680.00       4.20231E-10
   4690.00       4.24352E-10
   4700.00       4.28493E-10
   4710.00       4.32655E-10
   4720.00       4.36835E-10
   4730.00       4.41037E-10
   4740.00       4.45258E-10
   4750.00       4.49500E-10
   4760.00       4.53760E-10
   4770.00       4.58041E-10
   4780.00       4.62342E-10
   4790.00       4.66662E-10
   4800.00       4.71002E-10
   4810.00       4.75361E-10
   4820.00       4.79740E-10
   4830.00       4.84138E-10
   4840.00       4.88556E-10
   4850.00       4.92992E-10
   4860.00       4.97447E-10
   4870.00       5.01923E-10
   4880.00       5.06416E-10
   4890.00       5.10929E-10
   4900.00       5.15461E-10
   4910.00       5.20012E-10
   4920.00       5.24581E-10
   4930.00       5.29169E-10
   4940.00       5.33775E-10
   4950.00       5.38400E-10
   4960.00       5.43044E-10
   4970.00       5.47706E-10
   4980.00       5.52386E-10
   4990.00       5.57084E-10
   5000.00       5.61801E-10
   5010.00       5.66535E-10
   5020.00       5.71288E-10
   5030.00       5.76058E-10
   5040.00       5.80846E-10
   5050.00       5.85652E-10
   5060.00       5.90476E-10
   5070.00       5.95317E-10
   5080.00       6.00176E-10
   5090.00       6.05052E-10
   6000.00       1.11058E-09
   7000.00       1.75382E-09
   8000.00       2.41547E-09
   9000.00       3.04381E-09
  10000.00       3.61007E-09
