    100.00       0.00000E+00
    110.00       0.00000E+00
    120.00       0.00000E+00
    130.00       0.00000E+00
    140.00       0.00000E+00
    150.00       0.00000E+00
    160.00       0.00000E+00
    170.00       0.00000E+00
    180.00       0.00000E+00
    190.00       0.00000E+00
    200.00       0.00000E+00
    210.00       0.00000E+00
    220.00       0.00000E+00
    230.00       0.00000E+00
    240.00       0.00000E+00
    250.00       0.00000E+00
    260.00       0.00000E+00
    270.00       0.00000E+00
    280.00       0.00000E+00
    290.00       0.00000E+00
    300.00       0.00000E+00
    310.00       0.00000E+00
    320.00       0.00000E+00
    330.00       0.00000E+00
    340.00       0.00000E+00
    350.00       0.00000E+00
    360.00       0.00000E+00
    370.00       0.00000E+00
    380.00       0.00000E+00
    390.00       0.00000E+00
    400.00       0.00000E+00
    410.00       0.00000E+00
    420.00       0.00000E+00
    430.00       1.78689E-38
    440.00       9.63336E-38
    450.00       4.81551E-37
    460.00       2.24303E-36
    470.00       9.77967E-36
    480.00       4.00775E-35
    490.00       1.54966E-34
    500.00       5.67328E-34
    510.00       1.97286E-33
    520.00       6.53616E-33
    530.00       2.06874E-32
    540.00       6.27120E-32
    550.00       1.82510E-31
    560.00       5.11045E-31
    570.00       1.37962E-30
    580.00       3.59759E-30
    590.00       9.07775E-30
    600.00       2.22017E-29
    610.00       5.27101E-29
    620.00       1.21657E-28
    630.00       2.73338E-28
    640.00       5.98591E-28
    650.00       1.27922E-27
    660.00       2.67071E-27
    670.00       5.45301E-27
    680.00       1.08993E-26
    690.00       2.13460E-26
    700.00       4.09990E-26
    710.00       7.72912E-26
    720.00       1.43128E-25
    730.00       2.60538E-25
    740.00       4.66531E-25
    750.00       8.22314E-25
    760.00       1.42762E-24
    770.00       2.44270E-24
    780.00       4.12141E-24
    790.00       6.86079E-24
    800.00       1.12740E-23
    810.00       1.82963E-23
    820.00       2.93381E-23
    830.00       4.65023E-23
    840.00       7.28905E-23
    850.00       1.13029E-22
    860.00       1.73460E-22
    870.00       2.63545E-22
    880.00       3.96555E-22
    890.00       5.91140E-22
    900.00       8.73277E-22
    910.00       1.27884E-21
    920.00       1.85699E-21
    930.00       2.67455E-21
    940.00       3.82167E-21
    950.00       5.41909E-21
    960.00       7.62734E-21
    970.00       1.06586E-20
    980.00       1.47910E-20
    990.00       2.03874E-20
   1000.00       2.79176E-20
   1010.00       3.79867E-20
   1020.00       5.13696E-20
   1030.00       6.90528E-20
   1040.00       9.22843E-20
   1050.00       1.22637E-19
   1060.00       1.62082E-19
   1070.00       2.13076E-19
   1080.00       2.78662E-19
   1090.00       3.62606E-19
   1100.00       4.69532E-19
   1110.00       6.05094E-19
   1120.00       7.76189E-19
   1130.00       9.91177E-19
   1140.00       1.26016E-18
   1150.00       1.59530E-18
   1160.00       2.01118E-18
   1170.00       2.52519E-18
   1180.00       3.15804E-18
   1190.00       3.93432E-18
   1200.00       4.88304E-18
   1210.00       6.03835E-18
   1220.00       7.44034E-18
   1230.00       9.13598E-18
   1240.00       1.11800E-17
   1250.00       1.36360E-17
   1260.00       1.65777E-17
   1270.00       2.00904E-17
   1280.00       2.42725E-17
   1290.00       2.92369E-17
   1300.00       3.51130E-17
   1310.00       4.20491E-17
   1320.00       5.02139E-17
   1330.00       5.97997E-17
   1340.00       7.10249E-17
   1350.00       8.41360E-17
   1360.00       9.94119E-17
   1370.00       1.17167E-16
   1380.00       1.37755E-16
   1390.00       1.61572E-16
   1400.00       1.89062E-16
   1410.00       2.20723E-16
   1420.00       2.57106E-16
   1430.00       2.98828E-16
   1440.00       3.46574E-16
   1450.00       4.01099E-16
   1460.00       4.63246E-16
   1470.00       5.33942E-16
   1480.00       6.14206E-16
   1490.00       7.05168E-16
   1500.00       8.08060E-16
   1510.00       9.24241E-16
   1520.00       1.05520E-15
   1530.00       1.20255E-15
   1540.00       1.36809E-15
   1550.00       1.55373E-15
   1560.00       1.76159E-15
   1570.00       1.99395E-15
   1580.00       2.25329E-15
   1590.00       2.54232E-15
   1600.00       2.86395E-15
   1610.00       3.22132E-15
   1620.00       3.61785E-15
   1630.00       4.05718E-15
   1640.00       4.54328E-15
   1650.00       5.08040E-15
   1660.00       5.67310E-15
   1670.00       6.32626E-15
   1680.00       7.04515E-15
   1690.00       7.83535E-15
   1700.00       8.70287E-15
   1710.00       9.65413E-15
   1720.00       1.06960E-14
   1730.00       1.18357E-14
   1740.00       1.30810E-14
   1750.00       1.44402E-14
   1760.00       1.59220E-14
   1770.00       1.75357E-14
   1780.00       1.92912E-14
   1790.00       2.11989E-14
   1800.00       2.32699E-14
   1810.00       2.55159E-14
   1820.00       2.79492E-14
   1830.00       3.05828E-14
   1840.00       3.34305E-14
   1850.00       3.65067E-14
   1860.00       3.98268E-14
   1870.00       4.34066E-14
   1880.00       4.72631E-14
   1890.00       5.14139E-14
   1900.00       5.58776E-14
   1910.00       6.06735E-14
   1920.00       6.58221E-14
   1930.00       7.13452E-14
   1940.00       7.72643E-14
   1950.00       8.36031E-14
   1960.00       9.03861E-14
   1970.00       9.76386E-14
   1980.00       1.05387E-13
   1990.00       1.13659E-13
   2000.00       1.22484E-13
   2010.00       1.31891E-13
   2020.00       1.41912E-13
   2030.00       1.52580E-13
   2040.00       1.63927E-13
   2050.00       1.75989E-13
   2060.00       1.88803E-13
   2070.00       2.02405E-13
   2080.00       2.16835E-13
   2090.00       2.32135E-13
   2100.00       2.48344E-13
   2110.00       2.65507E-13
   2120.00       2.83669E-13
   2130.00       3.02876E-13
   2140.00       3.23176E-13
   2150.00       3.44618E-13
   2160.00       3.67253E-13
   2170.00       3.91134E-13
   2180.00       4.16316E-13
   2190.00       4.42854E-13
   2200.00       4.70806E-13
   2210.00       5.00231E-13
   2220.00       5.31190E-13
   2230.00       5.63745E-13
   2240.00       5.97963E-13
   2250.00       6.33908E-13
   2260.00       6.71648E-13
   2270.00       7.11255E-13
   2280.00       7.52798E-13
   2290.00       7.96352E-13
   2300.00       8.41993E-13
   2310.00       8.89796E-13
   2320.00       9.39844E-13
   2330.00       9.92214E-13
   2340.00       1.04699E-12
   2350.00       1.10426E-12
   2360.00       1.16411E-12
   2370.00       1.22662E-12
   2380.00       1.29189E-12
   2390.00       1.36002E-12
   2400.00       1.43109E-12
   2410.00       1.50520E-12
   2420.00       1.58245E-12
   2430.00       1.66294E-12
   2440.00       1.74678E-12
   2450.00       1.83407E-12
   2460.00       1.92490E-12
   2470.00       2.01941E-12
   2480.00       2.11769E-12
   2490.00       2.21985E-12
   2500.00       2.32602E-12
   2510.00       2.43630E-12
   2520.00       2.55082E-12
   2530.00       2.66970E-12
   2540.00       2.79305E-12
   2550.00       2.92101E-12
   2560.00       3.05370E-12
   2570.00       3.19124E-12
   2580.00       3.33378E-12
   2590.00       3.48143E-12
   2600.00       3.63434E-12
   2610.00       3.79265E-12
   2620.00       3.95648E-12
   2630.00       4.12597E-12
   2640.00       4.30128E-12
   2650.00       4.48255E-12
   2660.00       4.66990E-12
   2670.00       4.86351E-12
   2680.00       5.06352E-12
   2690.00       5.27006E-12
   2700.00       5.48332E-12
   2710.00       5.70341E-12
   2720.00       5.93053E-12
   2730.00       6.16480E-12
   2740.00       6.40642E-12
   2750.00       6.65552E-12
   2760.00       6.91226E-12
   2770.00       7.17682E-12
   2780.00       7.44935E-12
   2790.00       7.73005E-12
   2800.00       8.01905E-12
   2810.00       8.31655E-12
   2820.00       8.62273E-12
   2830.00       8.93771E-12
   2840.00       9.26172E-12
   2850.00       9.59491E-12
   2860.00       9.93746E-12
   2870.00       1.02896E-11
   2880.00       1.06514E-11
   2890.00       1.10231E-11
   2900.00       1.14050E-11
   2910.00       1.17971E-11
   2920.00       1.21996E-11
   2930.00       1.26128E-11
   2940.00       1.30369E-11
   2950.00       1.34720E-11
   2960.00       1.39182E-11
   2970.00       1.43759E-11
   2980.00       1.48453E-11
   2990.00       1.53263E-11
   3000.00       1.58194E-11
   3010.00       1.63247E-11
   3020.00       1.68423E-11
   3030.00       1.73726E-11
   3040.00       1.79155E-11
   3050.00       1.84715E-11
   3060.00       1.90406E-11
   3070.00       1.96232E-11
   3080.00       2.02193E-11
   3090.00       2.08291E-11
   3100.00       2.14530E-11
   3110.00       2.20910E-11
   3120.00       2.27434E-11
   3130.00       2.34104E-11
   3140.00       2.40922E-11
   3150.00       2.47890E-11
   3160.00       2.55010E-11
   3170.00       2.62285E-11
   3180.00       2.69715E-11
   3190.00       2.77303E-11
   3200.00       2.85052E-11
   3210.00       2.92963E-11
   3220.00       3.01039E-11
   3230.00       3.09281E-11
   3240.00       3.17692E-11
   3250.00       3.26273E-11
   3260.00       3.35027E-11
   3270.00       3.43956E-11
   3280.00       3.53061E-11
   3290.00       3.62347E-11
   3300.00       3.71812E-11
   3310.00       3.81461E-11
   3320.00       3.91295E-11
   3330.00       4.01316E-11
   3340.00       4.11527E-11
   3350.00       4.21929E-11
   3360.00       4.32525E-11
   3370.00       4.43316E-11
   3380.00       4.54305E-11
   3390.00       4.65492E-11
   3400.00       4.76883E-11
   3410.00       4.88476E-11
   3420.00       5.00276E-11
   3430.00       5.12284E-11
   3440.00       5.24501E-11
   3450.00       5.36930E-11
   3460.00       5.49573E-11
   3470.00       5.62432E-11
   3480.00       5.75509E-11
   3490.00       5.88806E-11
   3500.00       6.02325E-11
   3510.00       6.16067E-11
   3520.00       6.30036E-11
   3530.00       6.44232E-11
   3540.00       6.58659E-11
   3550.00       6.73317E-11
   3560.00       6.88209E-11
   3570.00       7.03336E-11
   3580.00       7.18701E-11
   3590.00       7.34306E-11
   3600.00       7.50153E-11
   3610.00       7.66242E-11
   3620.00       7.82577E-11
   3630.00       7.99158E-11
   3640.00       8.15990E-11
   3650.00       8.33072E-11
   3660.00       8.50407E-11
   3670.00       8.67995E-11
   3680.00       8.85841E-11
   3690.00       9.03945E-11
   3700.00       9.22309E-11
   3710.00       9.40934E-11
   3720.00       9.59824E-11
   3730.00       9.78978E-11
   3740.00       9.98401E-11
   3750.00       1.01809E-10
   3760.00       1.03805E-10
   3770.00       1.05828E-10
   3780.00       1.07879E-10
   3790.00       1.09957E-10
   3800.00       1.12063E-10
   3810.00       1.14197E-10
   3820.00       1.16359E-10
   3830.00       1.18550E-10
   3840.00       1.20768E-10
   3850.00       1.23015E-10
   3860.00       1.25291E-10
   3870.00       1.27596E-10
   3880.00       1.29930E-10
   3890.00       1.32293E-10
   3900.00       1.34685E-10
   3910.00       1.37106E-10
   3920.00       1.39558E-10
   3930.00       1.42039E-10
   3940.00       1.44550E-10
   3950.00       1.47091E-10
   3960.00       1.49662E-10
   3970.00       1.52264E-10
   3980.00       1.54896E-10
   3990.00       1.57559E-10
   4000.00       1.60252E-10
   4010.00       1.62977E-10
   4020.00       1.65732E-10
   4030.00       1.68519E-10
   4040.00       1.71337E-10
   4050.00       1.74186E-10
   4060.00       1.77067E-10
   4070.00       1.79980E-10
   4080.00       1.82924E-10
   4090.00       1.85900E-10
   4100.00       1.88909E-10
   4110.00       1.91949E-10
   4120.00       1.95022E-10
   4130.00       1.98127E-10
   4140.00       2.01264E-10
   4150.00       2.04435E-10
   4160.00       2.07637E-10
   4170.00       2.10873E-10
   4180.00       2.14142E-10
   4190.00       2.17444E-10
   4200.00       2.20778E-10
   4210.00       2.24146E-10
   4220.00       2.27548E-10
   4230.00       2.30983E-10
   4240.00       2.34451E-10
   4250.00       2.37953E-10
   4260.00       2.41488E-10
   4270.00       2.45058E-10
   4280.00       2.48661E-10
   4290.00       2.52298E-10
   4300.00       2.55970E-10
   4310.00       2.59675E-10
   4320.00       2.63414E-10
   4330.00       2.67188E-10
   4340.00       2.70997E-10
   4350.00       2.74839E-10
   4360.00       2.78716E-10
   4370.00       2.82628E-10
   4380.00       2.86575E-10
   4390.00       2.90556E-10
   4400.00       2.94572E-10
   4410.00       2.98622E-10
   4420.00       3.02708E-10
   4430.00       3.06828E-10
   4440.00       3.10984E-10
   4450.00       3.15175E-10
   4460.00       3.19400E-10
   4470.00       3.23662E-10
   4480.00       3.27958E-10
   4490.00       3.32289E-10
   4500.00       3.36656E-10
   4510.00       3.41059E-10
   4520.00       3.45496E-10
   4530.00       3.49969E-10
   4540.00       3.54478E-10
   4550.00       3.59022E-10
   4560.00       3.63602E-10
   4570.00       3.68217E-10
   4580.00       3.72868E-10
   4590.00       3.77555E-10
   4600.00       3.82277E-10
   4610.00       3.87035E-10
   4620.00       3.91829E-10
   4630.00       3.96659E-10
   4640.00       4.01524E-10
   4650.00       4.06425E-10
   4660.00       4.11362E-10
   4670.00       4.16335E-10
   4680.00       4.21344E-10
   4690.00       4.26389E-10
   4700.00       4.31470E-10
   4710.00       4.36587E-10
   4720.00       4.41738E-10
   4730.00       4.46927E-10
   4740.00       4.52151E-10
   4750.00       4.57412E-10
   4760.00       4.62708E-10
   4770.00       4.68040E-10
   4780.00       4.73409E-10
   4790.00       4.78813E-10
   4800.00       4.84253E-10
   4810.00       4.89729E-10
   4820.00       4.95241E-10
   4830.00       5.00789E-10
   4840.00       5.06373E-10
   4850.00       5.11992E-10
   4860.00       5.17648E-10
   4870.00       5.23340E-10
   4880.00       5.29067E-10
   4890.00       5.34830E-10
   4900.00       5.40629E-10
   4910.00       5.46464E-10
   4920.00       5.52334E-10
   4930.00       5.58241E-10
   4940.00       5.64183E-10
   4950.00       5.70161E-10
   4960.00       5.76175E-10
   4970.00       5.82224E-10
   4980.00       5.88309E-10
   4990.00       5.94429E-10
   5000.00       6.00585E-10
   5010.00       6.06777E-10
   5020.00       6.13004E-10
   5030.00       6.19266E-10
   5040.00       6.25564E-10
   5050.00       6.31898E-10
   5060.00       6.38266E-10
   5070.00       6.44670E-10
   5080.00       6.51109E-10
   5090.00       6.57583E-10
   6000.00       1.38492E-09
   7000.00       2.43520E-09
   8000.00       3.62882E-09
   9000.00       4.85517E-09
  10000.00       6.03500E-09
