 0.10000E+00  0.13751562E+04
 0.11000E+00  0.12480669E+04
 0.12000E+00  0.11416846E+04
 0.13000E+00  0.10510308E+04
 0.14000E+00  0.97243866E+03
 0.15000E+00  0.90301660E+03
 0.16000E+00  0.84018402E+03
 0.17000E+00  0.78099078E+03
 0.18000E+00  0.72022961E+03
 0.19000E+00  0.64102167E+03
 0.20000E+00  0.49404523E+03
 0.21000E+00  0.71866974E+03
 0.22000E+00  0.66720142E+03
 0.23000E+00  0.64900342E+03
 0.24000E+00  0.65974518E+03
 0.25000E+00  0.55402856E+03
 0.26000E+00  0.56562396E+03
 0.27000E+00  0.74137378E+03
 0.28000E+00  0.52733026E+03
 0.29000E+00  0.49731113E+03
 0.30000E+00  0.46594577E+03
 0.31000E+00  0.56780011E+03
 0.32000E+00  0.48246835E+03
 0.33000E+00  0.45378571E+03
 0.34000E+00  0.43638849E+03
 0.35000E+00  0.42726877E+03
 0.36000E+00  0.43823099E+03
 0.37000E+00  0.43644968E+03
 0.38000E+00  0.43224356E+03
 0.39000E+00  0.36354501E+03
 0.40000E+00  0.35033295E+03
 0.41000E+00  0.34194348E+03
 0.42000E+00  0.39121097E+03
 0.43000E+00  0.34933859E+03
 0.44000E+00  0.33242072E+03
 0.45000E+00  0.32222058E+03
 0.46000E+00  0.31370200E+03
 0.47000E+00  0.30593024E+03
 0.48000E+00  0.29855994E+03
 0.49000E+00  0.29137787E+03
 0.50000E+00  0.28415549E+03
 0.51000E+00  0.27648895E+03
 0.52000E+00  0.26728741E+03
 0.53000E+00  0.25142287E+03
 0.54000E+00  0.19194673E+03
 0.55000E+00  0.27362744E+03
 0.56000E+00  0.28104074E+03
 0.57000E+00  0.26254233E+03
 0.58000E+00  0.26566693E+03
 0.59000E+00  0.24867062E+03
 0.60000E+00  0.36579697E+03
 0.61000E+00  0.24952440E+03
 0.62000E+00  0.24716156E+03
 0.63000E+00  0.26387988E+03
 0.64000E+00  0.22600592E+03
 0.65000E+00  0.21948198E+03
 0.66000E+00  0.23908723E+03
 0.67000E+00  0.22134752E+03
 0.68000E+00  0.21589494E+03
 0.69000E+00  0.21128412E+03
 0.70000E+00  0.20638203E+03
 0.71000E+00  0.19923389E+03
 0.72000E+00  0.15612363E+03
 0.73000E+00  0.21171568E+03
 0.74000E+00  0.20950967E+03
 0.75000E+00  0.19960938E+03
 0.76000E+00  0.21769432E+03
 0.77000E+00  0.20388525E+03
 0.78000E+00  0.19610345E+03
 0.79000E+00  0.17954747E+03
 0.80000E+00  0.18673486E+03
 0.81000E+00  0.18193301E+03
 0.82000E+00  0.17629132E+03
 0.83000E+00  0.15731003E+03
 0.84000E+00  0.18769260E+03
 0.85000E+00  0.17099178E+03
 0.86000E+00  0.18177397E+03
 0.87000E+00  0.16725899E+03
 0.88000E+00  0.17082529E+03
 0.89000E+00  0.16525403E+03
 0.90000E+00  0.18456215E+03
 0.91000E+00  0.16984723E+03
 0.92000E+00  0.17168373E+03
 0.93000E+00  0.17345042E+03
 0.94000E+00  0.15724413E+03
 0.95000E+00  0.16539389E+03
 0.96000E+00  0.16203238E+03
 0.97000E+00  0.15707556E+03
 0.98000E+00  0.12218826E+03
 0.99000E+00  0.15742625E+03
 0.10000E+01  0.14993541E+03
 0.10100E+01  0.15043077E+03
 0.10200E+01  0.26184415E+03
 0.10300E+01  0.15342598E+03
 0.10400E+01  0.15502339E+03
 0.10500E+01  0.13221223E+03
 0.10600E+01  0.31263531E+03
 0.10700E+01  0.14572697E+03
 0.10800E+01  0.14527733E+03
 0.10900E+01  0.15914816E+03
 0.11000E+01  0.13737292E+03
 0.11100E+01  0.13531960E+03
 0.11200E+01  0.51483704E+03
 0.11300E+01  0.13042099E+03
 0.11400E+01  0.12937627E+03
 0.11500E+01  0.12834964E+03
 0.11600E+01  0.12734062E+03
 0.11700E+01  0.12634875E+03
 0.11800E+01  0.12537360E+03
 0.11900E+01  0.12441476E+03
 0.12000E+01  0.12347180E+03
 0.12100E+01  0.12254435E+03
 0.12200E+01  0.12163201E+03
 0.12300E+01  0.12073443E+03
 0.12400E+01  0.11985123E+03
 0.12500E+01  0.11898210E+03
 0.12600E+01  0.11812668E+03
 0.12700E+01  0.11728465E+03
 0.12800E+01  0.11645570E+03
 0.12900E+01  0.11563953E+03
 0.13000E+01  0.11483584E+03
 0.13100E+01  0.11404435E+03
 0.13200E+01  0.11326478E+03
 0.13300E+01  0.11249686E+03
 0.13400E+01  0.11174033E+03
 0.13500E+01  0.11099495E+03
 0.13600E+01  0.11026046E+03
 0.13700E+01  0.10953662E+03
 0.13800E+01  0.10882321E+03
 0.13900E+01  0.10812000E+03
 0.14000E+01  0.10742678E+03
 0.14100E+01  0.10674333E+03
 0.14200E+01  0.10606944E+03
 0.14300E+01  0.10540491E+03
 0.14400E+01  0.10474957E+03
 0.14500E+01  0.10410320E+03
 0.14600E+01  0.10346562E+03
 0.14700E+01  0.10283666E+03
 0.14800E+01  0.10221615E+03
 0.14900E+01  0.10160391E+03
 0.15000E+01  0.10099979E+03
 0.15100E+01  0.10040361E+03
 0.15200E+01  0.99815216E+02
 0.15300E+01  0.99234467E+02
 0.15400E+01  0.98661217E+02
 0.15500E+01  0.98095299E+02
 0.15600E+01  0.97536598E+02
 0.15700E+01  0.96984962E+02
 0.15800E+01  0.96440254E+02
 0.15900E+01  0.95902359E+02
 0.16000E+01  0.95371132E+02
 0.16100E+01  0.94846466E+02
 0.16200E+01  0.94328224E+02
 0.16300E+01  0.93816299E+02
 0.16400E+01  0.93310570E+02
 0.16500E+01  0.92810928E+02
 0.16600E+01  0.92317261E+02
 0.16700E+01  0.91829460E+02
 0.16800E+01  0.91347435E+02
 0.16900E+01  0.90871063E+02
 0.17000E+01  0.90400253E+02
 0.17100E+01  0.89934906E+02
 0.17200E+01  0.89474930E+02
 0.17300E+01  0.89020233E+02
 0.17400E+01  0.88570724E+02
 0.17500E+01  0.88126305E+02
 0.17600E+01  0.87686905E+02
 0.17700E+01  0.87252426E+02
 0.17800E+01  0.86822792E+02
 0.17900E+01  0.86397919E+02
 0.18000E+01  0.85977730E+02
 0.18100E+01  0.85562141E+02
 0.18200E+01  0.85151085E+02
 0.18300E+01  0.84744484E+02
 0.18400E+01  0.84342262E+02
 0.18500E+01  0.83944359E+02
 0.18600E+01  0.83550697E+02
 0.18700E+01  0.83161201E+02
 0.18800E+01  0.82775826E+02
 0.18900E+01  0.82394478E+02
 0.19000E+01  0.82017120E+02
 0.19100E+01  0.81643669E+02
 0.19200E+01  0.81274086E+02
 0.19300E+01  0.80908287E+02
 0.19400E+01  0.80546227E+02
 0.19500E+01  0.80187851E+02
 0.19600E+01  0.79833092E+02
 0.19700E+01  0.79481903E+02
 0.19800E+01  0.79134224E+02
 0.19900E+01  0.78790009E+02
 0.20000E+01  0.78449203E+02
 0.20100E+01  0.78111755E+02
 0.20200E+01  0.77777618E+02
 0.20300E+01  0.77446739E+02
 0.20400E+01  0.77119064E+02
 0.20500E+01  0.76794563E+02
 0.20600E+01  0.76473167E+02
 0.20700E+01  0.76154854E+02
 0.20800E+01  0.75839569E+02
 0.20900E+01  0.75527267E+02
 0.21000E+01  0.75217903E+02
 0.21100E+01  0.74911446E+02
 0.21200E+01  0.74607841E+02
 0.21300E+01  0.74307060E+02
 0.21400E+01  0.74009056E+02
 0.21500E+01  0.73713791E+02
 0.21600E+01  0.73421234E+02
 0.21700E+01  0.73131340E+02
 0.21800E+01  0.72844070E+02
 0.21900E+01  0.72559395E+02
 0.22000E+01  0.72277275E+02
 0.22100E+01  0.71997681E+02
 0.22200E+01  0.71720566E+02
 0.22300E+01  0.71445915E+02
 0.22400E+01  0.71173676E+02
 0.22500E+01  0.70903831E+02
 0.22600E+01  0.70636345E+02
 0.22700E+01  0.70371178E+02
 0.22800E+01  0.70108307E+02
 0.22900E+01  0.69847702E+02
 0.23000E+01  0.69589340E+02
 0.23100E+01  0.69333176E+02
 0.23200E+01  0.69079185E+02
 0.23300E+01  0.68827347E+02
 0.23400E+01  0.68577637E+02
 0.23500E+01  0.68330017E+02
 0.23600E+01  0.68084457E+02
 0.23700E+01  0.67840950E+02
 0.23800E+01  0.67599449E+02
 0.23900E+01  0.67359940E+02
 0.24000E+01  0.67122398E+02
 0.24100E+01  0.66886795E+02
 0.24200E+01  0.66653114E+02
 0.24300E+01  0.66421318E+02
 0.24400E+01  0.66191391E+02
 0.24500E+01  0.65963318E+02
 0.24600E+01  0.65737053E+02
 0.24700E+01  0.65512604E+02
 0.24800E+01  0.65289925E+02
 0.24900E+01  0.65069008E+02
 0.25000E+01  0.64849823E+02
 0.25100E+01  0.64632355E+02
 0.25200E+01  0.64416580E+02
 0.25300E+01  0.64202484E+02
 0.25400E+01  0.63990036E+02
 0.25500E+01  0.63779228E+02
 0.25600E+01  0.63570034E+02
 0.25700E+01  0.63362438E+02
 0.25800E+01  0.63156418E+02
 0.25900E+01  0.62951958E+02
 0.26000E+01  0.62749039E+02
 0.26100E+01  0.62547638E+02
 0.26200E+01  0.62347748E+02
 0.26300E+01  0.62149349E+02
 0.26400E+01  0.61952415E+02
 0.26500E+01  0.61756939E+02
 0.26600E+01  0.61562901E+02
 0.26700E+01  0.61370281E+02
 0.26800E+01  0.61179070E+02
 0.26900E+01  0.60989246E+02
 0.27000E+01  0.60800797E+02
 0.27100E+01  0.60613708E+02
 0.27200E+01  0.60427959E+02
 0.27300E+01  0.60243542E+02
 0.27400E+01  0.60060436E+02
 0.27500E+01  0.59878632E+02
 0.27600E+01  0.59698109E+02
 0.27700E+01  0.59518860E+02
 0.27800E+01  0.59340866E+02
 0.27900E+01  0.59164116E+02
 0.28000E+01  0.58988598E+02
 0.28100E+01  0.58814293E+02
 0.28200E+01  0.58641190E+02
 0.28300E+01  0.58469280E+02
 0.28400E+01  0.58298546E+02
 0.28500E+01  0.58128979E+02
 0.28600E+01  0.57960564E+02
 0.28700E+01  0.57793289E+02
 0.28800E+01  0.57627140E+02
 0.28900E+01  0.57462109E+02
 0.29000E+01  0.57298183E+02
 0.29100E+01  0.57135349E+02
 0.29200E+01  0.56973598E+02
 0.29300E+01  0.56812916E+02
 0.29400E+01  0.56653294E+02
 0.29500E+01  0.56494720E+02
 0.29600E+01  0.56337185E+02
 0.29700E+01  0.56180672E+02
 0.29800E+01  0.56025181E+02
 0.29900E+01  0.55870689E+02
 0.30000E+01  0.55717197E+02
 0.30100E+01  0.55564690E+02
 0.30200E+01  0.55413158E+02
 0.30300E+01  0.55262592E+02
 0.30400E+01  0.55112980E+02
 0.30500E+01  0.54964314E+02
 0.30600E+01  0.54816586E+02
 0.30700E+01  0.54669788E+02
 0.30800E+01  0.54523903E+02
 0.30900E+01  0.54378929E+02
 0.31000E+01  0.54234856E+02
 0.31100E+01  0.54091671E+02
 0.31200E+01  0.53949371E+02
 0.31300E+01  0.53807945E+02
 0.31400E+01  0.53667381E+02
 0.31500E+01  0.53527676E+02
 0.31600E+01  0.53388821E+02
 0.31700E+01  0.53250801E+02
 0.31800E+01  0.53113613E+02
 0.31900E+01  0.52977253E+02
 0.32000E+01  0.52841709E+02
 0.32100E+01  0.52706970E+02
 0.32200E+01  0.52573032E+02
 0.32300E+01  0.52439884E+02
 0.32400E+01  0.52307526E+02
 0.32500E+01  0.52175941E+02
 0.32600E+01  0.52045128E+02
 0.32700E+01  0.51915077E+02
 0.32800E+01  0.51785782E+02
 0.32900E+01  0.51657238E+02
 0.33000E+01  0.51529430E+02
 0.33100E+01  0.51402359E+02
 0.33200E+01  0.51276016E+02
 0.33300E+01  0.51150391E+02
 0.33400E+01  0.51025482E+02
 0.33500E+01  0.50901283E+02
 0.33600E+01  0.50777782E+02
 0.33700E+01  0.50654976E+02
 0.33800E+01  0.50532856E+02
 0.33900E+01  0.50411419E+02
 0.34000E+01  0.50290657E+02
 0.34100E+01  0.50170563E+02
 0.34200E+01  0.50051132E+02
 0.34300E+01  0.49932358E+02
 0.34400E+01  0.49814236E+02
 0.34500E+01  0.49696754E+02
 0.34600E+01  0.49579914E+02
 0.34700E+01  0.49463707E+02
 0.34800E+01  0.49348129E+02
 0.34900E+01  0.49233173E+02
 0.35000E+01  0.49118828E+02
 0.35100E+01  0.49005096E+02
 0.35200E+01  0.48891968E+02
 0.35300E+01  0.48779442E+02
 0.35400E+01  0.48667507E+02
 0.35500E+01  0.48556160E+02
 0.35600E+01  0.48445400E+02
 0.35700E+01  0.48335213E+02
 0.35800E+01  0.48225605E+02
 0.35900E+01  0.48116558E+02
 0.36000E+01  0.48008076E+02
 0.36100E+01  0.47900154E+02
 0.36200E+01  0.47792782E+02
 0.36300E+01  0.47685959E+02
 0.36400E+01  0.47579678E+02
 0.36500E+01  0.47473930E+02
 0.36600E+01  0.47368721E+02
 0.36700E+01  0.47264038E+02
 0.36800E+01  0.47159878E+02
 0.36900E+01  0.47056236E+02
 0.37000E+01  0.46953110E+02
 0.37100E+01  0.46850491E+02
 0.37200E+01  0.46748379E+02
 0.37300E+01  0.46646767E+02
 0.37400E+01  0.46545650E+02
 0.37500E+01  0.46445023E+02
 0.37600E+01  0.46344883E+02
 0.37700E+01  0.46245228E+02
 0.37800E+01  0.46146049E+02
 0.37900E+01  0.46047344E+02
 0.38000E+01  0.45949108E+02
 0.38100E+01  0.45851337E+02
 0.38200E+01  0.45754025E+02
 0.38300E+01  0.45657169E+02
 0.38400E+01  0.45560768E+02
 0.38500E+01  0.45464813E+02
 0.38600E+01  0.45369305E+02
 0.38700E+01  0.45274231E+02
 0.38800E+01  0.45179596E+02
 0.38900E+01  0.45085392E+02
 0.39000E+01  0.44991615E+02
 0.39100E+01  0.44898262E+02
 0.39200E+01  0.44805328E+02
 0.39300E+01  0.44712807E+02
 0.39400E+01  0.44620697E+02
 0.39500E+01  0.44528996E+02
 0.39600E+01  0.44437695E+02
 0.39700E+01  0.44346794E+02
 0.39800E+01  0.44256287E+02
 0.39900E+01  0.44166168E+02
 0.40000E+01  0.44076439E+02
 0.40100E+01  0.43987091E+02
 0.40200E+01  0.43898121E+02
 0.40300E+01  0.43809525E+02
 0.40400E+01  0.43721298E+02
 0.40500E+01  0.43633438E+02
 0.40600E+01  0.43545940E+02
 0.40700E+01  0.43458801E+02
 0.40800E+01  0.43372013E+02
 0.40900E+01  0.43285572E+02
 0.41000E+01  0.43199478E+02
 0.41100E+01  0.43113724E+02
 0.41200E+01  0.43028305E+02
 0.41300E+01  0.42943218E+02
 0.41400E+01  0.42858459E+02
 0.41500E+01  0.42774021E+02
 0.41600E+01  0.42689899E+02
 0.41700E+01  0.42606094E+02
 0.41800E+01  0.42522594E+02
 0.41900E+01  0.42439400E+02
 0.42000E+01  0.42356503E+02
 0.42100E+01  0.42273899E+02
 0.42200E+01  0.42191582E+02
 0.42300E+01  0.42109547E+02
 0.42400E+01  0.42027790E+02
 0.42500E+01  0.41946304E+02
 0.42600E+01  0.41865086E+02
 0.42700E+01  0.41784122E+02
 0.42800E+01  0.41703415E+02
 0.42900E+01  0.41622955E+02
 0.43000E+01  0.41542732E+02
 0.43100E+01  0.41462746E+02
 0.43200E+01  0.41382984E+02
 0.43300E+01  0.41303440E+02
 0.43400E+01  0.41224106E+02
 0.43500E+01  0.41144974E+02
 0.43600E+01  0.41066032E+02
 0.43700E+01  0.40987278E+02
 0.43800E+01  0.40908695E+02
 0.43900E+01  0.40830276E+02
 0.44000E+01  0.40752010E+02
 0.44100E+01  0.40673885E+02
 0.44200E+01  0.40595886E+02
 0.44300E+01  0.40518005E+02
 0.44400E+01  0.40440228E+02
 0.44500E+01  0.40362534E+02
 0.44600E+01  0.40284908E+02
 0.44700E+01  0.40207336E+02
 0.44800E+01  0.40129795E+02
 0.44900E+01  0.40052269E+02
 0.45000E+01  0.39974731E+02
 0.45100E+01  0.39897160E+02
 0.45200E+01  0.39819523E+02
 0.45300E+01  0.39741802E+02
 0.45400E+01  0.39663952E+02
 0.45500E+01  0.39585949E+02
 0.45600E+01  0.39507744E+02
 0.45700E+01  0.39429298E+02
 0.45800E+01  0.39350563E+02
 0.45900E+01  0.39271481E+02
 0.46000E+01  0.39191990E+02
 0.46100E+01  0.39112026E+02
 0.46200E+01  0.39031509E+02
 0.46300E+01  0.38950348E+02
 0.46400E+01  0.38868443E+02
 0.46500E+01  0.38785679E+02
 0.46600E+01  0.38701920E+02
 0.46700E+01  0.38617004E+02
 0.46800E+01  0.38530762E+02
 0.46900E+01  0.38442966E+02
 0.47000E+01  0.38353374E+02
 0.47100E+01  0.38261684E+02
 0.47200E+01  0.38167534E+02
 0.47300E+01  0.38070484E+02
 0.47400E+01  0.37970009E+02
 0.47500E+01  0.37865448E+02
 0.47600E+01  0.37755981E+02
 0.47700E+01  0.37640583E+02
 0.47800E+01  0.37517937E+02
 0.47900E+01  0.37386330E+02
 0.48000E+01  0.37243519E+02
 0.48100E+01  0.37086494E+02
 0.48200E+01  0.36911140E+02
 0.48300E+01  0.36711716E+02
 0.48400E+01  0.36480034E+02
 0.48500E+01  0.36204109E+02
 0.48600E+01  0.35866005E+02
 0.48700E+01  0.35438461E+02
 0.48800E+01  0.34880333E+02
 0.48900E+01  0.34134750E+02
 0.49000E+01  0.33154476E+02
 0.49100E+01  0.32063091E+02
 0.49200E+01  0.31648647E+02
 0.49300E+01  0.33138508E+02
 0.49400E+01  0.35538528E+02
 0.49500E+01  0.37086601E+02
 0.49600E+01  0.37761841E+02
 0.49700E+01  0.37992470E+02
 0.49800E+01  0.38028389E+02
 0.49900E+01  0.37981026E+02
 0.50000E+01  0.37898548E+02
