         0.76001E+02          0.68611E+01
         0.75955E+02          0.68773E+01
         0.75908E+02          0.68564E+01
         0.75862E+02          0.68541E+01
         0.75816E+02          0.68518E+01
         0.75769E+02          0.68495E+01
         0.75723E+02          0.68472E+01
         0.75677E+02          0.68449E+01
         0.75631E+02          0.68427E+01
         0.75584E+02          0.68404E+01
         0.75538E+02          0.68381E+01
         0.75492E+02          0.68359E+01
         0.75446E+02          0.68337E+01
         0.75401E+02          0.68314E+01
         0.75355E+02          0.68292E+01
         0.75309E+02          0.68270E+01
         0.75263E+02          0.68248E+01
         0.75218E+02          0.68226E+01
         0.75172E+02          0.68204E+01
         0.75126E+02          0.68182E+01
         0.75081E+02          0.68160E+01
         0.75035E+02          0.68139E+01
         0.74990E+02          0.68117E+01
         0.74945E+02          0.68096E+01
         0.74899E+02          0.68074E+01
         0.74854E+02          0.68053E+01
         0.74809E+02          0.68031E+01
         0.74764E+02          0.68010E+01
         0.74719E+02          0.67989E+01
         0.74674E+02          0.67968E+01
         0.74629E+02          0.67947E+01
         0.74584E+02          0.67926E+01
         0.74539E+02          0.67905E+01
         0.74494E+02          0.67884E+01
         0.74450E+02          0.67864E+01
         0.74405E+02          0.67843E+01
         0.74360E+02          0.67822E+01
         0.74316E+02          0.67802E+01
         0.74271E+02          0.67781E+01
         0.74227E+02          0.67761E+01
         0.74182E+02          0.67741E+01
         0.74138E+02          0.67721E+01
         0.74094E+02          0.67701E+01
         0.74050E+02          0.67681E+01
         0.74005E+02          0.67661E+01
         0.73961E+02          0.67641E+01
         0.73917E+02          0.67621E+01
         0.73873E+02          0.67602E+01
         0.73829E+02          0.67582E+01
         0.73785E+02          0.67563E+01
         0.73741E+02          0.67543E+01
         0.73697E+02          0.67524E+01
         0.73654E+02          0.67505E+01
         0.73610E+02          0.67486E+01
         0.73566E+02          0.67467E+01
         0.73523E+02          0.67448E+01
         0.73479E+02          0.67429E+01
         0.73436E+02          0.67410E+01
         0.73392E+02          0.67392E+01
         0.73349E+02          0.67373E+01
         0.73305E+02          0.67354E+01
         0.73262E+02          0.67336E+01
         0.73219E+02          0.67318E+01
         0.73175E+02          0.67300E+01
         0.73132E+02          0.67282E+01
         0.73089E+02          0.67264E+01
         0.73046E+02          0.67246E+01
         0.73003E+02          0.67228E+01
         0.72960E+02          0.67210E+01
         0.72917E+02          0.67193E+01
         0.72874E+02          0.67175E+01
         0.72832E+02          0.67158E+01
         0.72789E+02          0.67140E+01
         0.72746E+02          0.67123E+01
         0.72703E+02          0.67106E+01
         0.72661E+02          0.67089E+01
         0.72618E+02          0.67072E+01
         0.72576E+02          0.67056E+01
         0.72533E+02          0.67039E+01
         0.72491E+02          0.67022E+01
         0.72449E+02          0.67006E+01
         0.72406E+02          0.66989E+01
         0.72364E+02          0.66973E+01
         0.72322E+02          0.66957E+01
         0.72280E+02          0.66941E+01
         0.72238E+02          0.66925E+01
         0.72195E+02          0.66909E+01
         0.72153E+02          0.66893E+01
         0.72111E+02          0.66878E+01
         0.72070E+02          0.66862E+01
         0.72028E+02          0.66847E+01
         0.71986E+02          0.66831E+01
         0.71944E+02          0.66816E+01
         0.71902E+02          0.66801E+01
         0.71861E+02          0.66786E+01
         0.71819E+02          0.66771E+01
         0.71777E+02          0.66756E+01
         0.71736E+02          0.66742E+01
         0.71694E+02          0.66727E+01
         0.71653E+02          0.66713E+01
         0.71612E+02          0.66698E+01
         0.71570E+02          0.66684E+01
         0.71529E+02          0.66670E+01
         0.71488E+02          0.66655E+01
         0.71447E+02          0.66641E+01
         0.71405E+02          0.66627E+01
         0.71364E+02          0.66613E+01
         0.71323E+02          0.66600E+01
         0.71282E+02          0.66586E+01
         0.71241E+02          0.66572E+01
         0.71200E+02          0.66559E+01
         0.71160E+02          0.66545E+01
         0.71119E+02          0.66532E+01
         0.71078E+02          0.66518E+01
         0.71037E+02          0.66505E+01
         0.70997E+02          0.66492E+01
         0.70956E+02          0.66478E+01
         0.70915E+02          0.66465E+01
         0.70875E+02          0.66452E+01
         0.70834E+02          0.66438E+01
         0.70794E+02          0.66425E+01
         0.70753E+02          0.66412E+01
         0.70713E+02          0.66399E+01
         0.70673E+02          0.66385E+01
         0.70633E+02          0.66372E+01
         0.70592E+02          0.66358E+01
         0.70552E+02          0.66344E+01
         0.70512E+02          0.66330E+01
         0.70472E+02          0.66316E+01
         0.70432E+02          0.66301E+01
         0.70392E+02          0.66286E+01
         0.70352E+02          0.66271E+01
         0.70312E+02          0.66255E+01
         0.70272E+02          0.66239E+01
         0.70232E+02          0.66222E+01
         0.70193E+02          0.66204E+01
         0.70153E+02          0.66185E+01
         0.70113E+02          0.66165E+01
         0.70074E+02          0.66143E+01
         0.70034E+02          0.66119E+01
         0.69995E+02          0.66093E+01
         0.69955E+02          0.66064E+01
         0.69916E+02          0.66032E+01
         0.69876E+02          0.65994E+01
         0.69837E+02          0.65951E+01
         0.69798E+02          0.65900E+01
         0.69758E+02          0.65839E+01
         0.69719E+02          0.65764E+01
         0.69680E+02          0.65669E+01
         0.69641E+02          0.65547E+01
         0.69602E+02          0.65386E+01
         0.69563E+02          0.65165E+01
         0.69524E+02          0.64852E+01
         0.69485E+02          0.64389E+01
         0.69446E+02          0.63681E+01
         0.69407E+02          0.62565E+01
         0.69368E+02          0.60858E+01
         0.69329E+02          0.58728E+01
         0.69290E+02          0.57564E+01
         0.69252E+02          0.58724E+01
         0.69213E+02          0.60882E+01
         0.69174E+02          0.62608E+01
         0.69136E+02          0.63723E+01
         0.69097E+02          0.64421E+01
         0.69059E+02          0.64867E+01
         0.69020E+02          0.65163E+01
         0.68982E+02          0.65366E+01
         0.68944E+02          0.65511E+01
         0.68905E+02          0.65616E+01
         0.68867E+02          0.65694E+01
         0.68829E+02          0.65754E+01
         0.68791E+02          0.65800E+01
         0.68752E+02          0.65836E+01
         0.68714E+02          0.65865E+01
         0.68676E+02          0.65888E+01
         0.68638E+02          0.65906E+01
         0.68600E+02          0.65922E+01
         0.68562E+02          0.65934E+01
         0.68524E+02          0.65944E+01
         0.68487E+02          0.65953E+01
         0.68449E+02          0.65960E+01
         0.68411E+02          0.65966E+01
         0.68373E+02          0.65971E+01
         0.68336E+02          0.65975E+01
         0.68298E+02          0.65979E+01
         0.68260E+02          0.65982E+01
         0.68223E+02          0.65984E+01
         0.68185E+02          0.65986E+01
         0.68148E+02          0.65988E+01
         0.68110E+02          0.65990E+01
         0.68073E+02          0.65991E+01
         0.68036E+02          0.65993E+01
         0.67998E+02          0.65994E+01
         0.67961E+02          0.65995E+01
         0.67924E+02          0.65996E+01
         0.67887E+02          0.65997E+01
         0.67849E+02          0.65998E+01
         0.67812E+02          0.65998E+01
         0.67775E+02          0.65999E+01
         0.67738E+02          0.66000E+01
         0.67701E+02          0.66001E+01
         0.67664E+02          0.66002E+01
         0.67627E+02          0.66003E+01
         0.67591E+02          0.66004E+01
         0.67554E+02          0.66005E+01
         0.67517E+02          0.66006E+01
         0.67480E+02          0.66007E+01
         0.67443E+02          0.66008E+01
         0.67407E+02          0.66009E+01
         0.67370E+02          0.66011E+01
         0.67334E+02          0.66012E+01
         0.67297E+02          0.66013E+01
         0.67261E+02          0.66015E+01
         0.67224E+02          0.66017E+01
         0.67188E+02          0.66018E+01
         0.67151E+02          0.66020E+01
         0.67115E+02          0.66022E+01
         0.67079E+02          0.66024E+01
         0.67042E+02          0.66026E+01
         0.67006E+02          0.66028E+01
         0.66970E+02          0.66030E+01
         0.66934E+02          0.66032E+01
         0.66898E+02          0.66034E+01
         0.66862E+02          0.66037E+01
         0.66826E+02          0.66039E+01
         0.66790E+02          0.66042E+01
         0.66754E+02          0.66044E+01
         0.66718E+02          0.66047E+01
         0.66682E+02          0.66050E+01
         0.66646E+02          0.66053E+01
         0.66610E+02          0.66056E+01
         0.66574E+02          0.66059E+01
         0.66539E+02          0.66062E+01
         0.66503E+02          0.66065E+01
         0.66467E+02          0.66069E+01
         0.66432E+02          0.66072E+01
         0.66396E+02          0.66075E+01
         0.66361E+02          0.66079E+01
         0.66325E+02          0.66083E+01
         0.66290E+02          0.66086E+01
         0.66254E+02          0.66090E+01
         0.66219E+02          0.66094E+01
         0.66183E+02          0.66098E+01
         0.66148E+02          0.66102E+01
         0.66113E+02          0.66106E+01
         0.66078E+02          0.66110E+01
         0.66042E+02          0.66115E+01
         0.66007E+02          0.66119E+01
         0.65972E+02          0.66123E+01
         0.65937E+02          0.66128E+01
         0.65902E+02          0.66132E+01
         0.65867E+02          0.66137E+01
         0.65832E+02          0.66142E+01
         0.65797E+02          0.66147E+01
         0.65762E+02          0.66151E+01
         0.65727E+02          0.66156E+01
         0.65692E+02          0.66161E+01
         0.65658E+02          0.66166E+01
         0.65623E+02          0.66172E+01
         0.65588E+02          0.66177E+01
         0.65554E+02          0.66182E+01
         0.65519E+02          0.66187E+01
         0.65484E+02          0.66193E+01
         0.65450E+02          0.66198E+01
         0.65415E+02          0.66204E+01
         0.65381E+02          0.66209E+01
         0.65346E+02          0.66215E+01
         0.65312E+02          0.66221E+01
         0.65277E+02          0.66227E+01
         0.65243E+02          0.66233E+01
         0.65209E+02          0.66238E+01
         0.65175E+02          0.66244E+01
         0.65140E+02          0.66250E+01
         0.65106E+02          0.66257E+01
         0.65072E+02          0.66263E+01
         0.65038E+02          0.66269E+01
         0.65004E+02          0.66275E+01
         0.64970E+02          0.66282E+01
         0.64936E+02          0.66288E+01
         0.64902E+02          0.66294E+01
         0.64868E+02          0.66301E+01
         0.64834E+02          0.66307E+01
         0.64800E+02          0.66314E+01
         0.64766E+02          0.66321E+01
         0.64732E+02          0.66327E+01
         0.64698E+02          0.66334E+01
         0.64665E+02          0.66341E+01
         0.64631E+02          0.66348E+01
         0.64597E+02          0.66355E+01
         0.64564E+02          0.66362E+01
         0.64530E+02          0.66369E+01
         0.64496E+02          0.66376E+01
         0.64463E+02          0.66383E+01
         0.64429E+02          0.66391E+01
         0.64396E+02          0.66398E+01
         0.64363E+02          0.66405E+01
         0.64329E+02          0.66413E+01
         0.64296E+02          0.66420E+01
         0.64262E+02          0.66427E+01
         0.64229E+02          0.66435E+01
         0.64196E+02          0.66443E+01
         0.64163E+02          0.66450E+01
         0.64129E+02          0.66458E+01
         0.64096E+02          0.66466E+01
         0.64063E+02          0.66474E+01
         0.64030E+02          0.66482E+01
         0.63997E+02          0.66490E+01
         0.63964E+02          0.66498E+01
         0.63931E+02          0.66506E+01
         0.63898E+02          0.66514E+01
         0.63865E+02          0.66522E+01
         0.63832E+02          0.66531E+01
         0.63799E+02          0.66539E+01
         0.63767E+02          0.66548E+01
         0.63734E+02          0.66557E+01
         0.63701E+02          0.66565E+01
         0.63668E+02          0.66574E+01
         0.63636E+02          0.66583E+01
         0.63603E+02          0.66592E+01
         0.63570E+02          0.66601E+01
         0.63538E+02          0.66611E+01
         0.63505E+02          0.66620E+01
         0.63473E+02          0.66630E+01
         0.63440E+02          0.66639E+01
         0.63408E+02          0.66649E+01
         0.63376E+02          0.66659E+01
         0.63343E+02          0.66670E+01
         0.63311E+02          0.66680E+01
         0.63278E+02          0.66691E+01
         0.63246E+02          0.66702E+01
         0.63214E+02          0.66713E+01
         0.63182E+02          0.66725E+01
         0.63150E+02          0.66736E+01
         0.63117E+02          0.66749E+01
         0.63085E+02          0.66761E+01
         0.63053E+02          0.66774E+01
         0.63021E+02          0.66788E+01
         0.62989E+02          0.66802E+01
         0.62957E+02          0.66817E+01
         0.62925E+02          0.66832E+01
         0.62893E+02          0.66849E+01
         0.62861E+02          0.66866E+01
         0.62830E+02          0.66884E+01
         0.62798E+02          0.66904E+01
         0.62766E+02          0.66925E+01
         0.62734E+02          0.66948E+01
         0.62702E+02          0.66973E+01
         0.62671E+02          0.67000E+01
         0.62639E+02          0.67030E+01
         0.62607E+02          0.67063E+01
         0.62576E+02          0.67101E+01
         0.62544E+02          0.67143E+01
         0.62513E+02          0.67189E+01
         0.62481E+02          0.67240E+01
         0.62450E+02          0.67292E+01
         0.62418E+02          0.67333E+01
         0.62387E+02          0.67333E+01
         0.62356E+02          0.67223E+01
         0.62324E+02          0.66903E+01
         0.62293E+02          0.66419E+01
         0.62262E+02          0.66061E+01
         0.62230E+02          0.65960E+01
         0.62199E+02          0.66005E+01
         0.62168E+02          0.66095E+01
         0.62137E+02          0.66186E+01
         0.62106E+02          0.66267E+01
         0.62075E+02          0.66337E+01
         0.62044E+02          0.66396E+01
         0.62012E+02          0.66446E+01
         0.61981E+02          0.66490E+01
         0.61951E+02          0.66529E+01
         0.61920E+02          0.66563E+01
         0.61889E+02          0.66593E+01
         0.61858E+02          0.66621E+01
         0.61827E+02          0.66646E+01
         0.61796E+02          0.66669E+01
         0.61765E+02          0.66691E+01
         0.61735E+02          0.66711E+01
         0.61704E+02          0.66731E+01
         0.61673E+02          0.66749E+01
         0.61643E+02          0.66767E+01
         0.61612E+02          0.66783E+01
         0.61581E+02          0.66800E+01
         0.61551E+02          0.66815E+01
         0.61520E+02          0.66831E+01
         0.61490E+02          0.66846E+01
         0.61459E+02          0.66861E+01
         0.61429E+02          0.66875E+01
         0.61398E+02          0.66890E+01
         0.61368E+02          0.66904E+01
         0.61338E+02          0.66919E+01
         0.61307E+02          0.66933E+01
         0.61277E+02          0.66948E+01
         0.61247E+02          0.66963E+01
         0.61216E+02          0.66977E+01
         0.61186E+02          0.66992E+01
         0.61156E+02          0.67008E+01
         0.61126E+02          0.67023E+01
         0.61096E+02          0.67039E+01
         0.61066E+02          0.67056E+01
         0.61036E+02          0.67073E+01
         0.61006E+02          0.67091E+01
         0.60976E+02          0.67109E+01
         0.60946E+02          0.67129E+01
         0.60916E+02          0.67149E+01
         0.60886E+02          0.67170E+01
         0.60856E+02          0.67193E+01
         0.60826E+02          0.67217E+01
         0.60796E+02          0.67243E+01
         0.60766E+02          0.67271E+01
         0.60737E+02          0.67302E+01
         0.60707E+02          0.67335E+01
         0.60677E+02          0.67371E+01
         0.60647E+02          0.67411E+01
         0.60618E+02          0.67456E+01
         0.60588E+02          0.67506E+01
         0.60559E+02          0.67563E+01
         0.60529E+02          0.67629E+01
         0.60499E+02          0.67706E+01
         0.60470E+02          0.67796E+01
         0.60441E+02          0.67905E+01
         0.60411E+02          0.68037E+01
         0.60382E+02          0.68202E+01
         0.60352E+02          0.68413E+01
         0.60323E+02          0.68692E+01
         0.60294E+02          0.69076E+01
         0.60264E+02          0.69631E+01
         0.60235E+02          0.70488E+01
         0.60206E+02          0.71937E+01
         0.60176E+02          0.74708E+01
         0.60147E+02          0.80803E+01
         0.60118E+02          0.91833E+01
         0.60089E+02          0.83122E+01
         0.60060E+02          0.70335E+01
         0.60031E+02          0.66623E+01
         0.60002E+02          0.65415E+01
         0.59973E+02          0.64756E+01
         0.59944E+02          0.63926E+01
         0.59915E+02          0.61677E+01
         0.59886E+02          0.54235E+01
         0.59857E+02          0.65670E+01
         0.59828E+02          0.66847E+01
         0.59799E+02          0.66863E+01
         0.59770E+02          0.66810E+01
         0.59742E+02          0.66767E+01
         0.59713E+02          0.66740E+01
         0.59684E+02          0.66723E+01
         0.59655E+02          0.66713E+01
         0.59627E+02          0.66709E+01
         0.59598E+02          0.66709E+01
         0.59569E+02          0.66710E+01
         0.59541E+02          0.66714E+01
         0.59512E+02          0.66718E+01
         0.59484E+02          0.66723E+01
         0.59455E+02          0.66729E+01
         0.59427E+02          0.66735E+01
         0.59398E+02          0.66740E+01
         0.59370E+02          0.66746E+01
         0.59341E+02          0.66752E+01
         0.59313E+02          0.66758E+01
         0.59284E+02          0.66764E+01
         0.59256E+02          0.66769E+01
         0.59228E+02          0.66775E+01
         0.59200E+02          0.66780E+01
         0.59171E+02          0.66785E+01
         0.59143E+02          0.66790E+01
         0.59115E+02          0.66794E+01
         0.59087E+02          0.66799E+01
         0.59059E+02          0.66803E+01
         0.59030E+02          0.66807E+01
         0.59002E+02          0.66811E+01
         0.58974E+02          0.66814E+01
         0.58946E+02          0.66818E+01
         0.58918E+02          0.66821E+01
         0.58890E+02          0.66824E+01
         0.58862E+02          0.66826E+01
         0.58834E+02          0.66829E+01
         0.58806E+02          0.66831E+01
         0.58779E+02          0.66833E+01
         0.58751E+02          0.66835E+01
         0.58723E+02          0.66837E+01
         0.58695E+02          0.66838E+01
         0.58667E+02          0.66840E+01
         0.58640E+02          0.66841E+01
         0.58612E+02          0.66841E+01
         0.58584E+02          0.66842E+01
         0.58557E+02          0.66842E+01
         0.58529E+02          0.66842E+01
         0.58501E+02          0.66842E+01
         0.58474E+02          0.66842E+01
         0.58446E+02          0.66841E+01
         0.58419E+02          0.66840E+01
         0.58391E+02          0.66838E+01
         0.58364E+02          0.66837E+01
         0.58336E+02          0.66834E+01
         0.58309E+02          0.66832E+01
         0.58281E+02          0.66829E+01
         0.58254E+02          0.66826E+01
         0.58227E+02          0.66822E+01
         0.58199E+02          0.66818E+01
         0.58172E+02          0.66813E+01
         0.58145E+02          0.66808E+01
         0.58117E+02          0.66802E+01
         0.58090E+02          0.66796E+01
         0.58063E+02          0.66789E+01
         0.58036E+02          0.66781E+01
         0.58009E+02          0.66772E+01
         0.57981E+02          0.66763E+01
         0.57954E+02          0.66752E+01
         0.57927E+02          0.66740E+01
         0.57900E+02          0.66727E+01
         0.57873E+02          0.66713E+01
         0.57846E+02          0.66697E+01
         0.57819E+02          0.66680E+01
         0.57792E+02          0.66661E+01
         0.57765E+02          0.66639E+01
         0.57738E+02          0.66615E+01
         0.57712E+02          0.66589E+01
         0.57685E+02          0.66560E+01
         0.57658E+02          0.66527E+01
         0.57631E+02          0.66490E+01
         0.57604E+02          0.66448E+01
         0.57578E+02          0.66401E+01
         0.57551E+02          0.66347E+01
         0.57524E+02          0.66287E+01
         0.57497E+02          0.66217E+01
         0.57471E+02          0.66137E+01
         0.57444E+02          0.66044E+01
         0.57418E+02          0.65936E+01
         0.57391E+02          0.65810E+01
         0.57364E+02          0.65661E+01
         0.57338E+02          0.65483E+01
         0.57311E+02          0.65271E+01
         0.57285E+02          0.65014E+01
         0.57258E+02          0.64702E+01
         0.57232E+02          0.64320E+01
         0.57206E+02          0.63854E+01
         0.57179E+02          0.63288E+01
         0.57153E+02          0.62616E+01
         0.57127E+02          0.61856E+01
         0.57100E+02          0.61073E+01
         0.57074E+02          0.60362E+01
         0.57048E+02          0.59826E+01
         0.57021E+02          0.61745E+01
         0.56995E+02          0.62536E+01
         0.56969E+02          0.63658E+01
         0.56943E+02          0.64748E+01
         0.56917E+02          0.65654E+01
         0.56891E+02          0.66354E+01
         0.56865E+02          0.66879E+01
         0.56838E+02          0.67271E+01
         0.56812E+02          0.67568E+01
         0.56786E+02          0.67798E+01
         0.56760E+02          0.67981E+01
         0.56734E+02          0.68133E+01
         0.56708E+02          0.68263E+01
         0.56683E+02          0.68375E+01
         0.56657E+02          0.68460E+01
         0.56631E+02          0.68441E+01
         0.56605E+02          0.67570E+01
         0.56579E+02          0.65493E+01
         0.56553E+02          0.67750E+01
         0.56527E+02          0.68440E+01
         0.56502E+02          0.68813E+01
         0.56476E+02          0.69149E+01
         0.56450E+02          0.69566E+01
         0.56425E+02          0.70236E+01
         0.56399E+02          0.71717E+01
         0.56373E+02          0.77732E+01
         0.56348E+02          0.72156E+01
         0.56322E+02          0.65329E+01
         0.56296E+02          0.65246E+01
         0.56271E+02          0.64882E+01
         0.56245E+02          0.65361E+01
         0.56220E+02          0.64866E+01
         0.56194E+02          0.64212E+01
         0.56169E+02          0.63655E+01
         0.56144E+02          0.63363E+01
         0.56118E+02          0.63355E+01
         0.56093E+02          0.63544E+01
         0.56067E+02          0.63828E+01
         0.56042E+02          0.64136E+01
         0.56017E+02          0.64433E+01
         0.55991E+02          0.64702E+01
         0.55966E+02          0.64940E+01
         0.55941E+02          0.65148E+01
         0.55916E+02          0.65330E+01
         0.55890E+02          0.65489E+01
         0.55865E+02          0.65629E+01
         0.55840E+02          0.65752E+01
         0.55815E+02          0.65862E+01
         0.55790E+02          0.65960E+01
         0.55765E+02          0.66049E+01
         0.55740E+02          0.66129E+01
         0.55715E+02          0.66202E+01
         0.55690E+02          0.66269E+01
         0.55665E+02          0.66331E+01
         0.55640E+02          0.66389E+01
         0.55615E+02          0.66443E+01
         0.55590E+02          0.66495E+01
         0.55565E+02          0.66544E+01
         0.55540E+02          0.66591E+01
         0.55515E+02          0.66637E+01
         0.55490E+02          0.66683E+01
         0.55465E+02          0.66729E+01
         0.55441E+02          0.66778E+01
         0.55416E+02          0.66840E+01
         0.55391E+02          0.67257E+01
         0.55366E+02          0.66830E+01
         0.55342E+02          0.66904E+01
         0.55317E+02          0.66958E+01
         0.55292E+02          0.67009E+01
         0.55268E+02          0.67055E+01
         0.55243E+02          0.67079E+01
         0.55218E+02          0.66933E+01
         0.55194E+02          0.68058E+01
         0.55169E+02          0.67911E+01
         0.55145E+02          0.68205E+01
         0.55120E+02          0.69008E+01
         0.55096E+02          0.72412E+01
         0.55071E+02          0.62261E+01
         0.55047E+02          0.59923E+01
         0.55022E+02          0.66908E+01
         0.54998E+02          0.66672E+01
         0.54974E+02          0.69432E+01
         0.54949E+02          0.69592E+01
         0.54925E+02          0.66867E+01
         0.54901E+02          0.65386E+01
         0.54876E+02          0.65894E+01
         0.54852E+02          0.66183E+01
         0.54828E+02          0.66365E+01
         0.54803E+02          0.66494E+01
         0.54779E+02          0.66594E+01
         0.54755E+02          0.66678E+01
         0.54731E+02          0.66753E+01
         0.54707E+02          0.66826E+01
         0.54683E+02          0.66903E+01
         0.54658E+02          0.67013E+01
         0.54634E+02          0.61865E+01
         0.54610E+02          0.67004E+01
         0.54586E+02          0.67130E+01
         0.54562E+02          0.67273E+01
         0.54538E+02          0.67501E+01
         0.54514E+02          0.68043E+01
         0.54490E+02          0.72041E+01
         0.54466E+02          0.64225E+01
         0.54442E+02          0.66697E+01
         0.54419E+02          0.66767E+01
         0.54395E+02          0.67093E+01
         0.54371E+02          0.66950E+01
         0.54347E+02          0.67055E+01
         0.54323E+02          0.67154E+01
         0.54299E+02          0.67161E+01
         0.54276E+02          0.69653E+01
         0.54252E+02          0.67023E+01
         0.54228E+02          0.66746E+01
         0.54204E+02          0.67252E+01
         0.54181E+02          0.67644E+01
         0.54157E+02          0.69307E+01
         0.54133E+02          0.59012E+01
         0.54110E+02          0.66814E+01
         0.54086E+02          0.67079E+01
         0.54063E+02          0.67307E+01
         0.54039E+02          0.67665E+01
         0.54016E+02          0.69395E+01
         0.53992E+02          0.68379E+01
         0.53969E+02          0.68205E+01
         0.53945E+02          0.72213E+01
         0.53922E+02          0.67079E+01
         0.53898E+02          0.66362E+01
         0.53875E+02          0.67319E+01
         0.53851E+02          0.67783E+01
         0.53828E+02          0.67992E+01
         0.53805E+02          0.64613E+01
         0.53781E+02          0.67539E+01
         0.53758E+02          0.67896E+01
         0.53735E+02          0.68192E+01
         0.53711E+02          0.60889E+01
         0.53688E+02          0.67591E+01
         0.53665E+02          0.68877E+01
         0.53642E+02          0.68516E+01
         0.53618E+02          0.69775E+01
         0.53595E+02          0.69448E+01
         0.53572E+02          0.78031E+01
         0.53549E+02          0.81638E+01
         0.53526E+02          0.74332E+01
         0.53503E+02          0.64565E+01
         0.53480E+02          0.63881E+01
         0.53457E+02          0.64067E+01
         0.53434E+02          0.64828E+01
         0.53411E+02          0.65077E+01
         0.53388E+02          0.65301E+01
         0.53365E+02          0.65854E+01
         0.53342E+02          0.66238E+01
         0.53319E+02          0.65463E+01
         0.53296E+02          0.65366E+01
         0.53273E+02          0.67268E+01
         0.53250E+02          0.65789E+01
         0.53227E+02          0.65647E+01
         0.53204E+02          0.66315E+01
         0.53181E+02          0.65680E+01
         0.53159E+02          0.67182E+01
         0.53136E+02          0.65842E+01
         0.53113E+02          0.65683E+01
         0.53090E+02          0.66728E+01
         0.53068E+02          0.68186E+01
         0.53045E+02          0.65895E+01
         0.53022E+02          0.65916E+01
         0.53000E+02          0.65935E+01
         0.52977E+02          0.65953E+01
         0.52954E+02          0.65971E+01
         0.52932E+02          0.65912E+01
         0.52909E+02          0.65994E+01
         0.52887E+02          0.66009E+01
         0.52864E+02          0.66022E+01
         0.52841E+02          0.66034E+01
         0.52819E+02          0.66046E+01
         0.52796E+02          0.66057E+01
         0.52774E+02          0.66067E+01
         0.52752E+02          0.66076E+01
         0.52729E+02          0.66086E+01
         0.52707E+02          0.66094E+01
         0.52684E+02          0.66103E+01
         0.52662E+02          0.66111E+01
         0.52640E+02          0.66119E+01
         0.52617E+02          0.66126E+01
         0.52595E+02          0.66133E+01
         0.52573E+02          0.66141E+01
         0.52550E+02          0.66148E+01
         0.52528E+02          0.66155E+01
         0.52506E+02          0.66163E+01
         0.52484E+02          0.66173E+01
         0.52461E+02          0.66186E+01
         0.52439E+02          0.66215E+01
         0.52417E+02          0.66446E+01
         0.52395E+02          0.66111E+01
         0.52373E+02          0.66145E+01
         0.52351E+02          0.66158E+01
         0.52328E+02          0.66165E+01
         0.52306E+02          0.66169E+01
         0.52284E+02          0.66170E+01
         0.52262E+02          0.66158E+01
         0.52240E+02          0.66195E+01
         0.52218E+02          0.66185E+01
         0.52196E+02          0.66180E+01
         0.52174E+02          0.66173E+01
         0.52152E+02          0.66160E+01
         0.52130E+02          0.66133E+01
         0.52109E+02          0.66055E+01
         0.52087E+02          0.65140E+01
         0.52065E+02          0.66318E+01
         0.52043E+02          0.66264E+01
         0.52021E+02          0.66225E+01
         0.51999E+02          0.66391E+01
         0.51977E+02          0.66559E+01
         0.51956E+02          0.66399E+01
         0.51934E+02          0.66344E+01
         0.51912E+02          0.66311E+01
         0.51890E+02          0.66265E+01
         0.51869E+02          0.66257E+01
         0.51847E+02          0.66194E+01
         0.51825E+02          0.66022E+01
         0.51804E+02          0.63359E+01
         0.51782E+02          0.66784E+01
         0.51760E+02          0.66527E+01
         0.51739E+02          0.66497E+01
         0.51717E+02          0.66471E+01
         0.51696E+02          0.66448E+01
         0.51674E+02          0.66320E+01
         0.51653E+02          0.66367E+01
         0.51631E+02          0.65792E+01
         0.51610E+02          0.62728E+01
         0.51588E+02          0.65468E+01
         0.51567E+02          0.65996E+01
         0.51545E+02          0.66148E+01
         0.51524E+02          0.66215E+01
         0.51502E+02          0.66244E+01
         0.51481E+02          0.66255E+01
         0.51460E+02          0.66272E+01
         0.51438E+02          0.65742E+01
         0.51417E+02          0.65202E+01
         0.51396E+02          0.66408E+01
         0.51374E+02          0.67030E+01
         0.51353E+02          0.67167E+01
         0.51332E+02          0.66684E+01
         0.51311E+02          0.66527E+01
         0.51289E+02          0.66324E+01
         0.51268E+02          0.65007E+01
         0.51247E+02          0.65388E+01
         0.51226E+02          0.66279E+01
         0.51205E+02          0.66530E+01
         0.51184E+02          0.66585E+01
         0.51162E+02          0.66609E+01
         0.51141E+02          0.66628E+01
         0.51120E+02          0.66636E+01
         0.51099E+02          0.66595E+01
         0.51078E+02          0.66501E+01
         0.51057E+02          0.67636E+01
         0.51036E+02          0.67379E+01
         0.51015E+02          0.67448E+01
         0.50994E+02          0.67668E+01
         0.50973E+02          0.68023E+01
         0.50952E+02          0.68789E+01
         0.50931E+02          0.71705E+01
         0.50910E+02          0.63077E+01
         0.50889E+02          0.64237E+01
         0.50869E+02          0.65577E+01
         0.50848E+02          0.64557E+01
         0.50827E+02          0.65197E+01
         0.50806E+02          0.65379E+01
         0.50785E+02          0.65556E+01
         0.50764E+02          0.65526E+01
         0.50744E+02          0.65935E+01
         0.50723E+02          0.65913E+01
         0.50702E+02          0.65853E+01
         0.50681E+02          0.64499E+01
         0.50661E+02          0.66132E+01
         0.50640E+02          0.66078E+01
         0.50619E+02          0.66071E+01
         0.50599E+02          0.66319E+01
         0.50578E+02          0.66141E+01
         0.50557E+02          0.66133E+01
         0.50537E+02          0.66231E+01
         0.50516E+02          0.66164E+01
         0.50496E+02          0.66125E+01
         0.50475E+02          0.66165E+01
         0.50455E+02          0.65691E+01
         0.50434E+02          0.66038E+01
         0.50414E+02          0.64955E+01
         0.50393E+02          0.66672E+01
         0.50373E+02          0.66371E+01
         0.50352E+02          0.66465E+01
         0.50332E+02          0.66440E+01
         0.50311E+02          0.66567E+01
         0.50291E+02          0.66369E+01
         0.50270E+02          0.66204E+01
         0.50250E+02          0.64723E+01
         0.50230E+02          0.65570E+01
         0.50209E+02          0.65881E+01
         0.50189E+02          0.66021E+01
         0.50169E+02          0.66104E+01
         0.50148E+02          0.66163E+01
         0.50128E+02          0.66214E+01
         0.50108E+02          0.66261E+01
         0.50088E+02          0.66312E+01
         0.50067E+02          0.66371E+01
         0.50047E+02          0.66446E+01
         0.50027E+02          0.66552E+01
         0.50007E+02          0.66723E+01
         0.49987E+02          0.67096E+01
         0.49967E+02          0.67623E+01
         0.49946E+02          0.73531E+01
         0.49926E+02          0.64080E+01
         0.49906E+02          0.65100E+01
         0.49886E+02          0.65442E+01
         0.49866E+02          0.65611E+01
         0.49846E+02          0.65707E+01
         0.49826E+02          0.65755E+01
         0.49806E+02          0.65688E+01
         0.49786E+02          0.66210E+01
         0.49766E+02          0.66089E+01
         0.49746E+02          0.66121E+01
         0.49726E+02          0.65795E+01
         0.49706E+02          0.65953E+01
         0.49686E+02          0.66006E+01
         0.49666E+02          0.66046E+01
         0.49646E+02          0.66198E+01
         0.49627E+02          0.66071E+01
         0.49607E+02          0.66115E+01
         0.49587E+02          0.66156E+01
         0.49567E+02          0.66208E+01
         0.49547E+02          0.66282E+01
         0.49527E+02          0.66406E+01
         0.49508E+02          0.66690E+01
         0.49488E+02          0.67528E+01
         0.49468E+02          0.64062E+01
         0.49448E+02          0.65403E+01
         0.49429E+02          0.65223E+01
         0.49409E+02          0.65712E+01
         0.49389E+02          0.65812E+01
         0.49370E+02          0.65874E+01
         0.49350E+02          0.65923E+01
         0.49330E+02          0.65969E+01
         0.49311E+02          0.65973E+01
         0.49291E+02          0.66034E+01
         0.49272E+02          0.65982E+01
         0.49252E+02          0.66418E+01
         0.49232E+02          0.66726E+01
         0.49213E+02          0.62171E+01
         0.49193E+02          0.65427E+01
         0.49174E+02          0.65718E+01
         0.49154E+02          0.65834E+01
         0.49135E+02          0.66182E+01
         0.49115E+02          0.66127E+01
         0.49096E+02          0.66419E+01
         0.49077E+02          0.65821E+01
         0.49057E+02          0.67603E+01
         0.49038E+02          0.64430E+01
         0.49018E+02          0.65602E+01
         0.48999E+02          0.65761E+01
         0.48980E+02          0.65365E+01
         0.48960E+02          0.66171E+01
         0.48941E+02          0.64979E+01
         0.48922E+02          0.65637E+01
         0.48902E+02          0.64906E+01
         0.48883E+02          0.66061E+01
         0.48864E+02          0.65350E+01
         0.48845E+02          0.65735E+01
         0.48825E+02          0.66130E+01
         0.48806E+02          0.65713E+01
         0.48787E+02          0.65950E+01
         0.48768E+02          0.65702E+01
         0.48748E+02          0.65699E+01
         0.48729E+02          0.65667E+01
         0.48710E+02          0.65765E+01
         0.48691E+02          0.65930E+01
         0.48672E+02          0.65497E+01
         0.48653E+02          0.65520E+01
         0.48634E+02          0.65534E+01
         0.48615E+02          0.65830E+01
         0.48596E+02          0.65577E+01
         0.48577E+02          0.65597E+01
         0.48558E+02          0.65914E+01
         0.48539E+02          0.65380E+01
         0.48520E+02          0.63747E+01
         0.48501E+02          0.64945E+01
         0.48482E+02          0.65338E+01
         0.48463E+02          0.65366E+01
         0.48444E+02          0.65276E+01
         0.48425E+02          0.65287E+01
         0.48406E+02          0.65596E+01
         0.48387E+02          0.65603E+01
         0.48368E+02          0.65583E+01
         0.48349E+02          0.65566E+01
         0.48330E+02          0.65553E+01
         0.48312E+02          0.65544E+01
         0.48293E+02          0.65542E+01
         0.48274E+02          0.65553E+01
         0.48255E+02          0.65643E+01
         0.48236E+02          0.65287E+01
         0.48218E+02          0.65390E+01
         0.48199E+02          0.65405E+01
         0.48180E+02          0.65406E+01
         0.48161E+02          0.65403E+01
         0.48143E+02          0.65399E+01
         0.48124E+02          0.65397E+01
         0.48105E+02          0.65399E+01
         0.48087E+02          0.65422E+01
         0.48068E+02          0.65152E+01
         0.48049E+02          0.65280E+01
         0.48031E+02          0.65300E+01
         0.48012E+02          0.65303E+01
         0.47994E+02          0.65304E+01
         0.47975E+02          0.65315E+01
         0.47957E+02          0.65526E+01
         0.47938E+02          0.65212E+01
         0.47919E+02          0.65233E+01
         0.47901E+02          0.65242E+01
         0.47882E+02          0.65298E+01
         0.47864E+02          0.65161E+01
         0.47846E+02          0.65191E+01
         0.47827E+02          0.65200E+01
         0.47809E+02          0.65125E+01
         0.47790E+02          0.65154E+01
         0.47772E+02          0.65068E+01
         0.47753E+02          0.65129E+01
         0.47735E+02          0.65082E+01
         0.47717E+02          0.65019E+01
         0.47698E+02          0.64963E+01
         0.47680E+02          0.65015E+01
         0.47662E+02          0.65054E+01
         0.47643E+02          0.65120E+01
         0.47625E+02          0.64862E+01
         0.47607E+02          0.65405E+01
         0.47588E+02          0.64704E+01
         0.47570E+02          0.64773E+01
         0.47552E+02          0.64904E+01
         0.47534E+02          0.65051E+01
         0.47515E+02          0.65010E+01
         0.47497E+02          0.64983E+01
         0.47479E+02          0.64961E+01
         0.47461E+02          0.64941E+01
         0.47443E+02          0.64923E+01
         0.47425E+02          0.64906E+01
         0.47406E+02          0.64889E+01
         0.47388E+02          0.64872E+01
         0.47370E+02          0.64856E+01
         0.47352E+02          0.64839E+01
         0.47334E+02          0.64823E+01
         0.47316E+02          0.64808E+01
         0.47298E+02          0.64799E+01
         0.47280E+02          0.64744E+01
         0.47262E+02          0.64750E+01
         0.47244E+02          0.64733E+01
         0.47226E+02          0.64713E+01
         0.47208E+02          0.64691E+01
         0.47190E+02          0.64662E+01
         0.47172E+02          0.64606E+01
         0.47154E+02          0.63715E+01
         0.47136E+02          0.64267E+01
         0.47118E+02          0.64703E+01
         0.47100E+02          0.64656E+01
         0.47082E+02          0.64629E+01
         0.47065E+02          0.64606E+01
         0.47047E+02          0.64586E+01
         0.47029E+02          0.64566E+01
         0.47011E+02          0.64548E+01
         0.46993E+02          0.64543E+01
         0.46975E+02          0.64499E+01
         0.46958E+02          0.64480E+01
         0.46940E+02          0.64453E+01
         0.46922E+02          0.64399E+01
         0.46904E+02          0.64130E+01
         0.46887E+02          0.64487E+01
         0.46869E+02          0.64436E+01
         0.46851E+02          0.64408E+01
         0.46833E+02          0.64385E+01
         0.46816E+02          0.64368E+01
         0.46798E+02          0.64332E+01
         0.46780E+02          0.64304E+01
         0.46763E+02          0.64180E+01
         0.46745E+02          0.64359E+01
         0.46728E+02          0.64293E+01
         0.46710E+02          0.64264E+01
         0.46692E+02          0.64238E+01
         0.46675E+02          0.64200E+01
         0.46657E+02          0.63896E+01
         0.46640E+02          0.64207E+01
         0.46622E+02          0.64174E+01
         0.46605E+02          0.64134E+01
         0.46587E+02          0.63783E+01
         0.46570E+02          0.64123E+01
         0.46552E+02          0.64080E+01
         0.46535E+02          0.64121E+01
         0.46517E+02          0.64126E+01
         0.46500E+02          0.64097E+01
         0.46482E+02          0.64006E+01
         0.46465E+02          0.64009E+01
         0.46447E+02          0.63999E+01
         0.46430E+02          0.63976E+01
         0.46413E+02          0.63930E+01
         0.46395E+02          0.63931E+01
         0.46378E+02          0.63802E+01
         0.46361E+02          0.63892E+01
         0.46343E+02          0.63869E+01
         0.46326E+02          0.63847E+01
         0.46309E+02          0.63782E+01
         0.46291E+02          0.63762E+01
         0.46274E+02          0.63740E+01
         0.46257E+02          0.63719E+01
         0.46240E+02          0.63697E+01
         0.46222E+02          0.63674E+01
         0.46205E+02          0.63651E+01
         0.46188E+02          0.63628E+01
         0.46171E+02          0.63603E+01
         0.46153E+02          0.63578E+01
         0.46136E+02          0.63551E+01
         0.46119E+02          0.63522E+01
         0.46102E+02          0.63491E+01
         0.46085E+02          0.63456E+01
         0.46068E+02          0.63417E+01
         0.46051E+02          0.63371E+01
         0.46034E+02          0.63319E+01
         0.46016E+02          0.63284E+01
         0.45999E+02          0.63354E+01
         0.45982E+02          0.62930E+01
         0.45965E+02          0.61613E+01
         0.45948E+02          0.63685E+01
         0.45931E+02          0.63657E+01
         0.45914E+02          0.63582E+01
         0.45897E+02          0.63523E+01
         0.45880E+02          0.63476E+01
         0.45863E+02          0.63436E+01
         0.45846E+02          0.63401E+01
         0.45829E+02          0.63370E+01
         0.45812E+02          0.63340E+01
         0.45795E+02          0.63312E+01
         0.45779E+02          0.63286E+01
         0.45762E+02          0.63260E+01
         0.45745E+02          0.63235E+01
         0.45728E+02          0.63211E+01
         0.45711E+02          0.63187E+01
         0.45694E+02          0.63163E+01
         0.45677E+02          0.63140E+01
         0.45661E+02          0.63117E+01
         0.45644E+02          0.63094E+01
         0.45627E+02          0.63071E+01
         0.45610E+02          0.63049E+01
         0.45593E+02          0.63026E+01
         0.45577E+02          0.63004E+01
         0.45560E+02          0.62982E+01
         0.45543E+02          0.62959E+01
         0.45526E+02          0.62937E+01
         0.45510E+02          0.62915E+01
         0.45493E+02          0.62893E+01
         0.45476E+02          0.62871E+01
         0.45460E+02          0.62849E+01
         0.45443E+02          0.62827E+01
         0.45426E+02          0.62805E+01
         0.45410E+02          0.62783E+01
         0.45393E+02          0.62761E+01
         0.45376E+02          0.62739E+01
         0.45360E+02          0.62717E+01
         0.45343E+02          0.62695E+01
         0.45327E+02          0.62673E+01
         0.45310E+02          0.62651E+01
         0.45294E+02          0.62629E+01
         0.45277E+02          0.62607E+01
         0.45261E+02          0.62585E+01
         0.45244E+02          0.62562E+01
         0.45227E+02          0.62540E+01
         0.45211E+02          0.62518E+01
         0.45195E+02          0.62496E+01
         0.45178E+02          0.62474E+01
         0.45162E+02          0.62452E+01
         0.45145E+02          0.62430E+01
         0.45129E+02          0.62408E+01
         0.45112E+02          0.62385E+01
         0.45096E+02          0.62363E+01
         0.45079E+02          0.62341E+01
         0.45063E+02          0.62319E+01
         0.45047E+02          0.62297E+01
         0.45030E+02          0.62274E+01
         0.45014E+02          0.62252E+01
         0.44998E+02          0.62230E+01
         0.44981E+02          0.62208E+01
         0.44965E+02          0.62185E+01
         0.44949E+02          0.62163E+01
         0.44932E+02          0.62141E+01
         0.44916E+02          0.62118E+01
         0.44900E+02          0.62096E+01
         0.44884E+02          0.62074E+01
         0.44867E+02          0.62051E+01
         0.44851E+02          0.62029E+01
         0.44835E+02          0.62006E+01
         0.44819E+02          0.61984E+01
         0.44803E+02          0.61962E+01
         0.44786E+02          0.61939E+01
         0.44770E+02          0.61917E+01
         0.44754E+02          0.61894E+01
         0.44738E+02          0.61872E+01
         0.44722E+02          0.61849E+01
         0.44706E+02          0.61827E+01
         0.44690E+02          0.61804E+01
         0.44673E+02          0.61782E+01
         0.44657E+02          0.61759E+01
         0.44641E+02          0.61737E+01
         0.44625E+02          0.61714E+01
         0.44609E+02          0.61692E+01
         0.44593E+02          0.61669E+01
         0.44577E+02          0.61647E+01
         0.44561E+02          0.61624E+01
         0.44545E+02          0.61602E+01
         0.44529E+02          0.61579E+01
         0.44513E+02          0.61556E+01
         0.44497E+02          0.61534E+01
         0.44481E+02          0.61511E+01
         0.44465E+02          0.61489E+01
         0.44449E+02          0.61466E+01
         0.44433E+02          0.61444E+01
         0.44417E+02          0.61421E+01
         0.44401E+02          0.61398E+01
         0.44386E+02          0.61376E+01
         0.44370E+02          0.61353E+01
         0.44354E+02          0.61331E+01
         0.44338E+02          0.61308E+01
         0.44322E+02          0.61286E+01
         0.44306E+02          0.61263E+01
         0.44290E+02          0.61240E+01
         0.44275E+02          0.61218E+01
         0.44259E+02          0.61195E+01
         0.44243E+02          0.61173E+01
         0.44227E+02          0.61150E+01
         0.44211E+02          0.61127E+01
         0.44196E+02          0.61105E+01
         0.44180E+02          0.61082E+01
         0.44164E+02          0.61059E+01
         0.44148E+02          0.61037E+01
         0.44133E+02          0.61014E+01
         0.44117E+02          0.60991E+01
         0.44101E+02          0.60968E+01
         0.44086E+02          0.60945E+01
         0.44070E+02          0.60922E+01
         0.44054E+02          0.60899E+01
         0.44039E+02          0.60876E+01
         0.44023E+02          0.60853E+01
         0.44007E+02          0.60829E+01
         0.43992E+02          0.60806E+01
         0.43976E+02          0.60782E+01
         0.43961E+02          0.60757E+01
         0.43945E+02          0.60732E+01
         0.43929E+02          0.60707E+01
         0.43914E+02          0.60680E+01
         0.43898E+02          0.60651E+01
         0.43883E+02          0.60618E+01
         0.43867E+02          0.60589E+01
         0.43852E+02          0.60549E+01
         0.43836E+02          0.60495E+01
         0.43821E+02          0.60401E+01
         0.43805E+02          0.60090E+01
         0.43790E+02          0.60997E+01
         0.43774E+02          0.60750E+01
         0.43759E+02          0.60639E+01
         0.43743E+02          0.60582E+01
         0.43728E+02          0.60543E+01
         0.43713E+02          0.60514E+01
         0.43697E+02          0.60494E+01
         0.43682E+02          0.60483E+01
         0.43666E+02          0.60484E+01
         0.43651E+02          0.60491E+01
         0.43636E+02          0.60489E+01
         0.43620E+02          0.60470E+01
         0.43605E+02          0.60438E+01
         0.43590E+02          0.60403E+01
         0.43574E+02          0.60370E+01
         0.43559E+02          0.60339E+01
         0.43544E+02          0.60310E+01
         0.43528E+02          0.60283E+01
         0.43513E+02          0.60258E+01
         0.43498E+02          0.60234E+01
         0.43483E+02          0.60211E+01
         0.43467E+02          0.60189E+01
         0.43452E+02          0.60168E+01
         0.43437E+02          0.60147E+01
         0.43422E+02          0.60126E+01
         0.43407E+02          0.60106E+01
         0.43391E+02          0.60087E+01
         0.43376E+02          0.60067E+01
         0.43361E+02          0.60048E+01
         0.43346E+02          0.60030E+01
         0.43331E+02          0.60011E+01
         0.43316E+02          0.59993E+01
         0.43300E+02          0.59975E+01
         0.43285E+02          0.59956E+01
         0.43270E+02          0.59938E+01
         0.43255E+02          0.59913E+01
         0.43240E+02          0.59921E+01
         0.43225E+02          0.59895E+01
         0.43210E+02          0.59877E+01
         0.43195E+02          0.59859E+01
         0.43180E+02          0.59843E+01
         0.43165E+02          0.59826E+01
         0.43150E+02          0.59809E+01
         0.43135E+02          0.59791E+01
         0.43120E+02          0.59772E+01
         0.43105E+02          0.59751E+01
         0.43090E+02          0.59726E+01
         0.43075E+02          0.59692E+01
         0.43060E+02          0.59659E+01
         0.43045E+02          0.59406E+01
         0.43030E+02          0.60114E+01
         0.43015E+02          0.59874E+01
         0.43000E+02          0.59813E+01
         0.42985E+02          0.59783E+01
         0.42970E+02          0.59764E+01
         0.42955E+02          0.59750E+01
         0.42941E+02          0.59741E+01
         0.42926E+02          0.59735E+01
         0.42911E+02          0.59733E+01
         0.42896E+02          0.59734E+01
         0.42881E+02          0.59742E+01
         0.42866E+02          0.59757E+01
         0.42851E+02          0.59785E+01
         0.42837E+02          0.59832E+01
         0.42822E+02          0.59912E+01
         0.42807E+02          0.60045E+01
         0.42792E+02          0.60252E+01
         0.42778E+02          0.60604E+01
         0.42763E+02          0.61018E+01
         0.42748E+02          0.61389E+01
         0.42733E+02          0.61605E+01
         0.42719E+02          0.61702E+01
         0.42704E+02          0.61705E+01
         0.42689E+02          0.61375E+01
         0.42675E+02          0.61658E+01
         0.42660E+02          0.61364E+01
         0.42645E+02          0.61348E+01
         0.42630E+02          0.61344E+01
         0.42616E+02          0.61360E+01
         0.42601E+02          0.61397E+01
         0.42587E+02          0.61457E+01
         0.42572E+02          0.61538E+01
         0.42557E+02          0.61641E+01
         0.42543E+02          0.61800E+01
         0.42528E+02          0.61921E+01
         0.42514E+02          0.62090E+01
         0.42499E+02          0.62269E+01
         0.42484E+02          0.62287E+01
         0.42470E+02          0.63035E+01
         0.42455E+02          0.63260E+01
         0.42441E+02          0.63606E+01
         0.42426E+02          0.64016E+01
         0.42412E+02          0.64487E+01
         0.42397E+02          0.65132E+01
         0.42383E+02          0.65619E+01
         0.42368E+02          0.66257E+01
         0.42354E+02          0.67350E+01
         0.42339E+02          0.67844E+01
         0.42325E+02          0.68595E+01
         0.42310E+02          0.69310E+01
         0.42296E+02          0.69908E+01
         0.42282E+02          0.70291E+01
         0.42267E+02          0.70381E+01
         0.42253E+02          0.70121E+01
         0.42238E+02          0.68981E+01
         0.42224E+02          0.68615E+01
         0.42210E+02          0.67417E+01
         0.42195E+02          0.66219E+01
         0.42181E+02          0.65068E+01
         0.42167E+02          0.63839E+01
         0.42152E+02          0.62849E+01
         0.42138E+02          0.61898E+01
         0.42124E+02          0.60796E+01
         0.42109E+02          0.60474E+01
         0.42095E+02          0.59897E+01
         0.42081E+02          0.59430E+01
         0.42066E+02          0.58988E+01
         0.42052E+02          0.58641E+01
         0.42038E+02          0.58345E+01
         0.42024E+02          0.58089E+01
         0.42009E+02          0.57869E+01
         0.41995E+02          0.57635E+01
         0.41981E+02          0.57466E+01
         0.41967E+02          0.57317E+01
         0.41953E+02          0.57184E+01
         0.41938E+02          0.57065E+01
         0.41924E+02          0.56958E+01
         0.41910E+02          0.56861E+01
         0.41896E+02          0.56773E+01
         0.41882E+02          0.56692E+01
         0.41868E+02          0.56618E+01
         0.41853E+02          0.56553E+01
         0.41839E+02          0.56498E+01
         0.41825E+02          0.56452E+01
         0.41811E+02          0.56401E+01
         0.41797E+02          0.56340E+01
         0.41783E+02          0.56278E+01
         0.41769E+02          0.56219E+01
         0.41755E+02          0.56163E+01
         0.41741E+02          0.56108E+01
         0.41727E+02          0.56055E+01
         0.41713E+02          0.56004E+01
         0.41699E+02          0.55953E+01
         0.41685E+02          0.55903E+01
         0.41671E+02          0.55853E+01
         0.41657E+02          0.55803E+01
         0.41643E+02          0.55753E+01
         0.41629E+02          0.55703E+01
         0.41615E+02          0.55652E+01
         0.41601E+02          0.55601E+01
         0.41587E+02          0.55549E+01
         0.41573E+02          0.55496E+01
         0.41559E+02          0.55443E+01
         0.41545E+02          0.55388E+01
         0.41531E+02          0.55332E+01
         0.41517E+02          0.55275E+01
         0.41503E+02          0.55217E+01
         0.41489E+02          0.55157E+01
         0.41475E+02          0.55095E+01
         0.41461E+02          0.55031E+01
         0.41448E+02          0.54965E+01
         0.41434E+02          0.54897E+01
         0.41420E+02          0.54827E+01
         0.41406E+02          0.54754E+01
         0.41392E+02          0.54678E+01
         0.41378E+02          0.54599E+01
         0.41365E+02          0.54517E+01
         0.41351E+02          0.54430E+01
         0.41337E+02          0.54339E+01
         0.41323E+02          0.54249E+01
         0.41310E+02          0.54149E+01
         0.41296E+02          0.54046E+01
         0.41282E+02          0.53936E+01
         0.41268E+02          0.53821E+01
         0.41255E+02          0.53700E+01
         0.41241E+02          0.53572E+01
         0.41227E+02          0.53438E+01
         0.41213E+02          0.53297E+01
         0.41200E+02          0.53150E+01
         0.41186E+02          0.52998E+01
         0.41172E+02          0.52844E+01
         0.41159E+02          0.52687E+01
         0.41145E+02          0.52518E+01
         0.41131E+02          0.52295E+01
         0.41118E+02          0.52036E+01
         0.41104E+02          0.51795E+01
         0.41090E+02          0.51556E+01
         0.41077E+02          0.51301E+01
         0.41063E+02          0.51026E+01
         0.41050E+02          0.50727E+01
         0.41036E+02          0.50404E+01
         0.41022E+02          0.50057E+01
         0.41009E+02          0.49684E+01
         0.40995E+02          0.49288E+01
         0.40982E+02          0.48871E+01
         0.40968E+02          0.48438E+01
         0.40955E+02          0.47991E+01
         0.40941E+02          0.47540E+01
         0.40928E+02          0.47122E+01
         0.40914E+02          0.46805E+01
         0.40901E+02          0.46521E+01
         0.40887E+02          0.46376E+01
         0.40874E+02          0.46399E+01
         0.40860E+02          0.46616E+01
         0.40847E+02          0.47043E+01
         0.40833E+02          0.47670E+01
         0.40820E+02          0.48458E+01
         0.40806E+02          0.49367E+01
         0.40793E+02          0.50359E+01
         0.40780E+02          0.51330E+01
         0.40766E+02          0.52249E+01
         0.40753E+02          0.53083E+01
         0.40739E+02          0.53816E+01
         0.40726E+02          0.54441E+01
         0.40713E+02          0.54959E+01
         0.40699E+02          0.55374E+01
         0.40686E+02          0.55692E+01
         0.40673E+02          0.55911E+01
         0.40659E+02          0.56249E+01
         0.40646E+02          0.59166E+01
         0.40633E+02          0.58578E+01
         0.40619E+02          0.58267E+01
         0.40606E+02          0.58356E+01
         0.40593E+02          0.58664E+01
         0.40579E+02          0.59221E+01
         0.40566E+02          0.60168E+01
         0.40553E+02          0.61771E+01
         0.40540E+02          0.64323E+01
         0.40526E+02          0.67455E+01
         0.40513E+02          0.69086E+01
         0.40500E+02          0.67818E+01
         0.40487E+02          0.65394E+01
         0.40473E+02          0.63340E+01
         0.40460E+02          0.61867E+01
         0.40447E+02          0.60874E+01
         0.40434E+02          0.60159E+01
         0.40421E+02          0.59645E+01
         0.40407E+02          0.59262E+01
         0.40394E+02          0.58969E+01
         0.40381E+02          0.58724E+01
         0.40368E+02          0.58528E+01
         0.40355E+02          0.58366E+01
         0.40342E+02          0.58224E+01
         0.40329E+02          0.58102E+01
         0.40316E+02          0.57990E+01
         0.40302E+02          0.57893E+01
         0.40289E+02          0.57809E+01
         0.40276E+02          0.57737E+01
         0.40263E+02          0.57560E+01
         0.40250E+02          0.57535E+01
         0.40237E+02          0.57481E+01
         0.40224E+02          0.57423E+01
         0.40211E+02          0.57363E+01
         0.40198E+02          0.57306E+01
         0.40185E+02          0.57253E+01
         0.40172E+02          0.57198E+01
         0.40159E+02          0.57144E+01
         0.40146E+02          0.57089E+01
         0.40133E+02          0.57033E+01
         0.40120E+02          0.56974E+01
         0.40107E+02          0.56871E+01
         0.40094E+02          0.55850E+01
         0.40081E+02          0.57147E+01
         0.40068E+02          0.55287E+01
         0.40055E+02          0.56526E+01
         0.40042E+02          0.56572E+01
         0.40029E+02          0.56560E+01
         0.40016E+02          0.56562E+01
         0.40003E+02          0.56538E+01
         0.39990E+02          0.56497E+01
         0.39978E+02          0.56440E+01
         0.39965E+02          0.56343E+01
         0.39952E+02          0.56386E+01
         0.39939E+02          0.58123E+01
         0.39926E+02          0.58426E+01
         0.39913E+02          0.60886E+01
         0.39900E+02          0.67932E+01
         0.39888E+02          0.69075E+01
         0.39875E+02          0.63033E+01
         0.39862E+02          0.60101E+01
         0.39849E+02          0.58771E+01
         0.39836E+02          0.58066E+01
         0.39823E+02          0.57636E+01
         0.39811E+02          0.57349E+01
         0.39798E+02          0.57140E+01
         0.39785E+02          0.56977E+01
         0.39772E+02          0.56844E+01
         0.39760E+02          0.56729E+01
         0.39747E+02          0.56627E+01
         0.39734E+02          0.56530E+01
         0.39721E+02          0.56430E+01
         0.39709E+02          0.56294E+01
         0.39696E+02          0.56065E+01
         0.39683E+02          0.56365E+01
         0.39671E+02          0.56239E+01
         0.39658E+02          0.56145E+01
         0.39645E+02          0.56059E+01
         0.39632E+02          0.55952E+01
         0.39620E+02          0.58555E+01
         0.39607E+02          0.59098E+01
         0.39595E+02          0.70724E+01
         0.39582E+02          0.61845E+01
         0.39569E+02          0.58468E+01
         0.39557E+02          0.57428E+01
         0.39544E+02          0.56947E+01
         0.39531E+02          0.56660E+01
         0.39519E+02          0.56456E+01
         0.39506E+02          0.56285E+01
         0.39494E+02          0.56077E+01
         0.39481E+02          0.56271E+01
         0.39468E+02          0.56011E+01
         0.39456E+02          0.55869E+01
         0.39443E+02          0.55659E+01
         0.39431E+02          0.61979E+01
         0.39418E+02          0.61657E+01
         0.39406E+02          0.57571E+01
         0.39393E+02          0.56729E+01
         0.39381E+02          0.56351E+01
         0.39368E+02          0.56070E+01
         0.39356E+02          0.56077E+01
         0.39343E+02          0.55780E+01
         0.39331E+02          0.57732E+01
         0.39318E+02          0.63968E+01
         0.39306E+02          0.57076E+01
         0.39293E+02          0.56176E+01
         0.39281E+02          0.55727E+01
         0.39268E+02          0.55618E+01
         0.39256E+02          0.58794E+01
         0.39244E+02          0.57135E+01
         0.39231E+02          0.56036E+01
         0.39219E+02          0.55757E+01
         0.39206E+02          0.63281E+01
         0.39194E+02          0.56388E+01
         0.39182E+02          0.55765E+01
         0.39169E+02          0.65533E+01
         0.39157E+02          0.55785E+01
         0.39144E+02          0.70820E+01
         0.39132E+02          0.55589E+01
         0.39120E+02          0.56407E+01
         0.39107E+02          0.59152E+01
         0.39095E+02          0.58708E+01
         0.39083E+02          0.55955E+01
         0.39070E+02          0.61462E+01
         0.39058E+02          0.55773E+01
         0.39046E+02          0.55927E+01
         0.39034E+02          0.55832E+01
         0.39021E+02          0.55754E+01
         0.39009E+02          0.57088E+01
         0.38997E+02          0.57077E+01
         0.38984E+02          0.57069E+01
         0.38972E+02          0.57063E+01
         0.38960E+02          0.57060E+01
         0.38948E+02          0.56983E+01
         0.38936E+02          0.56995E+01
         0.38923E+02          0.57000E+01
         0.38911E+02          0.56944E+01
         0.38899E+02          0.56968E+01
         0.38887E+02          0.56918E+01
         0.38874E+02          0.57219E+01
         0.38862E+02          0.57218E+01
         0.38850E+02          0.57240E+01
         0.38838E+02          0.57278E+01
         0.38826E+02          0.57332E+01
         0.38814E+02          0.57404E+01
         0.38801E+02          0.57501E+01
         0.38789E+02          0.57636E+01
         0.38777E+02          0.57792E+01
         0.38765E+02          0.57993E+01
         0.38753E+02          0.58275E+01
         0.38741E+02          0.58682E+01
         0.38729E+02          0.59285E+01
         0.38717E+02          0.60260E+01
         0.38705E+02          0.62215E+01
         0.38692E+02          0.64944E+01
         0.38680E+02          0.70526E+01
         0.38668E+02          0.71868E+01
         0.38656E+02          0.62678E+01
         0.38644E+02          0.57102E+01
         0.38632E+02          0.55238E+01
         0.38620E+02          0.54531E+01
         0.38608E+02          0.54179E+01
         0.38596E+02          0.53890E+01
         0.38584E+02          0.54196E+01
         0.38572E+02          0.53498E+01
         0.38560E+02          0.53402E+01
         0.38548E+02          0.52732E+01
         0.38536E+02          0.50124E+01
         0.38524E+02          0.44325E+01
         0.38512E+02          0.51465E+01
         0.38500E+02          0.56635E+01
         0.38488E+02          0.57189E+01
         0.38476E+02          0.56765E+01
         0.38464E+02          0.56209E+01
         0.38452E+02          0.55643E+01
         0.38441E+02          0.55289E+01
         0.38429E+02          0.54547E+01
         0.38417E+02          0.52979E+01
         0.38405E+02          0.50079E+01
         0.38393E+02          0.45331E+01
         0.38381E+02          0.41243E+01
         0.38369E+02          0.43075E+01
         0.38357E+02          0.47483E+01
         0.38345E+02          0.50337E+01
         0.38334E+02          0.52135E+01
         0.38322E+02          0.53251E+01
         0.38310E+02          0.53960E+01
         0.38298E+02          0.54358E+01
         0.38286E+02          0.54832E+01
         0.38274E+02          0.55038E+01
         0.38263E+02          0.55190E+01
         0.38251E+02          0.55206E+01
         0.38239E+02          0.55287E+01
         0.38227E+02          0.55407E+01
         0.38215E+02          0.55664E+01
         0.38204E+02          0.55585E+01
         0.38192E+02          0.55527E+01
         0.38180E+02          0.55579E+01
         0.38168E+02          0.55658E+01
         0.38157E+02          0.55765E+01
         0.38145E+02          0.55883E+01
         0.38133E+02          0.55966E+01
         0.38121E+02          0.55980E+01
         0.38110E+02          0.55944E+01
         0.38098E+02          0.55825E+01
         0.38086E+02          0.55912E+01
         0.38075E+02          0.55864E+01
         0.38063E+02          0.55833E+01
         0.38051E+02          0.55809E+01
         0.38040E+02          0.55789E+01
         0.38028E+02          0.55801E+01
         0.38016E+02          0.55779E+01
         0.38005E+02          0.55771E+01
         0.37993E+02          0.55766E+01
         0.37981E+02          0.55775E+01
         0.37970E+02          0.55776E+01
         0.37958E+02          0.55784E+01
         0.37946E+02          0.55808E+01
         0.37935E+02          0.55846E+01
         0.37923E+02          0.55875E+01
         0.37912E+02          0.55898E+01
         0.37900E+02          0.55952E+01
         0.37888E+02          0.56033E+01
         0.37877E+02          0.56122E+01
         0.37865E+02          0.56270E+01
         0.37854E+02          0.56596E+01
         0.37842E+02          0.57216E+01
         0.37831E+02          0.58684E+01
         0.37819E+02          0.61048E+01
         0.37796E+02          0.54447E+01
         0.37785E+02          0.53759E+01
         0.37773E+02          0.53709E+01
         0.37762E+02          0.53623E+01
         0.37750E+02          0.53384E+01
         0.37739E+02          0.52851E+01
         0.37727E+02          0.52119E+01
         0.37716E+02          0.51386E+01
         0.37704E+02          0.45162E+01
         0.37693E+02          0.40943E+01
         0.37681E+02          0.48308E+01
         0.37670E+02          0.52124E+01
         0.37658E+02          0.53464E+01
         0.37647E+02          0.54062E+01
         0.37635E+02          0.54365E+01
         0.37624E+02          0.54537E+01
         0.37613E+02          0.54642E+01
         0.37601E+02          0.54711E+01
         0.37590E+02          0.54758E+01
         0.37578E+02          0.54792E+01
         0.37567E+02          0.54819E+01
         0.37556E+02          0.54850E+01
         0.37544E+02          0.54916E+01
         0.37533E+02          0.54915E+01
         0.37522E+02          0.54909E+01
         0.37510E+02          0.54919E+01
         0.37499E+02          0.54962E+01
         0.37487E+02          0.53837E+01
         0.37476E+02          0.55142E+01
         0.37465E+02          0.55420E+01
         0.37454E+02          0.56048E+01
         0.37442E+02          0.58666E+01
         0.37431E+02          0.56901E+01
         0.37420E+02          0.52683E+01
         0.37408E+02          0.52739E+01
         0.37397E+02          0.52126E+01
         0.37386E+02          0.51771E+01
         0.37374E+02          0.40424E+01
         0.37363E+02          0.50530E+01
         0.37352E+02          0.53327E+01
         0.37341E+02          0.53951E+01
         0.37329E+02          0.54100E+01
         0.37318E+02          0.54206E+01
         0.37307E+02          0.54095E+01
         0.37296E+02          0.54356E+01
         0.37285E+02          0.54424E+01
         0.37273E+02          0.54499E+01
         0.37262E+02          0.54768E+01
         0.37251E+02          0.55134E+01
         0.37240E+02          0.58096E+01
         0.37229E+02          0.52008E+01
         0.37217E+02          0.52019E+01
         0.37206E+02          0.50788E+01
         0.37195E+02          0.48472E+01
         0.37184E+02          0.53374E+01
         0.37173E+02          0.53849E+01
         0.37162E+02          0.53999E+01
         0.37151E+02          0.54131E+01
         0.37139E+02          0.54173E+01
         0.37128E+02          0.54704E+01
         0.37117E+02          0.66320E+01
         0.37106E+02          0.51476E+01
         0.37095E+02          0.40182E+01
         0.37084E+02          0.53186E+01
         0.37073E+02          0.53730E+01
         0.37062E+02          0.53905E+01
         0.37051E+02          0.54201E+01
         0.37040E+02          0.51085E+01
         0.37028E+02          0.41709E+01
         0.37017E+02          0.53167E+01
         0.37006E+02          0.52845E+01
         0.36995E+02          0.54215E+01
         0.36984E+02          0.51726E+01
         0.36973E+02          0.53063E+01
         0.36962E+02          0.53586E+01
         0.36951E+02          0.51422E+01
         0.36940E+02          0.53278E+01
         0.36929E+02          0.54096E+01
         0.36918E+02          0.52430E+01
         0.36907E+02          0.54748E+01
         0.36896E+02          0.53361E+01
         0.36885E+02          0.52338E+01
         0.36874E+02          0.48653E+01
         0.36863E+02          0.53187E+01
         0.36852E+02          0.51197E+01
         0.36841E+02          0.51120E+01
         0.36830E+02          0.49699E+01
         0.36820E+02          0.49648E+01
         0.36809E+02          0.50466E+01
         0.36798E+02          0.51497E+01
         0.36787E+02          0.51478E+01
         0.36776E+02          0.51438E+01
         0.36765E+02          0.51419E+01
         0.36754E+02          0.51414E+01
         0.36743E+02          0.51355E+01
         0.36732E+02          0.51349E+01
         0.36721E+02          0.51351E+01
         0.36711E+02          0.51317E+01
         0.36700E+02          0.51222E+01
         0.36689E+02          0.51113E+01
         0.36678E+02          0.51032E+01
         0.36667E+02          0.50980E+01
         0.36656E+02          0.50944E+01
         0.36645E+02          0.50926E+01
         0.36635E+02          0.50828E+01
         0.36624E+02          0.50829E+01
         0.36613E+02          0.50806E+01
         0.36602E+02          0.50779E+01
         0.36591E+02          0.50751E+01
         0.36581E+02          0.50723E+01
         0.36570E+02          0.50694E+01
         0.36559E+02          0.50664E+01
         0.36548E+02          0.50635E+01
         0.36537E+02          0.50605E+01
         0.36527E+02          0.50575E+01
         0.36516E+02          0.50547E+01
         0.36505E+02          0.50522E+01
         0.36494E+02          0.50468E+01
         0.36484E+02          0.50361E+01
         0.36473E+02          0.50508E+01
         0.36462E+02          0.50427E+01
         0.36451E+02          0.50388E+01
         0.36441E+02          0.50357E+01
         0.36430E+02          0.50335E+01
         0.36419E+02          0.50315E+01
         0.36409E+02          0.50175E+01
         0.36398E+02          0.50170E+01
         0.36387E+02          0.50150E+01
         0.36377E+02          0.50123E+01
         0.36366E+02          0.50095E+01
         0.36355E+02          0.50065E+01
         0.36345E+02          0.50035E+01
         0.36334E+02          0.50006E+01
         0.36323E+02          0.49979E+01
         0.36313E+02          0.49979E+01
         0.36302E+02          0.49891E+01
         0.36291E+02          0.49872E+01
         0.36281E+02          0.49845E+01
         0.36270E+02          0.49819E+01
         0.36260E+02          0.49792E+01
         0.36249E+02          0.49756E+01
         0.36238E+02          0.49573E+01
         0.36228E+02          0.49513E+01
         0.36217E+02          0.49441E+01
         0.36207E+02          0.49316E+01
         0.36196E+02          0.49458E+01
         0.36186E+02          0.49493E+01
         0.36175E+02          0.49357E+01
         0.36164E+02          0.49286E+01
         0.36154E+02          0.49321E+01
         0.36143E+02          0.49341E+01
         0.36133E+02          0.49669E+01
         0.36122E+02          0.49226E+01
         0.36112E+02          0.49225E+01
         0.36101E+02          0.49221E+01
         0.36091E+02          0.49137E+01
         0.36080E+02          0.49125E+01
         0.36070E+02          0.48917E+01
         0.36059E+02          0.48896E+01
         0.36049E+02          0.48874E+01
         0.36038E+02          0.48864E+01
         0.36028E+02          0.48890E+01
         0.36017E+02          0.48803E+01
         0.36007E+02          0.48789E+01
         0.35996E+02          0.48700E+01
         0.35986E+02          0.48701E+01
         0.35976E+02          0.48703E+01
         0.35965E+02          0.48573E+01
         0.35955E+02          0.48574E+01
         0.35944E+02          0.48540E+01
         0.35934E+02          0.48549E+01
         0.35923E+02          0.48488E+01
         0.35913E+02          0.48483E+01
         0.35903E+02          0.48446E+01
         0.35892E+02          0.48453E+01
         0.35882E+02          0.48476E+01
         0.35871E+02          0.48251E+01
         0.35861E+02          0.48037E+01
         0.35851E+02          0.48203E+01
         0.35840E+02          0.48293E+01
         0.35830E+02          0.48231E+01
         0.35820E+02          0.48177E+01
         0.35809E+02          0.48266E+01
         0.35799E+02          0.48129E+01
         0.35789E+02          0.47980E+01
         0.35778E+02          0.47897E+01
         0.35768E+02          0.47843E+01
         0.35758E+02          0.47794E+01
         0.35747E+02          0.47748E+01
         0.35737E+02          0.47708E+01
         0.35727E+02          0.47664E+01
         0.35716E+02          0.47620E+01
         0.35706E+02          0.47577E+01
         0.35696E+02          0.47532E+01
         0.35686E+02          0.47473E+01
         0.35675E+02          0.47473E+01
         0.35665E+02          0.47479E+01
         0.35655E+02          0.47441E+01
         0.35645E+02          0.47471E+01
         0.35634E+02          0.47308E+01
         0.35624E+02          0.47268E+01
         0.35614E+02          0.47231E+01
         0.35604E+02          0.47189E+01
         0.35593E+02          0.47142E+01
         0.35583E+02          0.47090E+01
         0.35573E+02          0.46976E+01
         0.35563E+02          0.47054E+01
         0.35553E+02          0.46998E+01
         0.35542E+02          0.46858E+01
         0.35532E+02          0.46806E+01
         0.35522E+02          0.46756E+01
         0.35512E+02          0.46703E+01
         0.35502E+02          0.46464E+01
         0.35492E+02          0.46623E+01
         0.35481E+02          0.46519E+01
         0.35471E+02          0.46475E+01
         0.35461E+02          0.46424E+01
         0.35451E+02          0.46414E+01
         0.35441E+02          0.46295E+01
         0.35431E+02          0.46251E+01
         0.35421E+02          0.46118E+01
         0.35410E+02          0.46119E+01
         0.35400E+02          0.46070E+01
         0.35390E+02          0.46138E+01
         0.35380E+02          0.45897E+01
         0.35370E+02          0.45841E+01
         0.35360E+02          0.45835E+01
         0.35350E+02          0.45768E+01
         0.35340E+02          0.45733E+01
         0.35330E+02          0.45665E+01
         0.35320E+02          0.45624E+01
         0.35310E+02          0.45575E+01
         0.35300E+02          0.45543E+01
         0.35289E+02          0.45396E+01
         0.35279E+02          0.45346E+01
         0.35269E+02          0.45306E+01
         0.35259E+02          0.45258E+01
         0.35249E+02          0.45216E+01
         0.35239E+02          0.45190E+01
         0.35229E+02          0.44968E+01
         0.35219E+02          0.45045E+01
         0.35209E+02          0.44906E+01
         0.35199E+02          0.44815E+01
         0.35189E+02          0.44732E+01
         0.35179E+02          0.44650E+01
         0.35169E+02          0.44566E+01
         0.35159E+02          0.44481E+01
         0.35149E+02          0.44392E+01
         0.35139E+02          0.44299E+01
         0.35129E+02          0.44202E+01
         0.35120E+02          0.44099E+01
         0.35110E+02          0.43991E+01
         0.35100E+02          0.43874E+01
         0.35090E+02          0.43749E+01
         0.35080E+02          0.43613E+01
         0.35070E+02          0.43462E+01
         0.35060E+02          0.43293E+01
         0.35050E+02          0.43098E+01
         0.35040E+02          0.42867E+01
         0.35030E+02          0.42578E+01
         0.35020E+02          0.42194E+01
         0.35010E+02          0.41895E+01
         0.35001E+02          0.41505E+01
         0.34991E+02          0.41037E+01
         0.34981E+02          0.40797E+01
         0.34971E+02          0.41598E+01
         0.34961E+02          0.43405E+01
         0.34951E+02          0.45435E+01
         0.34941E+02          0.46451E+01
         0.34932E+02          0.46943E+01
         0.34922E+02          0.46677E+01
         0.34912E+02          0.46257E+01
         0.34902E+02          0.45854E+01
         0.34892E+02          0.45503E+01
         0.34882E+02          0.45200E+01
         0.34873E+02          0.44936E+01
         0.34863E+02          0.44699E+01
         0.34853E+02          0.44474E+01
         0.34843E+02          0.44215E+01
         0.34833E+02          0.44110E+01
         0.34824E+02          0.43969E+01
         0.34814E+02          0.43770E+01
         0.34804E+02          0.43613E+01
         0.34794E+02          0.43546E+01
         0.34785E+02          0.44075E+01
         0.34775E+02          0.44185E+01
         0.34765E+02          0.43956E+01
         0.34755E+02          0.43751E+01
         0.34746E+02          0.43580E+01
         0.34736E+02          0.43388E+01
         0.34726E+02          0.43400E+01
         0.34716E+02          0.43276E+01
         0.34707E+02          0.43288E+01
         0.34697E+02          0.43159E+01
         0.34687E+02          0.43123E+01
         0.34678E+02          0.43012E+01
         0.34668E+02          0.42802E+01
         0.34658E+02          0.42760E+01
         0.34648E+02          0.42698E+01
         0.34639E+02          0.42483E+01
         0.34629E+02          0.42383E+01
         0.34619E+02          0.42185E+01
         0.34610E+02          0.42253E+01
         0.34600E+02          0.42132E+01
         0.34590E+02          0.42035E+01
         0.34581E+02          0.41976E+01
         0.34571E+02          0.41890E+01
         0.34562E+02          0.41779E+01
         0.34552E+02          0.41705E+01
         0.34542E+02          0.41657E+01
         0.34533E+02          0.41495E+01
         0.34523E+02          0.41408E+01
         0.34513E+02          0.41316E+01
         0.34504E+02          0.41207E+01
         0.34494E+02          0.41140E+01
         0.34485E+02          0.41042E+01
         0.34475E+02          0.40910E+01
         0.34465E+02          0.40883E+01
         0.34456E+02          0.40767E+01
         0.34446E+02          0.40699E+01
         0.34437E+02          0.40613E+01
         0.34427E+02          0.40526E+01
         0.34418E+02          0.40439E+01
         0.34408E+02          0.40350E+01
         0.34398E+02          0.40260E+01
         0.34389E+02          0.40169E+01
         0.34379E+02          0.40076E+01
         0.34370E+02          0.39982E+01
         0.34360E+02          0.39886E+01
         0.34351E+02          0.39789E+01
         0.34341E+02          0.39690E+01
         0.34332E+02          0.39589E+01
         0.34322E+02          0.39487E+01
         0.34313E+02          0.39384E+01
         0.34303E+02          0.39280E+01
         0.34294E+02          0.39174E+01
         0.34284E+02          0.39067E+01
         0.34275E+02          0.38959E+01
         0.34265E+02          0.38850E+01
         0.34256E+02          0.38739E+01
         0.34246E+02          0.38626E+01
         0.76470E+02          0.00000E+00
