         0.76001E+02          0.00000E+00
         0.75955E+02          0.00000E+00
         0.75908E+02          0.00000E+00
         0.75862E+02          0.00000E+00
         0.75816E+02          0.00000E+00
         0.75769E+02          0.00000E+00
         0.75723E+02          0.00000E+00
         0.75677E+02          0.00000E+00
         0.75631E+02          0.00000E+00
         0.75584E+02          0.00000E+00
         0.75538E+02          0.00000E+00
         0.75492E+02          0.00000E+00
         0.75446E+02          0.00000E+00
         0.75401E+02          0.00000E+00
         0.75355E+02          0.00000E+00
         0.75309E+02          0.00000E+00
         0.75263E+02          0.00000E+00
         0.75218E+02          0.00000E+00
         0.75172E+02          0.00000E+00
         0.75126E+02          0.00000E+00
         0.75081E+02          0.00000E+00
         0.75035E+02          0.00000E+00
         0.74990E+02          0.00000E+00
         0.74945E+02          0.00000E+00
         0.74899E+02          0.00000E+00
         0.74854E+02          0.00000E+00
         0.74809E+02          0.00000E+00
         0.74764E+02          0.00000E+00
         0.74719E+02          0.00000E+00
         0.74674E+02          0.00000E+00
         0.74629E+02          0.00000E+00
         0.74584E+02          0.00000E+00
         0.74539E+02          0.00000E+00
         0.74494E+02          0.00000E+00
         0.74450E+02          0.00000E+00
         0.74405E+02          0.00000E+00
         0.74360E+02          0.00000E+00
         0.74316E+02          0.00000E+00
         0.74271E+02          0.00000E+00
         0.74227E+02          0.00000E+00
         0.74182E+02          0.00000E+00
         0.74138E+02          0.00000E+00
         0.74094E+02          0.00000E+00
         0.74050E+02          0.00000E+00
         0.74005E+02          0.00000E+00
         0.73961E+02          0.00000E+00
         0.73917E+02          0.00000E+00
         0.73873E+02          0.00000E+00
         0.73829E+02          0.00000E+00
         0.73785E+02          0.00000E+00
         0.73741E+02          0.00000E+00
         0.73697E+02          0.00000E+00
         0.73654E+02          0.00000E+00
         0.73610E+02          0.00000E+00
         0.73566E+02          0.00000E+00
         0.73523E+02          0.00000E+00
         0.73479E+02          0.00000E+00
         0.73436E+02          0.00000E+00
         0.73392E+02          0.00000E+00
         0.73349E+02          0.00000E+00
         0.73305E+02          0.00000E+00
         0.73262E+02          0.00000E+00
         0.73219E+02          0.00000E+00
         0.73175E+02          0.00000E+00
         0.73132E+02          0.00000E+00
         0.73089E+02          0.00000E+00
         0.73046E+02          0.00000E+00
         0.73003E+02          0.00000E+00
         0.72960E+02          0.00000E+00
         0.72917E+02          0.00000E+00
         0.72874E+02          0.00000E+00
         0.72832E+02          0.00000E+00
         0.72789E+02          0.00000E+00
         0.72746E+02          0.00000E+00
         0.72703E+02          0.00000E+00
         0.72661E+02          0.00000E+00
         0.72618E+02          0.00000E+00
         0.72576E+02          0.00000E+00
         0.72533E+02          0.00000E+00
         0.72491E+02          0.00000E+00
         0.72449E+02          0.00000E+00
         0.72406E+02          0.00000E+00
         0.72364E+02          0.00000E+00
         0.72322E+02          0.00000E+00
         0.72280E+02          0.00000E+00
         0.72238E+02          0.00000E+00
         0.72195E+02          0.00000E+00
         0.72153E+02          0.00000E+00
         0.72111E+02          0.00000E+00
         0.72070E+02          0.00000E+00
         0.72028E+02          0.00000E+00
         0.71986E+02          0.00000E+00
         0.71944E+02          0.00000E+00
         0.71902E+02          0.00000E+00
         0.71861E+02          0.00000E+00
         0.71819E+02          0.00000E+00
         0.71777E+02          0.00000E+00
         0.71736E+02          0.00000E+00
         0.71694E+02          0.00000E+00
         0.71653E+02          0.00000E+00
         0.71612E+02          0.00000E+00
         0.71570E+02          0.00000E+00
         0.71529E+02          0.00000E+00
         0.71488E+02          0.00000E+00
         0.71447E+02          0.00000E+00
         0.71405E+02          0.00000E+00
         0.71364E+02          0.00000E+00
         0.71323E+02          0.00000E+00
         0.71282E+02          0.00000E+00
         0.71241E+02          0.00000E+00
         0.71200E+02          0.00000E+00
         0.71160E+02          0.00000E+00
         0.71119E+02          0.00000E+00
         0.71078E+02          0.00000E+00
         0.71037E+02          0.00000E+00
         0.70997E+02          0.00000E+00
         0.70956E+02          0.00000E+00
         0.70915E+02          0.00000E+00
         0.70875E+02          0.00000E+00
         0.70834E+02          0.00000E+00
         0.70794E+02          0.00000E+00
         0.70753E+02          0.00000E+00
         0.70713E+02          0.00000E+00
         0.70673E+02          0.00000E+00
         0.70633E+02          0.00000E+00
         0.70592E+02          0.00000E+00
         0.70552E+02          0.00000E+00
         0.70512E+02          0.00000E+00
         0.70472E+02          0.00000E+00
         0.70432E+02          0.00000E+00
         0.70392E+02          0.00000E+00
         0.70352E+02          0.00000E+00
         0.70312E+02          0.00000E+00
         0.70272E+02          0.00000E+00
         0.70232E+02          0.00000E+00
         0.70193E+02          0.00000E+00
         0.70153E+02          0.00000E+00
         0.70113E+02          0.00000E+00
         0.70074E+02          0.00000E+00
         0.70034E+02          0.00000E+00
         0.69995E+02          0.00000E+00
         0.69955E+02          0.00000E+00
         0.69916E+02          0.00000E+00
         0.69876E+02          0.00000E+00
         0.69837E+02          0.00000E+00
         0.69798E+02          0.00000E+00
         0.69758E+02          0.00000E+00
         0.69719E+02          0.00000E+00
         0.69680E+02          0.00000E+00
         0.69641E+02          0.00000E+00
         0.69602E+02          0.00000E+00
         0.69563E+02          0.00000E+00
         0.69524E+02          0.00000E+00
         0.69485E+02          0.00000E+00
         0.69446E+02          0.00000E+00
         0.69407E+02          0.00000E+00
         0.69368E+02          0.00000E+00
         0.69329E+02          0.00000E+00
         0.69290E+02          0.00000E+00
         0.69252E+02          0.00000E+00
         0.69213E+02          0.00000E+00
         0.69174E+02          0.00000E+00
         0.69136E+02          0.00000E+00
         0.69097E+02          0.00000E+00
         0.69059E+02          0.00000E+00
         0.69020E+02          0.00000E+00
         0.68982E+02          0.00000E+00
         0.68944E+02          0.00000E+00
         0.68905E+02          0.00000E+00
         0.68867E+02          0.00000E+00
         0.68829E+02          0.00000E+00
         0.68791E+02          0.00000E+00
         0.68752E+02          0.00000E+00
         0.68714E+02          0.00000E+00
         0.68676E+02          0.00000E+00
         0.68638E+02          0.00000E+00
         0.68600E+02          0.00000E+00
         0.68562E+02          0.00000E+00
         0.68524E+02          0.00000E+00
         0.68487E+02          0.00000E+00
         0.68449E+02          0.00000E+00
         0.68411E+02          0.00000E+00
         0.68373E+02          0.00000E+00
         0.68336E+02          0.00000E+00
         0.68298E+02          0.00000E+00
         0.68260E+02          0.00000E+00
         0.68223E+02          0.00000E+00
         0.68185E+02          0.00000E+00
         0.68148E+02          0.00000E+00
         0.68110E+02          0.00000E+00
         0.68073E+02          0.00000E+00
         0.68036E+02          0.00000E+00
         0.67998E+02          0.00000E+00
         0.67961E+02          0.00000E+00
         0.67924E+02          0.00000E+00
         0.67887E+02          0.00000E+00
         0.67849E+02          0.00000E+00
         0.67812E+02          0.00000E+00
         0.67775E+02          0.00000E+00
         0.67738E+02          0.00000E+00
         0.67701E+02          0.00000E+00
         0.67664E+02          0.00000E+00
         0.67627E+02          0.00000E+00
         0.67591E+02          0.00000E+00
         0.67554E+02          0.00000E+00
         0.67517E+02          0.00000E+00
         0.67480E+02          0.00000E+00
         0.67443E+02          0.00000E+00
         0.67407E+02          0.00000E+00
         0.67370E+02          0.00000E+00
         0.67334E+02          0.00000E+00
         0.67297E+02          0.00000E+00
         0.67261E+02          0.00000E+00
         0.67224E+02          0.00000E+00
         0.67188E+02          0.00000E+00
         0.67151E+02          0.00000E+00
         0.67115E+02          0.00000E+00
         0.67079E+02          0.00000E+00
         0.67042E+02          0.00000E+00
         0.67006E+02          0.00000E+00
         0.66970E+02          0.00000E+00
         0.66934E+02          0.00000E+00
         0.66898E+02          0.00000E+00
         0.66862E+02          0.00000E+00
         0.66826E+02          0.00000E+00
         0.66790E+02          0.00000E+00
         0.66754E+02          0.00000E+00
         0.66718E+02          0.00000E+00
         0.66682E+02          0.00000E+00
         0.66646E+02          0.00000E+00
         0.66610E+02          0.00000E+00
         0.66574E+02          0.00000E+00
         0.66539E+02          0.00000E+00
         0.66503E+02          0.00000E+00
         0.66467E+02          0.00000E+00
         0.66432E+02          0.00000E+00
         0.66396E+02          0.00000E+00
         0.66361E+02          0.00000E+00
         0.66325E+02          0.00000E+00
         0.66290E+02          0.00000E+00
         0.66254E+02          0.00000E+00
         0.66219E+02          0.00000E+00
         0.66183E+02          0.00000E+00
         0.66148E+02          0.00000E+00
         0.66113E+02          0.00000E+00
         0.66078E+02          0.00000E+00
         0.66042E+02          0.00000E+00
         0.66007E+02          0.00000E+00
         0.65972E+02          0.00000E+00
         0.65937E+02          0.00000E+00
         0.65902E+02          0.00000E+00
         0.65867E+02          0.00000E+00
         0.65832E+02          0.00000E+00
         0.65797E+02          0.00000E+00
         0.65762E+02          0.00000E+00
         0.65727E+02          0.00000E+00
         0.65692E+02          0.00000E+00
         0.65658E+02          0.00000E+00
         0.65623E+02          0.00000E+00
         0.65588E+02          0.00000E+00
         0.65554E+02          0.00000E+00
         0.65519E+02          0.00000E+00
         0.65484E+02          0.00000E+00
         0.65450E+02          0.00000E+00
         0.65415E+02          0.00000E+00
         0.65381E+02          0.00000E+00
         0.65346E+02          0.00000E+00
         0.65312E+02          0.00000E+00
         0.65277E+02          0.00000E+00
         0.65243E+02          0.00000E+00
         0.65209E+02          0.00000E+00
         0.65175E+02          0.00000E+00
         0.65140E+02          0.00000E+00
         0.65106E+02          0.00000E+00
         0.65072E+02          0.00000E+00
         0.65038E+02          0.00000E+00
         0.65004E+02          0.00000E+00
         0.64970E+02          0.00000E+00
         0.64936E+02          0.00000E+00
         0.64902E+02          0.00000E+00
         0.64868E+02          0.00000E+00
         0.64834E+02          0.00000E+00
         0.64800E+02          0.00000E+00
         0.64766E+02          0.00000E+00
         0.64732E+02          0.00000E+00
         0.64698E+02          0.00000E+00
         0.64665E+02          0.00000E+00
         0.64631E+02          0.00000E+00
         0.64597E+02          0.00000E+00
         0.64564E+02          0.00000E+00
         0.64530E+02          0.00000E+00
         0.64496E+02          0.00000E+00
         0.64463E+02          0.00000E+00
         0.64429E+02          0.00000E+00
         0.64396E+02          0.00000E+00
         0.64363E+02          0.00000E+00
         0.64329E+02          0.00000E+00
         0.64296E+02          0.00000E+00
         0.64262E+02          0.00000E+00
         0.64229E+02          0.00000E+00
         0.64196E+02          0.00000E+00
         0.64163E+02          0.00000E+00
         0.64129E+02          0.00000E+00
         0.64096E+02          0.00000E+00
         0.64063E+02          0.00000E+00
         0.64030E+02          0.00000E+00
         0.63997E+02          0.00000E+00
         0.63964E+02          0.00000E+00
         0.63931E+02          0.00000E+00
         0.63898E+02          0.00000E+00
         0.63865E+02          0.00000E+00
         0.63832E+02          0.00000E+00
         0.63799E+02          0.00000E+00
         0.63767E+02          0.00000E+00
         0.63734E+02          0.00000E+00
         0.63701E+02          0.00000E+00
         0.63668E+02          0.00000E+00
         0.63636E+02          0.00000E+00
         0.63603E+02          0.00000E+00
         0.63570E+02          0.00000E+00
         0.63538E+02          0.00000E+00
         0.63505E+02          0.00000E+00
         0.63473E+02          0.00000E+00
         0.63440E+02          0.00000E+00
         0.63408E+02          0.00000E+00
         0.63376E+02          0.00000E+00
         0.63343E+02          0.00000E+00
         0.63311E+02          0.00000E+00
         0.63278E+02          0.00000E+00
         0.63246E+02          0.00000E+00
         0.63214E+02          0.00000E+00
         0.63182E+02          0.00000E+00
         0.63150E+02          0.00000E+00
         0.63117E+02          0.00000E+00
         0.63085E+02          0.00000E+00
         0.63053E+02          0.00000E+00
         0.63021E+02          0.00000E+00
         0.62989E+02          0.00000E+00
         0.62957E+02          0.00000E+00
         0.62925E+02          0.00000E+00
         0.62893E+02          0.00000E+00
         0.62861E+02          0.00000E+00
         0.62830E+02          0.00000E+00
         0.62798E+02          0.00000E+00
         0.62766E+02          0.00000E+00
         0.62734E+02          0.00000E+00
         0.62702E+02          0.00000E+00
         0.62671E+02          0.00000E+00
         0.62639E+02          0.00000E+00
         0.62607E+02          0.00000E+00
         0.62576E+02          0.00000E+00
         0.62544E+02          0.00000E+00
         0.62513E+02          0.00000E+00
         0.62481E+02          0.00000E+00
         0.62450E+02          0.00000E+00
         0.62418E+02          0.00000E+00
         0.62387E+02          0.00000E+00
         0.62356E+02          0.00000E+00
         0.62324E+02          0.00000E+00
         0.62293E+02          0.00000E+00
         0.62262E+02          0.00000E+00
         0.62230E+02          0.00000E+00
         0.62199E+02          0.00000E+00
         0.62168E+02          0.00000E+00
         0.62137E+02          0.00000E+00
         0.62106E+02          0.00000E+00
         0.62075E+02          0.00000E+00
         0.62044E+02          0.00000E+00
         0.62012E+02          0.00000E+00
         0.61981E+02          0.00000E+00
         0.61951E+02          0.00000E+00
         0.61920E+02          0.00000E+00
         0.61889E+02          0.00000E+00
         0.61858E+02          0.00000E+00
         0.61827E+02          0.00000E+00
         0.61796E+02          0.00000E+00
         0.61765E+02          0.00000E+00
         0.61735E+02          0.00000E+00
         0.61704E+02          0.00000E+00
         0.61673E+02          0.00000E+00
         0.61643E+02          0.00000E+00
         0.61612E+02          0.00000E+00
         0.61581E+02          0.00000E+00
         0.61551E+02          0.00000E+00
         0.61520E+02          0.00000E+00
         0.61490E+02          0.00000E+00
         0.61459E+02          0.00000E+00
         0.61429E+02          0.00000E+00
         0.61398E+02          0.00000E+00
         0.61368E+02          0.00000E+00
         0.61338E+02          0.00000E+00
         0.61307E+02          0.00000E+00
         0.61277E+02          0.00000E+00
         0.61247E+02          0.00000E+00
         0.61216E+02          0.00000E+00
         0.61186E+02          0.00000E+00
         0.61156E+02          0.00000E+00
         0.61126E+02          0.00000E+00
         0.61096E+02          0.00000E+00
         0.61066E+02          0.00000E+00
         0.61036E+02          0.00000E+00
         0.61006E+02          0.00000E+00
         0.60976E+02          0.00000E+00
         0.60946E+02          0.00000E+00
         0.60916E+02          0.00000E+00
         0.60886E+02          0.00000E+00
         0.60856E+02          0.00000E+00
         0.60826E+02          0.00000E+00
         0.60796E+02          0.00000E+00
         0.60766E+02          0.00000E+00
         0.60737E+02          0.00000E+00
         0.60707E+02          0.00000E+00
         0.60677E+02          0.00000E+00
         0.60647E+02          0.00000E+00
         0.60618E+02          0.00000E+00
         0.60588E+02          0.00000E+00
         0.60559E+02          0.00000E+00
         0.60529E+02          0.00000E+00
         0.60499E+02          0.00000E+00
         0.60470E+02          0.00000E+00
         0.60441E+02          0.00000E+00
         0.60411E+02          0.00000E+00
         0.60382E+02          0.00000E+00
         0.60352E+02          0.00000E+00
         0.60323E+02          0.00000E+00
         0.60294E+02          0.00000E+00
         0.60264E+02          0.00000E+00
         0.60235E+02          0.00000E+00
         0.60206E+02          0.00000E+00
         0.60176E+02          0.00000E+00
         0.60147E+02          0.00000E+00
         0.60118E+02          0.00000E+00
         0.60089E+02          0.00000E+00
         0.60060E+02          0.00000E+00
         0.60031E+02          0.00000E+00
         0.60002E+02          0.00000E+00
         0.59973E+02          0.00000E+00
         0.59944E+02          0.00000E+00
         0.59915E+02          0.00000E+00
         0.59886E+02          0.00000E+00
         0.59857E+02          0.00000E+00
         0.59828E+02          0.00000E+00
         0.59799E+02          0.00000E+00
         0.59770E+02          0.00000E+00
         0.59742E+02          0.00000E+00
         0.59713E+02          0.00000E+00
         0.59684E+02          0.00000E+00
         0.59655E+02          0.00000E+00
         0.59627E+02          0.00000E+00
         0.59598E+02          0.00000E+00
         0.59569E+02          0.00000E+00
         0.59541E+02          0.00000E+00
         0.59512E+02          0.00000E+00
         0.59484E+02          0.00000E+00
         0.59455E+02          0.00000E+00
         0.59427E+02          0.00000E+00
         0.59398E+02          0.00000E+00
         0.59370E+02          0.00000E+00
         0.59341E+02          0.00000E+00
         0.59313E+02          0.00000E+00
         0.59284E+02          0.00000E+00
         0.59256E+02          0.00000E+00
         0.59228E+02          0.00000E+00
         0.59200E+02          0.00000E+00
         0.59171E+02          0.00000E+00
         0.59143E+02          0.00000E+00
         0.59115E+02          0.00000E+00
         0.59087E+02          0.00000E+00
         0.59059E+02          0.00000E+00
         0.59030E+02          0.00000E+00
         0.59002E+02          0.00000E+00
         0.58974E+02          0.00000E+00
         0.58946E+02          0.00000E+00
         0.58918E+02          0.00000E+00
         0.58890E+02          0.00000E+00
         0.58862E+02          0.00000E+00
         0.58834E+02          0.00000E+00
         0.58806E+02          0.00000E+00
         0.58779E+02          0.00000E+00
         0.58751E+02          0.00000E+00
         0.58723E+02          0.00000E+00
         0.58695E+02          0.00000E+00
         0.58667E+02          0.00000E+00
         0.58640E+02          0.00000E+00
         0.58612E+02          0.00000E+00
         0.58584E+02          0.00000E+00
         0.58557E+02          0.00000E+00
         0.58529E+02          0.00000E+00
         0.58501E+02          0.00000E+00
         0.58474E+02          0.00000E+00
         0.58446E+02          0.00000E+00
         0.58419E+02          0.00000E+00
         0.58391E+02          0.00000E+00
         0.58364E+02          0.00000E+00
         0.58336E+02          0.00000E+00
         0.58309E+02          0.00000E+00
         0.58281E+02          0.00000E+00
         0.58254E+02          0.00000E+00
         0.58227E+02          0.00000E+00
         0.58199E+02          0.00000E+00
         0.58172E+02          0.00000E+00
         0.58145E+02          0.00000E+00
         0.58117E+02          0.00000E+00
         0.58090E+02          0.00000E+00
         0.58063E+02          0.00000E+00
         0.58036E+02          0.00000E+00
         0.58009E+02          0.00000E+00
         0.57981E+02          0.00000E+00
         0.57954E+02          0.00000E+00
         0.57927E+02          0.00000E+00
         0.57900E+02          0.00000E+00
         0.57873E+02          0.00000E+00
         0.57846E+02          0.00000E+00
         0.57819E+02          0.00000E+00
         0.57792E+02          0.00000E+00
         0.57765E+02          0.00000E+00
         0.57738E+02          0.00000E+00
         0.57712E+02          0.00000E+00
         0.57685E+02          0.00000E+00
         0.57658E+02          0.00000E+00
         0.57631E+02          0.00000E+00
         0.57604E+02          0.00000E+00
         0.57578E+02          0.00000E+00
         0.57551E+02          0.00000E+00
         0.57524E+02          0.00000E+00
         0.57497E+02          0.00000E+00
         0.57471E+02          0.00000E+00
         0.57444E+02          0.00000E+00
         0.57418E+02          0.00000E+00
         0.57391E+02          0.00000E+00
         0.57364E+02          0.00000E+00
         0.57338E+02          0.00000E+00
         0.57311E+02          0.00000E+00
         0.57285E+02          0.00000E+00
         0.57258E+02          0.00000E+00
         0.57232E+02          0.00000E+00
         0.57206E+02          0.00000E+00
         0.57179E+02          0.00000E+00
         0.57153E+02          0.00000E+00
         0.57127E+02          0.00000E+00
         0.57100E+02          0.00000E+00
         0.57074E+02          0.00000E+00
         0.57048E+02          0.00000E+00
         0.57021E+02          0.00000E+00
         0.56995E+02          0.00000E+00
         0.56969E+02          0.00000E+00
         0.56943E+02          0.00000E+00
         0.56917E+02          0.00000E+00
         0.56891E+02          0.00000E+00
         0.56865E+02          0.00000E+00
         0.56838E+02          0.00000E+00
         0.56812E+02          0.00000E+00
         0.56786E+02          0.00000E+00
         0.56760E+02          0.00000E+00
         0.56734E+02          0.00000E+00
         0.56708E+02          0.00000E+00
         0.56683E+02          0.00000E+00
         0.56657E+02          0.00000E+00
         0.56631E+02          0.00000E+00
         0.56605E+02          0.00000E+00
         0.56579E+02          0.00000E+00
         0.56553E+02          0.00000E+00
         0.56527E+02          0.00000E+00
         0.56502E+02          0.00000E+00
         0.56476E+02          0.00000E+00
         0.56450E+02          0.00000E+00
         0.56425E+02          0.00000E+00
         0.56399E+02          0.00000E+00
         0.56373E+02          0.00000E+00
         0.56348E+02          0.00000E+00
         0.56322E+02          0.00000E+00
         0.56296E+02          0.00000E+00
         0.56271E+02          0.00000E+00
         0.56245E+02          0.00000E+00
         0.56220E+02          0.00000E+00
         0.56194E+02          0.00000E+00
         0.56169E+02          0.00000E+00
         0.56144E+02          0.00000E+00
         0.56118E+02          0.00000E+00
         0.56093E+02          0.00000E+00
         0.56067E+02          0.00000E+00
         0.56042E+02          0.00000E+00
         0.56017E+02          0.00000E+00
         0.55991E+02          0.00000E+00
         0.55966E+02          0.00000E+00
         0.55941E+02          0.00000E+00
         0.55916E+02          0.00000E+00
         0.55890E+02          0.00000E+00
         0.55865E+02          0.00000E+00
         0.55840E+02          0.00000E+00
         0.55815E+02          0.00000E+00
         0.55790E+02          0.00000E+00
         0.55765E+02          0.00000E+00
         0.55740E+02          0.00000E+00
         0.55715E+02          0.00000E+00
         0.55690E+02          0.00000E+00
         0.55665E+02          0.00000E+00
         0.55640E+02          0.00000E+00
         0.55615E+02          0.00000E+00
         0.55590E+02          0.00000E+00
         0.55565E+02          0.00000E+00
         0.55540E+02          0.00000E+00
         0.55515E+02          0.00000E+00
         0.55490E+02          0.00000E+00
         0.55465E+02          0.00000E+00
         0.55441E+02          0.00000E+00
         0.55416E+02          0.00000E+00
         0.55391E+02          0.00000E+00
         0.55366E+02          0.00000E+00
         0.55342E+02          0.00000E+00
         0.55317E+02          0.00000E+00
         0.55292E+02          0.00000E+00
         0.55268E+02          0.00000E+00
         0.55243E+02          0.00000E+00
         0.55218E+02          0.00000E+00
         0.55194E+02          0.00000E+00
         0.55169E+02          0.00000E+00
         0.55145E+02          0.00000E+00
         0.55120E+02          0.00000E+00
         0.55096E+02          0.00000E+00
         0.55071E+02          0.00000E+00
         0.55047E+02          0.00000E+00
         0.55022E+02          0.00000E+00
         0.54998E+02          0.00000E+00
         0.54974E+02          0.00000E+00
         0.54949E+02          0.00000E+00
         0.54925E+02          0.00000E+00
         0.54901E+02          0.00000E+00
         0.54876E+02          0.00000E+00
         0.54852E+02          0.00000E+00
         0.54828E+02          0.00000E+00
         0.54803E+02          0.00000E+00
         0.54779E+02          0.00000E+00
         0.54755E+02          0.00000E+00
         0.54731E+02          0.00000E+00
         0.54707E+02          0.00000E+00
         0.54683E+02          0.00000E+00
         0.54658E+02          0.00000E+00
         0.54634E+02          0.00000E+00
         0.54610E+02          0.00000E+00
         0.54586E+02          0.00000E+00
         0.54562E+02          0.00000E+00
         0.54538E+02          0.00000E+00
         0.54514E+02          0.00000E+00
         0.54490E+02          0.00000E+00
         0.54466E+02          0.00000E+00
         0.54442E+02          0.00000E+00
         0.54419E+02          0.00000E+00
         0.54395E+02          0.00000E+00
         0.54371E+02          0.00000E+00
         0.54347E+02          0.00000E+00
         0.54323E+02          0.00000E+00
         0.54299E+02          0.00000E+00
         0.54276E+02          0.00000E+00
         0.54252E+02          0.00000E+00
         0.54228E+02          0.00000E+00
         0.54204E+02          0.00000E+00
         0.54181E+02          0.00000E+00
         0.54157E+02          0.00000E+00
         0.54133E+02          0.00000E+00
         0.54110E+02          0.00000E+00
         0.54086E+02          0.00000E+00
         0.54063E+02          0.00000E+00
         0.54039E+02          0.00000E+00
         0.54016E+02          0.00000E+00
         0.53992E+02          0.00000E+00
         0.53969E+02          0.00000E+00
         0.53945E+02          0.00000E+00
         0.53922E+02          0.00000E+00
         0.53898E+02          0.00000E+00
         0.53875E+02          0.00000E+00
         0.53851E+02          0.00000E+00
         0.53828E+02          0.00000E+00
         0.53805E+02          0.00000E+00
         0.53781E+02          0.00000E+00
         0.53758E+02          0.00000E+00
         0.53735E+02          0.00000E+00
         0.53711E+02          0.00000E+00
         0.53688E+02          0.00000E+00
         0.53665E+02          0.00000E+00
         0.53642E+02          0.00000E+00
         0.53618E+02          0.00000E+00
         0.53595E+02          0.00000E+00
         0.53572E+02          0.00000E+00
         0.53549E+02          0.00000E+00
         0.53526E+02          0.00000E+00
         0.53503E+02          0.00000E+00
         0.53480E+02          0.00000E+00
         0.53457E+02          0.00000E+00
         0.53434E+02          0.00000E+00
         0.53411E+02          0.00000E+00
         0.53388E+02          0.00000E+00
         0.53365E+02          0.00000E+00
         0.53342E+02          0.00000E+00
         0.53319E+02          0.00000E+00
         0.53296E+02          0.00000E+00
         0.53273E+02          0.00000E+00
         0.53250E+02          0.00000E+00
         0.53227E+02          0.00000E+00
         0.53204E+02          0.00000E+00
         0.53181E+02          0.00000E+00
         0.53159E+02          0.00000E+00
         0.53136E+02          0.00000E+00
         0.53113E+02          0.00000E+00
         0.53090E+02          0.00000E+00
         0.53068E+02          0.00000E+00
         0.53045E+02          0.00000E+00
         0.53022E+02          0.00000E+00
         0.53000E+02          0.00000E+00
         0.52977E+02          0.00000E+00
         0.52954E+02          0.00000E+00
         0.52932E+02          0.00000E+00
         0.52909E+02          0.00000E+00
         0.52887E+02          0.00000E+00
         0.52864E+02          0.00000E+00
         0.52841E+02          0.00000E+00
         0.52819E+02          0.00000E+00
         0.52796E+02          0.00000E+00
         0.52774E+02          0.00000E+00
         0.52752E+02          0.00000E+00
         0.52729E+02          0.00000E+00
         0.52707E+02          0.00000E+00
         0.52684E+02          0.00000E+00
         0.52662E+02          0.00000E+00
         0.52640E+02          0.00000E+00
         0.52617E+02          0.00000E+00
         0.52595E+02          0.00000E+00
         0.52573E+02          0.00000E+00
         0.52550E+02          0.00000E+00
         0.52528E+02          0.00000E+00
         0.52506E+02          0.00000E+00
         0.52484E+02          0.00000E+00
         0.52461E+02          0.00000E+00
         0.52439E+02          0.00000E+00
         0.52417E+02          0.00000E+00
         0.52395E+02          0.00000E+00
         0.52373E+02          0.00000E+00
         0.52351E+02          0.00000E+00
         0.52328E+02          0.00000E+00
         0.52306E+02          0.00000E+00
         0.52284E+02          0.00000E+00
         0.52262E+02          0.00000E+00
         0.52240E+02          0.00000E+00
         0.52218E+02          0.00000E+00
         0.52196E+02          0.00000E+00
         0.52174E+02          0.00000E+00
         0.52152E+02          0.00000E+00
         0.52130E+02          0.00000E+00
         0.52109E+02          0.00000E+00
         0.52087E+02          0.00000E+00
         0.52065E+02          0.00000E+00
         0.52043E+02          0.00000E+00
         0.52021E+02          0.00000E+00
         0.51999E+02          0.00000E+00
         0.51977E+02          0.00000E+00
         0.51956E+02          0.00000E+00
         0.51934E+02          0.00000E+00
         0.51912E+02          0.00000E+00
         0.51890E+02          0.00000E+00
         0.51869E+02          0.00000E+00
         0.51847E+02          0.00000E+00
         0.51825E+02          0.00000E+00
         0.51804E+02          0.00000E+00
         0.51782E+02          0.00000E+00
         0.51760E+02          0.00000E+00
         0.51739E+02          0.00000E+00
         0.51717E+02          0.00000E+00
         0.51696E+02          0.00000E+00
         0.51674E+02          0.00000E+00
         0.51653E+02          0.00000E+00
         0.51631E+02          0.00000E+00
         0.51610E+02          0.00000E+00
         0.51588E+02          0.00000E+00
         0.51567E+02          0.00000E+00
         0.51545E+02          0.00000E+00
         0.51524E+02          0.00000E+00
         0.51502E+02          0.00000E+00
         0.51481E+02          0.00000E+00
         0.51460E+02          0.00000E+00
         0.51438E+02          0.00000E+00
         0.51417E+02          0.00000E+00
         0.51396E+02          0.00000E+00
         0.51374E+02          0.00000E+00
         0.51353E+02          0.00000E+00
         0.51332E+02          0.00000E+00
         0.51311E+02          0.00000E+00
         0.51289E+02          0.00000E+00
         0.51268E+02          0.00000E+00
         0.51247E+02          0.00000E+00
         0.51226E+02          0.00000E+00
         0.51205E+02          0.00000E+00
         0.51184E+02          0.00000E+00
         0.51162E+02          0.00000E+00
         0.51141E+02          0.00000E+00
         0.51120E+02          0.00000E+00
         0.51099E+02          0.00000E+00
         0.51078E+02          0.00000E+00
         0.51057E+02          0.00000E+00
         0.51036E+02          0.00000E+00
         0.51015E+02          0.00000E+00
         0.50994E+02          0.00000E+00
         0.50973E+02          0.00000E+00
         0.50952E+02          0.00000E+00
         0.50931E+02          0.00000E+00
         0.50910E+02          0.00000E+00
         0.50889E+02          0.00000E+00
         0.50869E+02          0.00000E+00
         0.50848E+02          0.00000E+00
         0.50827E+02          0.00000E+00
         0.50806E+02          0.00000E+00
         0.50785E+02          0.00000E+00
         0.50764E+02          0.00000E+00
         0.50744E+02          0.00000E+00
         0.50723E+02          0.00000E+00
         0.50702E+02          0.00000E+00
         0.50681E+02          0.00000E+00
         0.50661E+02          0.00000E+00
         0.50640E+02          0.00000E+00
         0.50619E+02          0.00000E+00
         0.50599E+02          0.00000E+00
         0.50578E+02          0.00000E+00
         0.50557E+02          0.00000E+00
         0.50537E+02          0.00000E+00
         0.50516E+02          0.00000E+00
         0.50496E+02          0.00000E+00
         0.50475E+02          0.00000E+00
         0.50455E+02          0.00000E+00
         0.50434E+02          0.00000E+00
         0.50414E+02          0.00000E+00
         0.50393E+02          0.00000E+00
         0.50373E+02          0.00000E+00
         0.50352E+02          0.00000E+00
         0.50332E+02          0.00000E+00
         0.50311E+02          0.00000E+00
         0.50291E+02          0.00000E+00
         0.50270E+02          0.00000E+00
         0.50250E+02          0.00000E+00
         0.50230E+02          0.00000E+00
         0.50209E+02          0.00000E+00
         0.50189E+02          0.00000E+00
         0.50169E+02          0.00000E+00
         0.50148E+02          0.00000E+00
         0.50128E+02          0.00000E+00
         0.50108E+02          0.00000E+00
         0.50088E+02          0.00000E+00
         0.50067E+02          0.00000E+00
         0.50047E+02          0.00000E+00
         0.50027E+02          0.00000E+00
         0.50007E+02          0.00000E+00
         0.49987E+02          0.00000E+00
         0.49967E+02          0.00000E+00
         0.49946E+02          0.00000E+00
         0.49926E+02          0.00000E+00
         0.49906E+02          0.00000E+00
         0.49886E+02          0.00000E+00
         0.49866E+02          0.00000E+00
         0.49846E+02          0.00000E+00
         0.49826E+02          0.00000E+00
         0.49806E+02          0.00000E+00
         0.49786E+02          0.00000E+00
         0.49766E+02          0.00000E+00
         0.49746E+02          0.00000E+00
         0.49726E+02          0.00000E+00
         0.49706E+02          0.00000E+00
         0.49686E+02          0.00000E+00
         0.49666E+02          0.00000E+00
         0.49646E+02          0.00000E+00
         0.49627E+02          0.00000E+00
         0.49607E+02          0.00000E+00
         0.49587E+02          0.00000E+00
         0.49567E+02          0.00000E+00
         0.49547E+02          0.00000E+00
         0.49527E+02          0.00000E+00
         0.49508E+02          0.00000E+00
         0.49488E+02          0.00000E+00
         0.49468E+02          0.00000E+00
         0.49448E+02          0.00000E+00
         0.49429E+02          0.00000E+00
         0.49409E+02          0.00000E+00
         0.49389E+02          0.00000E+00
         0.49370E+02          0.00000E+00
         0.49350E+02          0.00000E+00
         0.49330E+02          0.00000E+00
         0.49311E+02          0.00000E+00
         0.49291E+02          0.00000E+00
         0.49272E+02          0.00000E+00
         0.49252E+02          0.00000E+00
         0.49232E+02          0.00000E+00
         0.49213E+02          0.00000E+00
         0.49193E+02          0.00000E+00
         0.49174E+02          0.00000E+00
         0.49154E+02          0.00000E+00
         0.49135E+02          0.00000E+00
         0.49115E+02          0.00000E+00
         0.49096E+02          0.00000E+00
         0.49077E+02          0.00000E+00
         0.49057E+02          0.00000E+00
         0.49038E+02          0.00000E+00
         0.49018E+02          0.00000E+00
         0.48999E+02          0.00000E+00
         0.48980E+02          0.00000E+00
         0.48960E+02          0.00000E+00
         0.48941E+02          0.00000E+00
         0.48922E+02          0.00000E+00
         0.48902E+02          0.00000E+00
         0.48883E+02          0.00000E+00
         0.48864E+02          0.00000E+00
         0.48845E+02          0.00000E+00
         0.48825E+02          0.00000E+00
         0.48806E+02          0.00000E+00
         0.48787E+02          0.00000E+00
         0.48768E+02          0.00000E+00
         0.48748E+02          0.00000E+00
         0.48729E+02          0.00000E+00
         0.48710E+02          0.11121E-01
         0.48691E+02          0.11169E-01
         0.48672E+02          0.11467E-01
         0.48653E+02          0.11824E-01
         0.48634E+02          0.12464E-01
         0.48615E+02          0.13965E-01
         0.48596E+02          0.16673E-01
         0.48577E+02          0.26184E-01
         0.48558E+02          0.84295E-01
         0.48539E+02          0.39306E-01
         0.48520E+02          0.14407E-01
         0.48501E+02          0.11197E-01
         0.48482E+02          0.91077E-02
         0.48463E+02          0.72884E-02
         0.48444E+02          0.46041E-02
         0.48425E+02          0.75479E-02
         0.48406E+02          0.14740E-01
         0.48387E+02          0.13962E-01
         0.48368E+02          0.13153E-01
         0.48349E+02          0.12621E-01
         0.48330E+02          0.12244E-01
         0.48312E+02          0.11939E-01
         0.48293E+02          0.11636E-01
         0.48274E+02          0.11231E-01
         0.48255E+02          0.10644E-01
         0.48236E+02          0.15742E-01
         0.48218E+02          0.13017E-01
         0.48199E+02          0.12478E-01
         0.48180E+02          0.12233E-01
         0.48161E+02          0.12077E-01
         0.48143E+02          0.11952E-01
         0.48124E+02          0.11825E-01
         0.48105E+02          0.11648E-01
         0.48087E+02          0.11265E-01
         0.48068E+02          0.22023E-01
         0.48049E+02          0.12875E-01
         0.48031E+02          0.12366E-01
         0.48012E+02          0.12162E-01
         0.47994E+02          0.12001E-01
         0.47975E+02          0.11754E-01
         0.47957E+02          0.11567E-01
         0.47938E+02          0.12782E-01
         0.47919E+02          0.12324E-01
         0.47901E+02          0.12082E-01
         0.47882E+02          0.11488E-01
         0.47864E+02          0.12923E-01
         0.47846E+02          0.13138E-01
         0.47827E+02          0.12156E-01
         0.47809E+02          0.12707E-01
         0.47790E+02          0.12337E-01
         0.47772E+02          0.13026E-01
         0.47753E+02          0.12369E-01
         0.47735E+02          0.12601E-01
         0.47717E+02          0.12971E-01
         0.47698E+02          0.13339E-01
         0.47680E+02          0.12720E-01
         0.47662E+02          0.13069E-01
         0.47643E+02          0.15573E-01
         0.47625E+02          0.12327E-01
         0.47607E+02          0.94955E-01
         0.47588E+02          0.69158E-01
         0.47570E+02          0.90660E-02
         0.47552E+02          0.14947E-01
         0.47534E+02          0.15791E-01
         0.47515E+02          0.14407E-01
         0.47497E+02          0.13826E-01
         0.47479E+02          0.13522E-01
         0.47461E+02          0.13340E-01
         0.47443E+02          0.13222E-01
         0.47425E+02          0.13141E-01
         0.47406E+02          0.13083E-01
         0.47388E+02          0.13038E-01
         0.47370E+02          0.13003E-01
         0.47352E+02          0.12972E-01
         0.47334E+02          0.12942E-01
         0.47316E+02          0.12902E-01
         0.47298E+02          0.12792E-01
         0.47280E+02          0.14401E-01
         0.47262E+02          0.12954E-01
         0.47244E+02          0.12893E-01
         0.47226E+02          0.12845E-01
         0.47208E+02          0.12797E-01
         0.47190E+02          0.12779E-01
         0.47172E+02          0.13143E-01
         0.47154E+02          0.33705E-01
         0.47136E+02          0.52409E-02
         0.47118E+02          0.15970E-01
         0.47100E+02          0.14529E-01
         0.47082E+02          0.14062E-01
         0.47065E+02          0.13833E-01
         0.47047E+02          0.13694E-01
         0.47029E+02          0.13594E-01
         0.47011E+02          0.13502E-01
         0.46993E+02          0.13305E-01
         0.46975E+02          0.13490E-01
         0.46958E+02          0.13341E-01
         0.46940E+02          0.13217E-01
         0.46922E+02          0.13288E-01
         0.46904E+02          0.14966E-01
         0.46887E+02          0.16123E-01
         0.46869E+02          0.14537E-01
         0.46851E+02          0.14132E-01
         0.46833E+02          0.13922E-01
         0.46816E+02          0.13718E-01
         0.46798E+02          0.13715E-01
         0.46780E+02          0.13483E-01
         0.46763E+02          0.14418E-01
         0.46745E+02          0.16795E-01
         0.46728E+02          0.14535E-01
         0.46710E+02          0.14122E-01
         0.46692E+02          0.15212E-01
         0.46675E+02          0.13638E-01
         0.46657E+02          0.14500E-01
         0.46640E+02          0.14757E-01
         0.46622E+02          0.14142E-01
         0.46605E+02          0.13825E-01
         0.46587E+02          0.99310E-02
         0.46570E+02          0.14428E-01
         0.46552E+02          0.13924E-01
         0.46535E+02          0.15984E-01
         0.46517E+02          0.16268E-01
         0.46500E+02          0.16711E-01
         0.46482E+02          0.14021E-01
         0.46465E+02          0.14429E-01
         0.46447E+02          0.14837E-01
         0.46430E+02          0.14697E-01
         0.46413E+02          0.14241E-01
         0.46395E+02          0.14478E-01
         0.46378E+02          0.14151E-01
         0.46361E+02          0.14535E-01
         0.46343E+02          0.14437E-01
         0.46326E+02          0.14383E-01
         0.46309E+02          0.13609E-01
         0.46291E+02          0.13598E-01
         0.46274E+02          0.13581E-01
         0.46257E+02          0.13559E-01
         0.46240E+02          0.13530E-01
         0.46222E+02          0.13492E-01
         0.46205E+02          0.13445E-01
         0.46188E+02          0.13385E-01
         0.46171E+02          0.13312E-01
         0.46153E+02          0.13220E-01
         0.46136E+02          0.13107E-01
         0.46119E+02          0.12965E-01
         0.46102E+02          0.12787E-01
         0.46085E+02          0.12561E-01
         0.46068E+02          0.12274E-01
         0.46051E+02          0.11907E-01
         0.46034E+02          0.11452E-01
         0.46016E+02          0.10970E-01
         0.45999E+02          0.10832E-01
         0.45982E+02          0.16126E-01
         0.45965E+02          0.13096E+00
         0.45948E+02          0.53394E-01
         0.45931E+02          0.31431E-01
         0.45914E+02          0.25151E-01
         0.45897E+02          0.22367E-01
         0.45880E+02          0.20838E-01
         0.45863E+02          0.19888E-01
         0.45846E+02          0.19249E-01
         0.45829E+02          0.18796E-01
         0.45812E+02          0.18462E-01
         0.45795E+02          0.18210E-01
         0.45779E+02          0.18015E-01
         0.45762E+02          0.17862E-01
         0.45745E+02          0.17741E-01
         0.45728E+02          0.17645E-01
         0.45711E+02          0.17568E-01
         0.45694E+02          0.17507E-01
         0.45677E+02          0.17459E-01
         0.45661E+02          0.17421E-01
         0.45644E+02          0.17392E-01
         0.45627E+02          0.17371E-01
         0.45610E+02          0.17356E-01
         0.45593E+02          0.17346E-01
         0.45577E+02          0.17341E-01
         0.45560E+02          0.17341E-01
         0.45543E+02          0.17344E-01
         0.45526E+02          0.17350E-01
         0.45510E+02          0.17359E-01
         0.45493E+02          0.17370E-01
         0.45476E+02          0.17384E-01
         0.45460E+02          0.17400E-01
         0.45443E+02          0.17418E-01
         0.45426E+02          0.17437E-01
         0.45410E+02          0.17458E-01
         0.45393E+02          0.17481E-01
         0.45376E+02          0.17504E-01
         0.45360E+02          0.17529E-01
         0.45343E+02          0.17555E-01
         0.45327E+02          0.17582E-01
         0.45310E+02          0.17610E-01
         0.45294E+02          0.17639E-01
         0.45277E+02          0.17668E-01
         0.45261E+02          0.17699E-01
         0.45244E+02          0.17730E-01
         0.45227E+02          0.17761E-01
         0.45211E+02          0.17794E-01
         0.45195E+02          0.17827E-01
         0.45178E+02          0.17860E-01
         0.45162E+02          0.17894E-01
         0.45145E+02          0.17929E-01
         0.45129E+02          0.17963E-01
         0.45112E+02          0.17999E-01
         0.45096E+02          0.18035E-01
         0.45079E+02          0.18071E-01
         0.45063E+02          0.18107E-01
         0.45047E+02          0.18144E-01
         0.45030E+02          0.18181E-01
         0.45014E+02          0.18219E-01
         0.44998E+02          0.18257E-01
         0.44981E+02          0.18295E-01
         0.44965E+02          0.18333E-01
         0.44949E+02          0.18372E-01
         0.44932E+02          0.18411E-01
         0.44916E+02          0.18450E-01
         0.44900E+02          0.18490E-01
         0.44884E+02          0.18529E-01
         0.44867E+02          0.18569E-01
         0.44851E+02          0.18609E-01
         0.44835E+02          0.18649E-01
         0.44819E+02          0.18690E-01
         0.44803E+02          0.18730E-01
         0.44786E+02          0.18771E-01
         0.44770E+02          0.18812E-01
         0.44754E+02          0.18853E-01
         0.44738E+02          0.18894E-01
         0.44722E+02          0.18935E-01
         0.44706E+02          0.18976E-01
         0.44690E+02          0.19018E-01
         0.44673E+02          0.19059E-01
         0.44657E+02          0.19101E-01
         0.44641E+02          0.19142E-01
         0.44625E+02          0.19184E-01
         0.44609E+02          0.19226E-01
         0.44593E+02          0.19267E-01
         0.44577E+02          0.19309E-01
         0.44561E+02          0.19351E-01
         0.44545E+02          0.19392E-01
         0.44529E+02          0.19434E-01
         0.44513E+02          0.19475E-01
         0.44497E+02          0.19517E-01
         0.44481E+02          0.19558E-01
         0.44465E+02          0.19600E-01
         0.44449E+02          0.19641E-01
         0.44433E+02          0.19682E-01
         0.44417E+02          0.19723E-01
         0.44401E+02          0.19763E-01
         0.44386E+02          0.19804E-01
         0.44370E+02          0.19844E-01
         0.44354E+02          0.19884E-01
         0.44338E+02          0.19923E-01
         0.44322E+02          0.19962E-01
         0.44306E+02          0.20001E-01
         0.44290E+02          0.20039E-01
         0.44275E+02          0.20077E-01
         0.44259E+02          0.20114E-01
         0.44243E+02          0.20150E-01
         0.44227E+02          0.20186E-01
         0.44211E+02          0.20221E-01
         0.44196E+02          0.20254E-01
         0.44180E+02          0.20287E-01
         0.44164E+02          0.20318E-01
         0.44148E+02          0.20348E-01
         0.44133E+02          0.20376E-01
         0.44117E+02          0.20402E-01
         0.44101E+02          0.20426E-01
         0.44086E+02          0.20448E-01
         0.44070E+02          0.20466E-01
         0.44054E+02          0.20482E-01
         0.44039E+02          0.20492E-01
         0.44023E+02          0.20498E-01
         0.44007E+02          0.20498E-01
         0.43992E+02          0.20490E-01
         0.43976E+02          0.20473E-01
         0.43961E+02          0.20444E-01
         0.43945E+02          0.20399E-01
         0.43929E+02          0.20333E-01
         0.43914E+02          0.20235E-01
         0.43898E+02          0.20090E-01
         0.43883E+02          0.20006E-01
         0.43867E+02          0.19810E-01
         0.43852E+02          0.19362E-01
         0.43836E+02          0.18643E-01
         0.43821E+02          0.17239E-01
         0.43805E+02          0.13839E-01
         0.43790E+02          0.81427E-01
         0.43774E+02          0.30325E-01
         0.43759E+02          0.26169E-01
         0.43743E+02          0.24714E-01
         0.43728E+02          0.23981E-01
         0.43713E+02          0.23551E-01
         0.43697E+02          0.23295E-01
         0.43682E+02          0.23192E-01
         0.43666E+02          0.23273E-01
         0.43651E+02          0.23553E-01
         0.43636E+02          0.23914E-01
         0.43620E+02          0.24161E-01
         0.43605E+02          0.24242E-01
         0.43590E+02          0.24224E-01
         0.43574E+02          0.24170E-01
         0.43559E+02          0.24114E-01
         0.43544E+02          0.24065E-01
         0.43528E+02          0.24028E-01
         0.43513E+02          0.24001E-01
         0.43498E+02          0.23985E-01
         0.43483E+02          0.23976E-01
         0.43467E+02          0.23975E-01
         0.43452E+02          0.23979E-01
         0.43437E+02          0.23989E-01
         0.43422E+02          0.24002E-01
         0.43407E+02          0.24019E-01
         0.43391E+02          0.24038E-01
         0.43376E+02          0.24060E-01
         0.43361E+02          0.24084E-01
         0.43346E+02          0.24110E-01
         0.43331E+02          0.24136E-01
         0.43316E+02          0.24164E-01
         0.43300E+02          0.24192E-01
         0.43285E+02          0.24221E-01
         0.43270E+02          0.24249E-01
         0.43255E+02          0.24279E-01
         0.43240E+02          0.24300E-01
         0.43225E+02          0.24327E-01
         0.43210E+02          0.24351E-01
         0.43195E+02          0.24370E-01
         0.43180E+02          0.24385E-01
         0.43165E+02          0.24392E-01
         0.43150E+02          0.24389E-01
         0.43135E+02          0.24370E-01
         0.43120E+02          0.24326E-01
         0.43105E+02          0.24241E-01
         0.43090E+02          0.24079E-01
         0.43075E+02          0.23761E-01
         0.43060E+02          0.23067E-01
         0.43045E+02          0.17640E-01
         0.43030E+02          0.35729E-01
         0.43015E+02          0.28668E-01
         0.43000E+02          0.27509E-01
         0.42985E+02          0.27112E-01
         0.42970E+02          0.26972E-01
         0.42955E+02          0.26960E-01
         0.42941E+02          0.27034E-01
         0.42926E+02          0.27180E-01
         0.42911E+02          0.27399E-01
         0.42896E+02          0.27706E-01
         0.42881E+02          0.28126E-01
         0.42866E+02          0.28701E-01
         0.42851E+02          0.29501E-01
         0.42837E+02          0.30638E-01
         0.42822E+02          0.32286E-01
         0.42807E+02          0.34699E-01
         0.42792E+02          0.38097E-01
         0.42778E+02          0.42787E-01
         0.42763E+02          0.47147E-01
         0.42748E+02          0.48707E-01
         0.42733E+02          0.45490E-01
         0.42719E+02          0.38282E-01
         0.42704E+02          0.29458E-01
         0.42689E+02          0.22884E-01
         0.42675E+02          0.41111E-01
         0.42660E+02          0.30589E-01
         0.42645E+02          0.27729E-01
         0.42630E+02          0.26275E-01
         0.42616E+02          0.25435E-01
         0.42601E+02          0.24888E-01
         0.42587E+02          0.24488E-01
         0.42572E+02          0.24160E-01
         0.42557E+02          0.23863E-01
         0.42543E+02          0.23537E-01
         0.42528E+02          0.23235E-01
         0.42514E+02          0.22823E-01
         0.42499E+02          0.22158E-01
         0.42484E+02          0.19610E-01
         0.42470E+02          0.25071E-01
         0.42455E+02          0.23177E-01
         0.42441E+02          0.22467E-01
         0.42426E+02          0.21914E-01
         0.42412E+02          0.21384E-01
         0.42397E+02          0.20803E-01
         0.42383E+02          0.20193E-01
         0.42368E+02          0.19220E-01
         0.42354E+02          0.26304E-01
         0.42339E+02          0.19932E-01
         0.42325E+02          0.19240E-01
         0.42310E+02          0.18890E-01
         0.42296E+02          0.18758E-01
         0.42282E+02          0.18368E-01
         0.42267E+02          0.21031E-01
         0.42253E+02          0.21316E-01
         0.42238E+02          0.16284E-01
         0.42224E+02          0.22900E-01
         0.42210E+02          0.26109E-01
         0.42195E+02          0.26875E-01
         0.42181E+02          0.26642E-01
         0.42167E+02          0.29677E-01
         0.42152E+02          0.29529E-01
         0.42138E+02          0.31352E-01
         0.42124E+02          0.41945E-01
         0.42109E+02          0.31549E-01
         0.42095E+02          0.32210E-01
         0.42081E+02          0.31599E-01
         0.42066E+02          0.33522E-01
         0.42052E+02          0.33627E-01
         0.42038E+02          0.33689E-01
         0.42024E+02          0.34048E-01
         0.42009E+02          0.34052E-01
         0.41995E+02          0.34483E-01
         0.41981E+02          0.34589E-01
         0.41967E+02          0.34686E-01
         0.41953E+02          0.34776E-01
         0.41938E+02          0.34862E-01
         0.41924E+02          0.34946E-01
         0.41910E+02          0.35031E-01
         0.41896E+02          0.35121E-01
         0.41882E+02          0.35222E-01
         0.41868E+02          0.35348E-01
         0.41853E+02          0.35522E-01
         0.41839E+02          0.35766E-01
         0.41825E+02          0.36021E-01
         0.41811E+02          0.36128E-01
         0.41797E+02          0.36110E-01
         0.41783E+02          0.36083E-01
         0.41769E+02          0.36086E-01
         0.41755E+02          0.36116E-01
         0.41741E+02          0.36164E-01
         0.41727E+02          0.36224E-01
         0.41713E+02          0.36294E-01
         0.41699E+02          0.36370E-01
         0.41685E+02          0.36452E-01
         0.41671E+02          0.36538E-01
         0.41657E+02          0.36627E-01
         0.41643E+02          0.36721E-01
         0.41629E+02          0.36817E-01
         0.41615E+02          0.36917E-01
         0.41601E+02          0.37019E-01
         0.41587E+02          0.37124E-01
         0.41573E+02          0.37232E-01
         0.41559E+02          0.37343E-01
         0.41545E+02          0.37457E-01
         0.41531E+02          0.37576E-01
         0.41517E+02          0.37699E-01
         0.41503E+02          0.37829E-01
         0.41489E+02          0.37960E-01
         0.41475E+02          0.38086E-01
         0.41461E+02          0.38213E-01
         0.41448E+02          0.38345E-01
         0.41434E+02          0.38481E-01
         0.41420E+02          0.38623E-01
         0.41406E+02          0.38769E-01
         0.41392E+02          0.38920E-01
         0.41378E+02          0.39077E-01
         0.41365E+02          0.39241E-01
         0.41351E+02          0.39416E-01
         0.41337E+02          0.40617E-01
         0.41323E+02          0.39745E-01
         0.41310E+02          0.39946E-01
         0.41296E+02          0.40153E-01
         0.41282E+02          0.40373E-01
         0.41268E+02          0.40608E-01
         0.41255E+02          0.40862E-01
         0.41241E+02          0.41138E-01
         0.41227E+02          0.41437E-01
         0.41213E+02          0.41768E-01
         0.41200E+02          0.42122E-01
         0.41186E+02          0.42490E-01
         0.41172E+02          0.42844E-01
         0.41159E+02          0.43112E-01
         0.41145E+02          0.43098E-01
         0.41131E+02          0.42682E-01
         0.41118E+02          0.42546E-01
         0.41104E+02          0.42745E-01
         0.41090E+02          0.42938E-01
         0.41077E+02          0.43064E-01
         0.41063E+02          0.43136E-01
         0.41050E+02          0.43170E-01
         0.41036E+02          0.43177E-01
         0.41022E+02          0.43168E-01
         0.41009E+02          0.43166E-01
         0.40995E+02          0.43228E-01
         0.40982E+02          0.43497E-01
         0.40968E+02          0.44308E-01
         0.40955E+02          0.46115E-01
         0.40941E+02          0.47592E-01
         0.40928E+02          0.44581E-01
         0.40914E+02          0.39482E-01
         0.40901E+02          0.43587E-01
         0.40887E+02          0.40274E-01
         0.40874E+02          0.37341E-01
         0.40860E+02          0.34681E-01
         0.40847E+02          0.32214E-01
         0.40833E+02          0.29975E-01
         0.40820E+02          0.28080E-01
         0.40806E+02          0.26586E-01
         0.40793E+02          0.25298E-01
         0.40780E+02          0.24545E-01
         0.40766E+02          0.24183E-01
         0.40753E+02          0.24149E-01
         0.40739E+02          0.24380E-01
         0.40726E+02          0.24801E-01
         0.40713E+02          0.25472E-01
         0.40699E+02          0.26218E-01
         0.40686E+02          0.27224E-01
         0.40673E+02          0.28694E-01
         0.40659E+02          0.32185E-01
         0.40646E+02          0.34071E-01
         0.40633E+02          0.28599E-01
         0.40619E+02          0.28155E-01
         0.40606E+02          0.28343E-01
         0.40593E+02          0.28410E-01
         0.40579E+02          0.28150E-01
         0.40566E+02          0.27356E-01
         0.40553E+02          0.25539E-01
         0.40540E+02          0.22514E-01
         0.40526E+02          0.18784E-01
         0.40513E+02          0.17479E-01
         0.40500E+02          0.20003E-01
         0.40487E+02          0.23917E-01
         0.40473E+02          0.27053E-01
         0.40460E+02          0.29490E-01
         0.40447E+02          0.31290E-01
         0.40434E+02          0.32506E-01
         0.40421E+02          0.33515E-01
         0.40407E+02          0.34261E-01
         0.40394E+02          0.35026E-01
         0.40381E+02          0.35603E-01
         0.40368E+02          0.36088E-01
         0.40355E+02          0.36638E-01
         0.40342E+02          0.37007E-01
         0.40329E+02          0.37530E-01
         0.40316E+02          0.37873E-01
         0.40302E+02          0.38407E-01
         0.40289E+02          0.38795E-01
         0.40276E+02          0.39397E-01
         0.40263E+02          0.39954E-01
         0.40250E+02          0.39668E-01
         0.40237E+02          0.40090E-01
         0.40224E+02          0.40433E-01
         0.40211E+02          0.40804E-01
         0.40198E+02          0.41194E-01
         0.40185E+02          0.41570E-01
         0.40172E+02          0.42007E-01
         0.40159E+02          0.42491E-01
         0.40146E+02          0.43052E-01
         0.40133E+02          0.43745E-01
         0.40120E+02          0.44746E-01
         0.40107E+02          0.46514E-01
         0.40094E+02          0.60714E-01
         0.40081E+02          0.53945E-01
         0.40068E+02          0.27502E-01
         0.40055E+02          0.35604E-01
         0.40042E+02          0.38652E-01
         0.40029E+02          0.40225E-01
         0.40016E+02          0.41335E-01
         0.40003E+02          0.42028E-01
         0.39990E+02          0.42516E-01
         0.39978E+02          0.42892E-01
         0.39965E+02          0.43585E-01
         0.39952E+02          0.45799E-01
         0.39939E+02          0.41771E-01
         0.39926E+02          0.40302E-01
         0.39913E+02          0.35832E-01
         0.39900E+02          0.24931E-01
         0.39888E+02          0.26491E-01
         0.39875E+02          0.37326E-01
         0.39862E+02          0.42054E-01
         0.39849E+02          0.44181E-01
         0.39836E+02          0.45371E-01
         0.39823E+02          0.46182E-01
         0.39811E+02          0.46791E-01
         0.39798E+02          0.47300E-01
         0.39785E+02          0.47742E-01
         0.39772E+02          0.48199E-01
         0.39760E+02          0.48589E-01
         0.39747E+02          0.48995E-01
         0.39734E+02          0.49371E-01
         0.39721E+02          0.49752E-01
         0.39709E+02          0.50166E-01
         0.39696E+02          0.64766E-01
         0.39683E+02          0.50885E-01
         0.39671E+02          0.51229E-01
         0.39658E+02          0.51564E-01
         0.39645E+02          0.51872E-01
         0.39632E+02          0.52242E-01
         0.39620E+02          0.53099E-01
         0.39607E+02          0.45716E-01
         0.39595E+02          0.24907E-01
         0.39582E+02          0.44834E-01
         0.39569E+02          0.51104E-01
         0.39557E+02          0.53105E-01
         0.39544E+02          0.54177E-01
         0.39531E+02          0.54943E-01
         0.39519E+02          0.55579E-01
         0.39506E+02          0.56141E-01
         0.39494E+02          0.56600E-01
         0.39481E+02          0.57673E-01
         0.39468E+02          0.57866E-01
         0.39456E+02          0.58192E-01
         0.39443E+02          0.59869E-01
         0.39431E+02          0.43743E-01
         0.39418E+02          0.49377E-01
         0.39406E+02          0.57827E-01
         0.39393E+02          0.59640E-01
         0.39381E+02          0.60556E-01
         0.39368E+02          0.61066E-01
         0.39356E+02          0.62439E-01
         0.39343E+02          0.62750E-01
         0.39331E+02          0.60847E-01
         0.39318E+02          0.46203E-01
         0.39306E+02          0.61597E-01
         0.39293E+02          0.63635E-01
         0.39281E+02          0.61873E-01
         0.39268E+02          0.55630E-01
         0.39256E+02          0.12070E-01
         0.39244E+02          0.56261E-01
         0.39231E+02          0.62643E-01
         0.39219E+02          0.63657E-01
         0.39206E+02          0.39567E-01
         0.39194E+02          0.63363E-01
         0.39182E+02          0.64074E-01
         0.39169E+02          0.46103E-01
         0.39157E+02          0.61084E-01
         0.39144E+02          0.21868E-01
         0.39132E+02          0.93503E-01
         0.39120E+02          0.56127E-01
         0.39107E+02          0.52226E-01
         0.39095E+02          0.51161E-01
         0.39083E+02          0.50114E-01
         0.39070E+02          0.44854E-01
         0.39058E+02          0.45982E-01
         0.39046E+02          0.44657E-01
         0.39034E+02          0.42826E-01
         0.39021E+02          0.41133E-01
         0.39009E+02          0.37042E-01
         0.38997E+02          0.35950E-01
         0.38984E+02          0.34991E-01
         0.38972E+02          0.34161E-01
         0.38960E+02          0.33652E-01
         0.38948E+02          0.37382E-01
         0.38936E+02          0.35299E-01
         0.38923E+02          0.32868E-01
         0.38911E+02          0.30633E-01
         0.38899E+02          0.27726E-01
         0.38887E+02          0.65117E-01
         0.38874E+02          0.43993E-01
         0.38862E+02          0.40647E-01
         0.38850E+02          0.39740E-01
         0.38838E+02          0.39567E-01
         0.38826E+02          0.39731E-01
         0.38814E+02          0.40078E-01
         0.38801E+02          0.40556E-01
         0.38789E+02          0.41098E-01
         0.38777E+02          0.41789E-01
         0.38765E+02          0.42587E-01
         0.38753E+02          0.43435E-01
         0.38741E+02          0.44310E-01
         0.38729E+02          0.45209E-01
         0.38717E+02          0.45832E-01
         0.38705E+02          0.40981E-01
         0.38692E+02          0.61034E-01
         0.38680E+02          0.43604E-01
         0.38668E+02          0.35738E-01
         0.38656E+02          0.44308E-01
         0.38644E+02          0.41051E-01
         0.38632E+02          0.44531E-01
         0.38620E+02          0.47982E-01
         0.38608E+02          0.51024E-01
         0.38596E+02          0.66665E-01
         0.38584E+02          0.72657E-01
         0.38572E+02          0.78679E-01
         0.38560E+02          0.65602E-01
         0.38548E+02          0.57586E-01
         0.38536E+02          0.42699E-01
         0.38524E+02          0.43978E-01
         0.38512E+02          0.52628E-01
         0.38500E+02          0.80934E-01
         0.38488E+02          0.50066E-01
         0.38476E+02          0.61383E-01
         0.38464E+02          0.79898E-01
         0.38452E+02          0.13050E+00
         0.38441E+02          0.12070E+00
         0.38429E+02          0.12289E+00
         0.38417E+02          0.14506E+00
         0.38405E+02          0.18180E+00
         0.38393E+02          0.22026E+00
         0.38381E+02          0.20616E+00
         0.38369E+02          0.12243E+00
         0.38357E+02          0.74194E-01
         0.38345E+02          0.29890E-01
         0.38334E+02          0.13200E-01
         0.38322E+02          0.98232E-02
         0.38310E+02          0.86900E-02
         0.38298E+02          0.94979E-02
         0.38286E+02          0.10833E-01
         0.38274E+02          0.14049E-01
         0.38263E+02          0.15792E-01
         0.38251E+02          0.15492E-01
         0.38239E+02          0.16161E-01
         0.38227E+02          0.17050E-01
         0.38215E+02          0.19821E-01
         0.38204E+02          0.21225E-01
         0.38192E+02          0.23636E-01
         0.38180E+02          0.22162E-01
         0.38168E+02          0.22875E-01
         0.38157E+02          0.24027E-01
         0.38145E+02          0.25610E-01
         0.38133E+02          0.27361E-01
         0.38121E+02          0.28848E-01
         0.38110E+02          0.30020E-01
         0.38098E+02          0.32522E-01
         0.38086E+02          0.30485E-01
         0.38075E+02          0.31212E-01
         0.38063E+02          0.31784E-01
         0.38051E+02          0.32332E-01
         0.38040E+02          0.32974E-01
         0.38028E+02          0.33056E-01
         0.38016E+02          0.33731E-01
         0.38005E+02          0.34321E-01
         0.37993E+02          0.34961E-01
         0.37981E+02          0.35310E-01
         0.37970E+02          0.35980E-01
         0.37958E+02          0.36684E-01
         0.37946E+02          0.37168E-01
         0.37935E+02          0.37778E-01
         0.37923E+02          0.38383E-01
         0.37912E+02          0.39444E-01
         0.37900E+02          0.40248E-01
         0.37888E+02          0.41274E-01
         0.37877E+02          0.42859E-01
         0.37865E+02          0.44946E-01
         0.37854E+02          0.46164E-01
         0.37842E+02          0.51293E-01
         0.37831E+02          0.61096E-01
         0.37819E+02          0.11551E+00
         0.37796E+02          0.31669E-01
         0.37785E+02          0.35954E-01
         0.37773E+02          0.39815E-01
         0.37762E+02          0.43373E-01
         0.37750E+02          0.47401E-01
         0.37739E+02          0.53805E-01
         0.37727E+02          0.84165E-01
         0.37716E+02          0.94859E-01
         0.37704E+02          0.89440E-01
         0.37693E+02          0.48966E-01
         0.37681E+02          0.14503E-01
         0.37670E+02          0.14882E-01
         0.37658E+02          0.19331E-01
         0.37647E+02          0.22825E-01
         0.37635E+02          0.25518E-01
         0.37624E+02          0.27632E-01
         0.37613E+02          0.29356E-01
         0.37601E+02          0.30815E-01
         0.37590E+02          0.32082E-01
         0.37578E+02          0.33230E-01
         0.37567E+02          0.34322E-01
         0.37556E+02          0.35401E-01
         0.37544E+02          0.36229E-01
         0.37533E+02          0.37372E-01
         0.37522E+02          0.38762E-01
         0.37510E+02          0.41011E-01
         0.37499E+02          0.45417E-01
         0.37487E+02          0.19768E-01
         0.37476E+02          0.34604E-01
         0.37465E+02          0.37940E-01
         0.37454E+02          0.40702E-01
         0.37442E+02          0.42840E-01
         0.37431E+02          0.15570E-01
         0.37420E+02          0.37934E-01
         0.37408E+02          0.43681E-01
         0.37397E+02          0.51710E-01
         0.37386E+02          0.10566E+00
         0.37374E+02          0.56847E-01
         0.37363E+02          0.18021E-01
         0.37352E+02          0.25470E-01
         0.37341E+02          0.30284E-01
         0.37329E+02          0.33672E-01
         0.37318E+02          0.38501E-01
         0.37307E+02          0.28541E-01
         0.37296E+02          0.34689E-01
         0.37285E+02          0.36586E-01
         0.37273E+02          0.38329E-01
         0.37262E+02          0.39405E-01
         0.37251E+02          0.42176E-01
         0.37240E+02          0.45508E-01
         0.37229E+02          0.34904E-01
         0.37217E+02          0.45647E-01
         0.37206E+02          0.99145E-01
         0.37195E+02          0.17126E-01
         0.37184E+02          0.28474E-01
         0.37173E+02          0.33329E-01
         0.37162E+02          0.36208E-01
         0.37151E+02          0.38282E-01
         0.37139E+02          0.41933E-01
         0.37128E+02          0.40025E-01
         0.37117E+02          0.22474E-01
         0.37106E+02          0.49333E-01
         0.37095E+02          0.43999E-01
         0.37084E+02          0.29223E-01
         0.37073E+02          0.35813E-01
         0.37062E+02          0.39025E-01
         0.37051E+02          0.37804E-01
         0.37040E+02          0.28468E-01
         0.37028E+02          0.71837E-01
         0.37017E+02          0.37897E-01
         0.37006E+02          0.23760E-01
         0.36995E+02          0.43263E-01
         0.36984E+02          0.46419E-01
         0.36973E+02          0.31244E-01
         0.36962E+02          0.42396E-01
         0.36951E+02          0.38229E-01
         0.36940E+02          0.34640E-01
         0.36929E+02          0.42911E-01
         0.36918E+02          0.28456E-01
         0.36907E+02          0.44246E-01
         0.36896E+02          0.39230E-01
         0.36885E+02          0.31912E-01
         0.36874E+02          0.26136E-01
         0.36863E+02          0.38263E-01
         0.36852E+02          0.22448E-01
         0.36841E+02          0.46712E-01
         0.36830E+02          0.29193E-01
         0.36820E+02          0.94842E-01
         0.36809E+02          0.53526E-01
         0.36798E+02          0.41039E-01
         0.36787E+02          0.40627E-01
         0.36776E+02          0.41265E-01
         0.36765E+02          0.42638E-01
         0.36754E+02          0.44358E-01
         0.36743E+02          0.45987E-01
         0.36732E+02          0.48926E-01
         0.36721E+02          0.51527E-01
         0.36711E+02          0.51216E-01
         0.36700E+02          0.45941E-01
         0.36689E+02          0.39284E-01
         0.36678E+02          0.35035E-01
         0.36667E+02          0.33068E-01
         0.36656E+02          0.32370E-01
         0.36645E+02          0.32511E-01
         0.36635E+02          0.29461E-01
         0.36624E+02          0.31486E-01
         0.36613E+02          0.31857E-01
         0.36602E+02          0.32115E-01
         0.36591E+02          0.32338E-01
         0.36581E+02          0.32538E-01
         0.36570E+02          0.32722E-01
         0.36559E+02          0.32892E-01
         0.36548E+02          0.33050E-01
         0.36537E+02          0.33199E-01
         0.36527E+02          0.33346E-01
         0.36516E+02          0.33509E-01
         0.36505E+02          0.33780E-01
         0.36494E+02          0.33469E-01
         0.36484E+02          0.31706E-01
         0.36473E+02          0.35495E-01
         0.36462E+02          0.34668E-01
         0.36451E+02          0.34579E-01
         0.36441E+02          0.34635E-01
         0.36430E+02          0.34754E-01
         0.36419E+02          0.34657E-01
         0.36409E+02          0.33772E-01
         0.36398E+02          0.34313E-01
         0.36387E+02          0.34542E-01
         0.36377E+02          0.34690E-01
         0.36366E+02          0.34826E-01
         0.36355E+02          0.34940E-01
         0.36345E+02          0.35051E-01
         0.36334E+02          0.35167E-01
         0.36323E+02          0.35299E-01
         0.36313E+02          0.35570E-01
         0.36302E+02          0.35364E-01
         0.36291E+02          0.35562E-01
         0.36281E+02          0.35725E-01
         0.36270E+02          0.35902E-01
         0.36260E+02          0.36109E-01
         0.36249E+02          0.36327E-01
         0.36238E+02          0.35477E-01
         0.36228E+02          0.34049E-01
         0.36217E+02          0.36720E-01
         0.36207E+02          0.35581E-01
         0.36196E+02          0.36253E-01
         0.36186E+02          0.36893E-01
         0.36175E+02          0.37323E-01
         0.36164E+02          0.37163E-01
         0.36154E+02          0.37833E-01
         0.36143E+02          0.38833E-01
         0.36133E+02          0.45439E-01
         0.36122E+02          0.39475E-01
         0.36112E+02          0.41590E-01
         0.36101E+02          0.46264E-01
         0.36091E+02          0.53938E-01
         0.36080E+02          0.53448E-01
         0.36070E+02          0.35013E-01
         0.36059E+02          0.32253E-01
         0.36049E+02          0.32932E-01
         0.36038E+02          0.32836E-01
         0.36028E+02          0.33256E-01
         0.36017E+02          0.33382E-01
         0.36007E+02          0.33670E-01
         0.35996E+02          0.32424E-01
         0.35986E+02          0.34166E-01
         0.35976E+02          0.34321E-01
         0.35965E+02          0.33923E-01
         0.35955E+02          0.34453E-01
         0.35944E+02          0.34459E-01
         0.35934E+02          0.35038E-01
         0.35923E+02          0.34741E-01
         0.35913E+02          0.34849E-01
         0.35903E+02          0.35140E-01
         0.35892E+02          0.35573E-01
         0.35882E+02          0.36989E-01
         0.35871E+02          0.42038E-01
         0.35861E+02          0.38096E-01
         0.35851E+02          0.40974E-01
         0.35840E+02          0.55092E-01
         0.35830E+02          0.46073E-01
         0.35820E+02          0.43584E-01
         0.35809E+02          0.43961E-01
         0.35799E+02          0.50582E-01
         0.35789E+02          0.39225E-01
         0.35778E+02          0.36476E-01
         0.35768E+02          0.36225E-01
         0.35758E+02          0.36331E-01
         0.35747E+02          0.36462E-01
         0.35737E+02          0.36580E-01
         0.35727E+02          0.36681E-01
         0.35716E+02          0.36755E-01
         0.35706E+02          0.36792E-01
         0.35696E+02          0.36769E-01
         0.35686E+02          0.36523E-01
         0.35675E+02          0.35865E-01
         0.35665E+02          0.37025E-01
         0.35655E+02          0.38667E-01
         0.35645E+02          0.44130E-01
         0.35634E+02          0.30771E-01
         0.35624E+02          0.29760E-01
         0.35614E+02          0.29190E-01
         0.35604E+02          0.28715E-01
         0.35593E+02          0.28474E-01
         0.35583E+02          0.28516E-01
         0.35573E+02          0.28815E-01
         0.35563E+02          0.30361E-01
         0.35553E+02          0.32944E-01
         0.35542E+02          0.27094E-01
         0.35532E+02          0.27960E-01
         0.35522E+02          0.28790E-01
         0.35512E+02          0.29461E-01
         0.35502E+02          0.29816E-01
         0.35492E+02          0.32960E-01
         0.35481E+02          0.28354E-01
         0.35471E+02          0.29644E-01
         0.35461E+02          0.30379E-01
         0.35451E+02          0.30375E-01
         0.35441E+02          0.29333E-01
         0.35431E+02          0.30624E-01
         0.35421E+02          0.32433E-01
         0.35410E+02          0.30246E-01
         0.35400E+02          0.31557E-01
         0.35390E+02          0.44468E-01
         0.35380E+02          0.32013E-01
         0.35370E+02          0.31794E-01
         0.35360E+02          0.38187E-01
         0.35350E+02          0.34708E-01
         0.35340E+02          0.42140E-01
         0.35330E+02          0.31480E-01
         0.35320E+02          0.31674E-01
         0.35310E+02          0.31858E-01
         0.35300E+02          0.35257E-01
         0.35289E+02          0.37695E-01
         0.35279E+02          0.32515E-01
         0.35269E+02          0.32478E-01
         0.35259E+02          0.32464E-01
         0.35249E+02          0.32524E-01
         0.35239E+02          0.33318E-01
         0.35229E+02          0.42952E-01
         0.35219E+02          0.37778E-01
         0.35209E+02          0.34776E-01
         0.35199E+02          0.34038E-01
         0.35189E+02          0.33727E-01
         0.35179E+02          0.33562E-01
         0.35169E+02          0.33462E-01
         0.35159E+02          0.33398E-01
         0.35149E+02          0.33355E-01
         0.35139E+02          0.33327E-01
         0.35129E+02          0.33310E-01
         0.35120E+02          0.33303E-01
         0.35110E+02          0.33305E-01
         0.35100E+02          0.33317E-01
         0.35090E+02          0.33341E-01
         0.35080E+02          0.33378E-01
         0.35070E+02          0.33436E-01
         0.35060E+02          0.33522E-01
         0.35050E+02          0.33650E-01
         0.35040E+02          0.33847E-01
         0.35030E+02          0.34155E-01
         0.35020E+02          0.34451E-01
         0.35010E+02          0.33833E-01
         0.35001E+02          0.33962E-01
         0.34991E+02          0.33931E-01
         0.34981E+02          0.30963E-01
         0.34971E+02          0.28300E-01
         0.34961E+02          0.29313E-01
         0.34951E+02          0.53860E-01
         0.34941E+02          0.25285E-01
         0.34932E+02          0.30487E-01
         0.34922E+02          0.32702E-01
         0.34912E+02          0.33620E-01
         0.34902E+02          0.34016E-01
         0.34892E+02          0.34209E-01
         0.34882E+02          0.34331E-01
         0.34873E+02          0.34450E-01
         0.34863E+02          0.34612E-01
         0.34853E+02          0.34879E-01
         0.34843E+02          0.35380E-01
         0.34833E+02          0.34908E-01
         0.34824E+02          0.36200E-01
         0.34814E+02          0.36223E-01
         0.34804E+02          0.39903E-01
         0.34794E+02          0.43309E-01
         0.34785E+02          0.42577E-01
         0.34775E+02          0.35291E-01
         0.34765E+02          0.32500E-01
         0.34755E+02          0.31653E-01
         0.34746E+02          0.31341E-01
         0.34736E+02          0.31431E-01
         0.34726E+02          0.30451E-01
         0.34716E+02          0.29412E-01
         0.34707E+02          0.35760E-01
         0.34697E+02          0.30802E-01
         0.34687E+02          0.32180E-01
         0.34678E+02          0.34553E-01
         0.34668E+02          0.36095E-01
         0.34658E+02          0.36269E-01
         0.34648E+02          0.36773E-01
         0.34639E+02          0.35814E-01
         0.34629E+02          0.35168E-01
         0.34619E+02          0.35240E-01
         0.34610E+02          0.32823E-01
         0.34600E+02          0.33996E-01
         0.34590E+02          0.33022E-01
         0.34581E+02          0.30766E-01
         0.34571E+02          0.31239E-01
         0.34562E+02          0.30402E-01
         0.34552E+02          0.29916E-01
         0.34542E+02          0.30186E-01
         0.34533E+02          0.29943E-01
         0.34523E+02          0.30439E-01
         0.34513E+02          0.30834E-01
         0.34504E+02          0.30871E-01
         0.34494E+02          0.31750E-01
         0.34485E+02          0.31154E-01
         0.34475E+02          0.37581E-01
         0.34465E+02          0.31488E-01
         0.34456E+02          0.31722E-01
         0.34446E+02          0.30557E-01
         0.34437E+02          0.30148E-01
         0.34427E+02          0.29660E-01
         0.34418E+02          0.29101E-01
         0.34408E+02          0.28487E-01
         0.34398E+02          0.27833E-01
         0.34389E+02          0.27159E-01
         0.34379E+02          0.26486E-01
         0.34370E+02          0.25834E-01
         0.34360E+02          0.25220E-01
         0.34351E+02          0.24659E-01
         0.34341E+02          0.24161E-01
         0.34332E+02          0.23730E-01
         0.34322E+02          0.23369E-01
         0.34313E+02          0.23075E-01
         0.34303E+02          0.22844E-01
         0.34294E+02          0.22672E-01
         0.34284E+02          0.22555E-01
         0.34275E+02          0.22492E-01
         0.34265E+02          0.22488E-01
         0.34256E+02          0.22559E-01
         0.34246E+02          0.22746E-01
         0.76470E+02          0.00000E+00
