 0.10000E+00  0.15155420E+04
 0.11000E+00  0.13806774E+04
 0.12000E+00  0.12666309E+04
 0.13000E+00  0.12130863E+04
 0.14000E+00  0.11772092E+04
 0.15000E+00  0.10040924E+04
 0.16000E+00  0.92923486E+03
 0.17000E+00  0.89423981E+03
 0.18000E+00  0.25196467E+04
 0.19000E+00  0.76542615E+03
 0.20000E+00  0.72564423E+03
 0.21000E+00  0.69007227E+03
 0.22000E+00  0.65785669E+03
 0.23000E+00  0.62854779E+03
 0.24000E+00  0.60177185E+03
 0.25000E+00  0.57721613E+03
 0.26000E+00  0.55461676E+03
 0.27000E+00  0.53374994E+03
 0.28000E+00  0.51442438E+03
 0.29000E+00  0.49647592E+03
 0.30000E+00  0.47976282E+03
 0.31000E+00  0.46416196E+03
 0.32000E+00  0.44956610E+03
 0.33000E+00  0.43588132E+03
 0.34000E+00  0.42302493E+03
 0.35000E+00  0.41092401E+03
 0.36000E+00  0.39951392E+03
 0.37000E+00  0.38873712E+03
 0.38000E+00  0.37854236E+03
 0.39000E+00  0.36888370E+03
 0.40000E+00  0.35971997E+03
 0.41000E+00  0.35101401E+03
 0.42000E+00  0.34273239E+03
 0.43000E+00  0.33484476E+03
 0.44000E+00  0.32732370E+03
 0.45000E+00  0.32014413E+03
 0.46000E+00  0.31328336E+03
 0.47000E+00  0.30672055E+03
 0.48000E+00  0.30043671E+03
 0.49000E+00  0.29441437E+03
 0.50000E+00  0.28863754E+03
 0.51000E+00  0.28309146E+03
 0.52000E+00  0.27776254E+03
 0.53000E+00  0.27263831E+03
 0.54000E+00  0.26770709E+03
 0.55000E+00  0.26295822E+03
 0.56000E+00  0.25838168E+03
 0.57000E+00  0.25396832E+03
 0.58000E+00  0.24970949E+03
 0.59000E+00  0.24559717E+03
 0.60000E+00  0.24162395E+03
 0.61000E+00  0.23778285E+03
 0.62000E+00  0.23406737E+03
 0.63000E+00  0.23047141E+03
 0.64000E+00  0.22698929E+03
 0.65000E+00  0.22361566E+03
 0.66000E+00  0.22034552E+03
 0.67000E+00  0.21717413E+03
 0.68000E+00  0.21409709E+03
 0.69000E+00  0.21111023E+03
 0.70000E+00  0.20820961E+03
 0.71000E+00  0.20539153E+03
 0.72000E+00  0.20265250E+03
 0.73000E+00  0.19998923E+03
 0.74000E+00  0.19739856E+03
 0.75000E+00  0.19487759E+03
 0.76000E+00  0.19242349E+03
 0.77000E+00  0.19003363E+03
 0.78000E+00  0.18770551E+03
 0.79000E+00  0.18543669E+03
 0.80000E+00  0.18322502E+03
 0.81000E+00  0.18106825E+03
 0.82000E+00  0.17896437E+03
 0.83000E+00  0.17691144E+03
 0.84000E+00  0.17490761E+03
 0.85000E+00  0.17295111E+03
 0.86000E+00  0.17104027E+03
 0.87000E+00  0.16917346E+03
 0.88000E+00  0.16734920E+03
 0.89000E+00  0.16556598E+03
 0.90000E+00  0.16382242E+03
 0.91000E+00  0.16211719E+03
 0.92000E+00  0.16044901E+03
 0.93000E+00  0.15881665E+03
 0.94000E+00  0.15721895E+03
 0.95000E+00  0.15565477E+03
 0.96000E+00  0.15412305E+03
 0.97000E+00  0.15262276E+03
 0.98000E+00  0.15115286E+03
 0.99000E+00  0.14971245E+03
 0.10000E+01  0.14830057E+03
 0.10100E+01  0.14691635E+03
 0.10200E+01  0.14555893E+03
 0.10300E+01  0.14422746E+03
 0.10400E+01  0.14292114E+03
 0.10500E+01  0.14163918E+03
 0.10600E+01  0.14038080E+03
 0.10700E+01  0.13914522E+03
 0.10800E+01  0.13793167E+03
 0.10900E+01  0.13673933E+03
 0.11000E+01  0.13556734E+03
 0.11100E+01  0.13441470E+03
 0.11200E+01  0.13328021E+03
 0.11300E+01  0.13216237E+03
 0.11400E+01  0.13105954E+03
 0.11500E+01  0.12997351E+03
 0.11600E+01  0.12893127E+03
 0.11700E+01  0.12796983E+03
 0.11800E+01  0.12699113E+03
 0.11900E+01  0.12598930E+03
 0.12000E+01  0.12499590E+03
 0.12100E+01  0.12401808E+03
 0.12200E+01  0.12305639E+03
 0.12300E+01  0.12211023E+03
 0.12400E+01  0.12117894E+03
 0.12500E+01  0.12026191E+03
 0.12600E+01  0.11935868E+03
 0.12700E+01  0.11846903E+03
 0.12800E+01  0.11759279E+03
 0.12900E+01  0.11672723E+03
 0.13000E+01  0.11587127E+03
 0.13100E+01  0.11502695E+03
 0.13200E+01  0.11419375E+03
 0.13300E+01  0.11337090E+03
 0.13400E+01  0.11255779E+03
 0.13500E+01  0.11175381E+03
 0.13600E+01  0.11095839E+03
 0.13700E+01  0.11017094E+03
 0.13800E+01  0.10939082E+03
 0.13900E+01  0.10861733E+03
 0.14000E+01  0.10784970E+03
 0.14100E+01  0.10708709E+03
 0.14200E+01  0.10632852E+03
 0.14300E+01  0.10557291E+03
 0.14400E+01  0.10481896E+03
 0.14500E+01  0.10406516E+03
 0.14600E+01  0.10330972E+03
 0.14700E+01  0.10255042E+03
 0.14800E+01  0.10178458E+03
 0.14900E+01  0.10100880E+03
 0.15000E+01  0.10021881E+03
 0.15100E+01  0.99409416E+02
 0.15200E+01  0.98571419E+02
 0.15300E+01  0.97696724E+02
 0.15400E+01  0.96770088E+02
 0.15500E+01  0.95770340E+02
 0.15600E+01  0.94663841E+02
 0.15700E+01  0.93390282E+02
 0.15800E+01  0.91811897E+02
 0.15900E+01  0.89389938E+02
 0.16000E+01  0.69634918E+02
 0.16100E+01  0.90413429E+02
 0.16200E+01  0.87275108E+02
 0.16300E+01  0.85167023E+02
 0.16400E+01  0.84282753E+02
 0.16500E+01  0.85139114E+02
 0.16600E+01  0.87188057E+02
 0.16700E+01  0.89223244E+02
 0.16800E+01  0.90604218E+02
 0.16900E+01  0.91326317E+02
 0.17000E+01  0.91582726E+02
 0.17100E+01  0.91547203E+02
 0.17200E+01  0.91335815E+02
 0.17300E+01  0.91019592E+02
 0.17400E+01  0.90641060E+02
 0.17500E+01  0.90225822E+02
 0.17600E+01  0.89789467E+02
 0.17700E+01  0.89341652E+02
 0.17800E+01  0.88888451E+02
 0.17900E+01  0.88433723E+02
 0.18000E+01  0.87979958E+02
 0.18100E+01  0.87528755E+02
 0.18200E+01  0.87081131E+02
 0.18300E+01  0.86637749E+02
 0.18400E+01  0.86198997E+02
 0.18500E+01  0.85765144E+02
 0.18600E+01  0.85336281E+02
 0.18700E+01  0.84912468E+02
 0.18800E+01  0.84493713E+02
 0.18900E+01  0.84079964E+02
 0.19000E+01  0.83671158E+02
 0.19100E+01  0.83267227E+02
 0.19200E+01  0.82868088E+02
 0.19300E+01  0.82473640E+02
 0.19400E+01  0.82083801E+02
 0.19500E+01  0.81698463E+02
 0.19600E+01  0.81317543E+02
 0.19700E+01  0.80940933E+02
 0.19800E+01  0.80568565E+02
 0.19900E+01  0.80200325E+02
 0.20000E+01  0.79836143E+02
 0.20100E+01  0.79475922E+02
 0.20200E+01  0.79119591E+02
 0.20300E+01  0.78767059E+02
 0.20400E+01  0.78418259E+02
 0.20500E+01  0.78073112E+02
 0.20600E+01  0.77731544E+02
 0.20700E+01  0.77393486E+02
 0.20800E+01  0.77058876E+02
 0.20900E+01  0.76727638E+02
 0.21000E+01  0.76399712E+02
 0.21100E+01  0.76075043E+02
 0.21200E+01  0.75753563E+02
 0.21300E+01  0.75435211E+02
 0.21400E+01  0.75119934E+02
 0.21500E+01  0.74807686E+02
 0.21600E+01  0.74498390E+02
 0.21700E+01  0.74192009E+02
 0.21800E+01  0.73888496E+02
 0.21900E+01  0.73587784E+02
 0.22000E+01  0.73289841E+02
 0.22100E+01  0.72994598E+02
 0.22200E+01  0.72702026E+02
 0.22300E+01  0.72412071E+02
 0.22400E+01  0.72124687E+02
 0.22500E+01  0.71839836E+02
 0.22600E+01  0.71557457E+02
 0.22700E+01  0.71277519E+02
 0.22800E+01  0.70999977E+02
 0.22900E+01  0.70724785E+02
 0.23000E+01  0.70451904E+02
 0.23100E+01  0.70181290E+02
 0.23200E+01  0.69912903E+02
 0.23300E+01  0.69646706E+02
 0.23400E+01  0.69382675E+02
 0.23500E+01  0.69120804E+02
 0.23600E+01  0.68861145E+02
 0.23700E+01  0.68603966E+02
 0.23800E+01  0.68350037E+02
 0.23900E+01  0.68100739E+02
 0.24000E+01  0.67853447E+02
 0.24100E+01  0.67602776E+02
 0.24200E+01  0.67352203E+02
 0.24300E+01  0.67103989E+02
 0.24400E+01  0.66858109E+02
 0.24500E+01  0.66614311E+02
 0.24600E+01  0.66372398E+02
 0.24700E+01  0.66132225E+02
 0.24800E+01  0.65893684E+02
 0.24900E+01  0.65656708E+02
 0.25000E+01  0.65421196E+02
 0.25100E+01  0.65187096E+02
 0.25200E+01  0.64954315E+02
 0.25300E+01  0.64722794E+02
 0.25400E+01  0.64492439E+02
 0.25500E+01  0.64263168E+02
 0.25600E+01  0.64034889E+02
 0.25700E+01  0.63807503E+02
 0.25800E+01  0.63580898E+02
 0.25900E+01  0.63354939E+02
 0.26000E+01  0.63129482E+02
 0.26100E+01  0.62904373E+02
 0.26200E+01  0.62679417E+02
 0.26300E+01  0.62454403E+02
 0.26400E+01  0.62229065E+02
 0.26500E+01  0.62003120E+02
 0.26600E+01  0.61776199E+02
 0.26700E+01  0.61547878E+02
 0.26800E+01  0.61317631E+02
 0.26900E+01  0.61084812E+02
 0.27000E+01  0.60848625E+02
 0.27100E+01  0.60608063E+02
 0.27200E+01  0.60361832E+02
 0.27300E+01  0.60108257E+02
 0.27400E+01  0.59845142E+02
 0.27500E+01  0.59569519E+02
 0.27600E+01  0.59277340E+02
 0.27700E+01  0.58962914E+02
 0.27800E+01  0.58618065E+02
 0.27900E+01  0.58230694E+02
 0.28000E+01  0.57782276E+02
 0.28100E+01  0.57243397E+02
 0.28200E+01  0.56565323E+02
 0.28300E+01  0.55663677E+02
 0.28400E+01  0.54386314E+02
 0.28500E+01  0.52455681E+02
 0.28600E+01  0.49421413E+02
 0.28700E+01  0.45042950E+02
 0.28800E+01  0.41377575E+02
 0.28900E+01  0.42661026E+02
 0.29000E+01  0.48074932E+02
 0.29100E+01  0.52325893E+02
 0.29200E+01  0.54502552E+02
 0.29300E+01  0.55561321E+02
 0.29400E+01  0.56075413E+02
 0.29500E+01  0.56311428E+02
 0.29600E+01  0.56396137E+02
 0.29700E+01  0.56393677E+02
 0.29800E+01  0.56338535E+02
 0.29900E+01  0.56250305E+02
 0.30000E+01  0.56140663E+02
 0.30100E+01  0.56016823E+02
 0.30200E+01  0.55883423E+02
 0.30300E+01  0.55743507E+02
 0.30400E+01  0.55599140E+02
 0.30500E+01  0.55455597E+02
 0.30600E+01  0.55302315E+02
 0.30700E+01  0.55151573E+02
 0.30800E+01  0.55000019E+02
 0.30900E+01  0.54848038E+02
 0.31000E+01  0.54695896E+02
 0.31100E+01  0.54543800E+02
 0.31200E+01  0.54391895E+02
 0.31300E+01  0.54240288E+02
 0.31400E+01  0.54089062E+02
 0.31500E+01  0.53938267E+02
 0.31600E+01  0.53787941E+02
 0.31700E+01  0.53638103E+02
 0.31800E+01  0.53488766E+02
 0.31900E+01  0.53339931E+02
 0.32000E+01  0.53191612E+02
 0.32100E+01  0.53043934E+02
 0.32200E+01  0.52897362E+02
 0.32300E+01  0.52750309E+02
 0.32400E+01  0.52603470E+02
 0.32500E+01  0.52457039E+02
 0.32600E+01  0.52311523E+02
 0.32700E+01  0.52165943E+02
 0.32800E+01  0.52019917E+02
 0.32900E+01  0.51874943E+02
 0.33000E+01  0.51729820E+02
 0.33100E+01  0.51584663E+02
 0.33200E+01  0.51439388E+02
 0.33300E+01  0.51293892E+02
 0.33400E+01  0.51148041E+02
 0.33500E+01  0.51001686E+02
 0.33600E+01  0.50854652E+02
 0.33700E+01  0.50706734E+02
 0.33800E+01  0.50557686E+02
 0.33900E+01  0.50407211E+02
 0.34000E+01  0.50254963E+02
 0.34100E+01  0.50100513E+02
 0.34200E+01  0.49943321E+02
 0.34300E+01  0.49782738E+02
 0.34400E+01  0.49617928E+02
 0.34500E+01  0.49447826E+02
 0.34600E+01  0.49271053E+02
 0.34700E+01  0.49085785E+02
 0.34800E+01  0.48889565E+02
 0.34900E+01  0.48679028E+02
 0.35000E+01  0.48449425E+02
 0.35100E+01  0.48193932E+02
 0.35200E+01  0.47902451E+02
 0.35300E+01  0.47559765E+02
 0.35400E+01  0.47142986E+02
 0.35500E+01  0.46621323E+02
 0.35600E+01  0.45985779E+02
 0.35700E+01  0.45582344E+02
 0.35800E+01  0.49920498E+02
 0.35900E+01  0.64449051E+02
 0.36000E+01  0.58893745E+02
 0.36100E+01  0.55148315E+02
 0.36200E+01  0.53415920E+02
 0.36300E+01  0.52547699E+02
 0.36400E+01  0.52146702E+02
 0.36500E+01  0.52077942E+02
 0.36600E+01  0.52290421E+02
 0.36700E+01  0.52672314E+02
 0.36800E+01  0.52746117E+02
 0.36900E+01  0.53020870E+02
 0.37000E+01  0.52127163E+02
 0.37100E+01  0.50596519E+02
 0.37200E+01  0.49508907E+02
 0.37300E+01  0.48770653E+02
 0.37400E+01  0.48257904E+02
 0.37500E+01  0.47881973E+02
 0.37600E+01  0.47589531E+02
 0.37700E+01  0.47349594E+02
 0.37800E+01  0.47143932E+02
 0.37900E+01  0.46961494E+02
 0.38000E+01  0.46795361E+02
 0.38100E+01  0.46641029E+02
 0.38200E+01  0.46495506E+02
 0.38300E+01  0.46356716E+02
 0.38400E+01  0.46223183E+02
 0.38500E+01  0.46093842E+02
 0.38600E+01  0.45967892E+02
 0.38700E+01  0.45844723E+02
 0.38800E+01  0.45723858E+02
 0.38900E+01  0.45604916E+02
 0.39000E+01  0.45487579E+02
 0.39100E+01  0.45371586E+02
 0.39200E+01  0.45256706E+02
 0.39300E+01  0.45142731E+02
 0.39400E+01  0.45029472E+02
 0.39500E+01  0.44916752E+02
 0.39600E+01  0.44804394E+02
 0.39700E+01  0.44692204E+02
 0.39800E+01  0.44579994E+02
 0.39900E+01  0.44467541E+02
 0.40000E+01  0.44354603E+02
 0.40100E+01  0.44240887E+02
 0.40200E+01  0.44126038E+02
 0.40300E+01  0.44009613E+02
 0.40400E+01  0.43891041E+02
 0.40500E+01  0.43769554E+02
 0.40600E+01  0.43644104E+02
 0.40700E+01  0.43515339E+02
 0.40800E+01  0.43374416E+02
 0.40900E+01  0.43224072E+02
 0.41000E+01  0.43055386E+02
 0.41100E+01  0.42854649E+02
 0.41200E+01  0.42588268E+02
 0.41300E+01  0.42146221E+02
 0.41400E+01  0.41161613E+02
 0.41500E+01  0.43156532E+02
 0.41600E+01  0.42828182E+02
 0.41700E+01  0.42390545E+02
 0.41800E+01  0.41943588E+02
 0.41900E+01  0.41381508E+02
 0.42000E+01  0.40530193E+02
 0.42100E+01  0.39695709E+02
 0.42200E+01  0.39971695E+02
 0.42300E+01  0.41160423E+02
 0.42400E+01  0.41945908E+02
 0.42500E+01  0.42256092E+02
 0.42600E+01  0.42337399E+02
 0.42700E+01  0.42320602E+02
 0.42800E+01  0.42260750E+02
 0.42900E+01  0.42181274E+02
 0.43000E+01  0.42092701E+02
 0.43100E+01  0.42000023E+02
 0.43200E+01  0.41905708E+02
 0.43300E+01  0.41811028E+02
 0.43400E+01  0.41716633E+02
 0.43500E+01  0.41622883E+02
 0.43600E+01  0.41529957E+02
 0.43700E+01  0.41437984E+02
 0.43800E+01  0.41347042E+02
 0.43900E+01  0.41257236E+02
 0.44000E+01  0.41168709E+02
 0.44100E+01  0.41081696E+02
 0.44200E+01  0.40996601E+02
 0.44300E+01  0.40914143E+02
 0.44400E+01  0.40835697E+02
 0.44500E+01  0.40764175E+02
 0.44600E+01  0.40706776E+02
 0.44700E+01  0.40687126E+02
 0.44800E+01  0.40848942E+02
 0.44900E+01  0.39446411E+02
 0.45000E+01  0.39959312E+02
 0.45100E+01  0.39984432E+02
 0.45200E+01  0.39940487E+02
 0.45300E+01  0.39876099E+02
 0.45400E+01  0.39803978E+02
 0.45500E+01  0.39730450E+02
 0.45600E+01  0.39664230E+02
 0.45700E+01  0.39653290E+02
 0.45800E+01  0.40127113E+02
 0.45900E+01  0.39303032E+02
 0.46000E+01  0.39219002E+02
 0.46100E+01  0.39107430E+02
 0.46200E+01  0.38952583E+02
 0.46300E+01  0.38750092E+02
 0.46400E+01  0.38526596E+02
 0.46500E+01  0.38280064E+02
 0.46600E+01  0.38429451E+02
 0.46700E+01  0.38209087E+02
 0.46800E+01  0.38133076E+02
 0.46900E+01  0.36851704E+02
 0.47000E+01  0.38869263E+02
 0.47100E+01  0.39299206E+02
 0.47200E+01  0.39255547E+02
 0.47300E+01  0.39083580E+02
 0.47400E+01  0.38892925E+02
 0.47500E+01  0.38710262E+02
 0.47600E+01  0.38539078E+02
 0.47700E+01  0.38377213E+02
 0.47800E+01  0.38221462E+02
 0.47900E+01  0.38068657E+02
 0.48000E+01  0.37916203E+02
 0.48100E+01  0.37767395E+02
 0.48200E+01  0.37685799E+02
 0.48300E+01  0.37632137E+02
 0.48400E+01  0.37437588E+02
 0.48500E+01  0.37247532E+02
 0.48600E+01  0.37038261E+02
 0.48700E+01  0.36873726E+02
 0.48800E+01  0.36660889E+02
 0.48900E+01  0.36420937E+02
 0.49000E+01  0.36127621E+02
 0.49100E+01  0.35603699E+02
 0.49200E+01  0.35945839E+02
 0.49300E+01  0.35476452E+02
 0.49400E+01  0.35051151E+02
 0.49500E+01  0.34657028E+02
 0.49600E+01  0.34501987E+02
 0.49700E+01  0.35560970E+02
 0.49800E+01  0.40731964E+02
 0.49900E+01  0.47526474E+02
 0.50000E+01  0.46529472E+02
