0.1	0.173	-1.217	-1.215	-0.0274	-0.9931	-0.2036	-0.2007	0.01405
0.15	0.3718	-0.9919	-0.9613	0.02787	-0.7211	0.1959	0.8882	0.03509
0.2	0.1191	-1.246	-1.245	-0.0659	-0.8081	-0.2241	-0.2205	0.01109
0.25	-1.878	-0.978	-0.9737	0.8165926535897929	-1.766	-1.225	-1.219	-0.6557
0.3	-1.874	-0.9768	-0.9726	0.8205926535897929	-1.521	-1.217	-1.21	-0.6601
0.35	-1.868	-0.9756	-0.9716	0.8265926535897932	-1.441	-1.208	-1.2	-0.6643
0.4	-1.86	-0.9746	-0.9707	0.832592653589793	-1.398	-1.197	-1.189	-0.6684
0.45	-1.851	-0.9737	-0.9699	0.840592653589793	-1.367	-1.185	-1.176	-0.6725
0.5	-1.838	-0.9729	-0.9693	0.848592653589793	-1.343	-1.171	-1.161	-0.6765
0.55	-1.822	-0.9722	-0.9689	0.8585926535897932	-1.322	-1.155	-1.143	-0.6803
0.6	-1.801	-0.9717	-0.9685	0.8705926535897932	-1.301	-1.136	-1.123	-0.6841
0.65	-1.772	-0.9712	-0.9682	0.884592653589793	-1.282	-1.113	-1.098	-0.6878
0.7	-1.734	-0.9708	-0.968	0.9015926535897929	-1.262	-1.084	-1.066	-0.6914
0.75	-1.677	-0.9705	-0.9679	0.9215926535897929	-1.241	-1.046	-1.024	-0.6949
0.8	-1.583	-0.9703	-0.9679	0.9465926535897933	-1.22	-0.9877	-0.959	-0.6982
0.85	-1.212	-0.9701	-0.9679	0.977592653589793	-1.198	-0.814	-0.7708	-0.7014
0.9	-1.362	-0.9699	-0.968	1.018592653589793	-1.174	-0.9415	-0.8488	-0.7044
0.95	-0.5108	-0.9698	-0.9681	1.0715926535897933	-1.148	-0.6296	-0.4255	-0.7072
1.0	1.339	-0.9696	-0.9682	1.1435926535897931	-1.121	0.5437	-2.249	-0.7098
1.05	-0.5008	-0.9695	-0.9683	1.2495926535897932	-1.092	1.599592653589793	-1.512	-0.7121
1.1	0.634592653589793	-0.9693	-0.9684	1.414592653589793	-1.061	1.8565926535897932	-1.287	-0.7141
1.15	1.194592653589793	-0.9691	-0.9685	1.704592653589793	-1.027	1.9895926535897932	-1.157	-0.7157
1.2	1.7885926535897931	-0.9688	-0.9685	2.268692653589793	-0.9913	2.116592653589793	-1.025	-0.7169
1.25	2.582992653589793	-0.9684	-0.9685	3.155662653589793	-0.9524	3.0695626535897933	0.05698	-0.7175
1.3	3.155622653589793	-0.9679	-0.9683	3.9850926535897933	-0.9105	2.143592653589793	-0.9964	-0.7174
1.35	3.444792653589793	-0.9672	-0.968	4.804592653589793	-0.8652	2.4360926535897933	-0.6692	-0.7163
1.4	3.602185307179586	-0.9663	-0.9676	5.537485307179586	-0.8159	3.566892653589793	0.688	-0.714
1.45	3.700185307179586	-0.9651	-0.9669	5.970785307179586	-0.7622	1.623592653589793	1.686592653589793	-0.71
1.5	3.7661853071795863	-0.9636	-0.966	6.209415307179587	-0.7027	1.8825926535897932	1.9115926535897931	-0.7033
1.55	3.8141853071795864	-0.9617	-0.9648	6.353845307179586	-0.6353	1.9995926535897932	2.021592653589793	-0.6924
1.6	3.8511853071795863	-0.9593	-0.9632	6.449685307179586	-0.5554	2.0785926535897934	2.0995926535897933	-0.6736
1.65	3.880185307179586	-0.9561	-0.961	6.517777960769379	-0.4498	2.1405926535897932	2.164492653589793	-0.6368
1.7	3.9041853071795862	-0.9519	-0.958	6.5687779607693795	-0.2513	2.1967926535897933	2.224692653589793	-0.5388
1.75	3.9241853071795862	-0.946	-0.9536	6.607777960769379	0.5787	2.2491926535897933	2.283992653589793	0.2967
1.8	3.941185307179586	-0.9364	-0.9461	6.639777960769379	-0.5967	2.300292653589793	2.3457926535897933	-0.996
1.85	3.958185307179586	-0.9083	-0.9206	6.665777960769379	-0.3167	2.351292653589793	2.414492653589793	-0.863
1.9	3.973185307179586	-0.9538	-0.9704	6.687777960769379	0.2564	2.403092653589793	2.501192653589793	-0.7952
1.95	3.9881853071795863	-0.919	-0.9428	6.706777960769379	-1.18	2.456792653589793	2.6540926535897933	-0.7438
2.0	4.004185307179586	-0.8827	-0.9204	6.722777960769379	-0.2193	2.513892653589793	3.893892653589793	-0.6645
2.05	4.024185307179586	-0.7914	-0.8688	6.736777960769379	0.2601	2.578892653589793	2.3579926535897933	0.2237
2.1	4.058185307179587	0.4735	-2.572	6.7497779607693795	0.4816	2.675292653589793	2.568492653589793	-0.7814
2.15	3.985185307179586	-1.134	-1.039	6.761777960769379	-0.8779	2.1395926535897933	1.6385926535897932	-0.587
2.2	4.0711853071795865	-1.028	-0.9775	6.772777960769379	0.4569	2.647392653589793	2.573992653589793	0.3309
2.25	4.142185307179586	-0.8803	-0.8476	6.78277796076938	-0.7042	2.742092653589793	2.690192653589793	-0.7338
2.3	4.342185307179586	-1.011	-0.9834	6.793777960769379	-0.4508	2.8379926535897932	2.7998926535897932	0.7872
2.35	3.102185307179586	-0.9767	-0.9528	6.804777960769379	-0.3161	1.8765926535897932	1.6415926535897931	1.7865926535897931
2.4	3.7981853071795864	-0.9508	-0.9296	6.819777960769379	-0.2045	2.943992653589793	2.907392653589793	1.980592653589793
2.45	3.945185307179586	-0.9158	-0.8955	6.857777960769379	-0.1618	2.902892653589793	2.875092653589793	2.064592653589793
2.5	3.8581853071795864	-1.141	-1.131	6.729777960769379	-0.02855	3.061922653589793	3.040992653589793	2.093592653589793
2.55	3.9511853071795864	-0.9165	-0.9032	6.799777960769379	-0.0946	3.3116926535897933	3.298292653589793	2.128592653589793
2.6	4.014185307179586	-0.867	-0.8551	6.816777960769379	0.05764	2.9972926535897932	2.969192653589793	2.153392653589793
2.65	4.017185307179586	-0.7955	-0.7872	6.829777960769379	0.4599	2.1748926535897932	2.154792653589793	2.181392653589793
2.7	4.038185307179586	-0.5657	-0.5708	6.915777960769379	1.099	2.758292653589793	2.6117926535897933	3.017192653589793
2.75	4.016185307179587	-1.056	-0.9692	6.835777960769379	-0.5649	2.671292653589793	2.638892653589793	2.156692653589793
2.8	4.150185307179586	-0.9752	-0.9489	6.845777960769379	0.261	3.089512653589793	3.0762726535897933	2.175092653589793
2.85	3.711185307179586	-0.7136	-0.6737	6.855777960769379	0.03778	3.121632653589793	3.078632653589793	2.193792653589793
2.9	3.9121853071795862	-0.201	-0.1087	6.865777960769379	0.164	3.1150526535897933	3.099782653589793	2.211592653589793
2.95	3.9921853071795863	-1.06	-1.038	6.876777960769379	0.2292	3.247392653589793	3.241072653589793	2.230092653589793
3.0	4.232185307179586	-1.980592653589793	-1.748592653589793	6.9067779607693796	0.3077	3.356992653589793	3.4221926535897933	2.232392653589793
3.05	4.091185307179586	-0.9497	-0.8538	6.896777960769379	0.1206	3.378792653589793	3.372692653589793	2.269492653589793
3.1	3.865185307179586	-1.357	-1.508592653589793	6.924777960769379	0.1063	3.094952653589793	3.078052653589793	2.441492653589793
3.15	4.053185307179586	-1.172	-1.21	6.960777960769379	0.08379	3.261992653589793	3.267892653589793	1.881592653589793
3.2	5.430085307179587	-1.3995926535897931	-1.412592653589793	7.082777960769379	-0.205	3.387792653589793	3.385892653589793	1.968592653589793
3.25	6.633585307179586	-1.597592653589793	-1.625592653589793	7.501185307179586	0.2562	3.550592653589793	3.552192653589793	2.156092653589793
3.3	7.466777960769379	-1.408592653589793	-1.416592653589793	6.662777960769379	0.1883	3.918092653589793	3.9970926535897933	2.185792653589793
3.35	5.84077796076938	-1.805	-1.794	6.758777960769379	0.1508	2.454192653589793	2.458692653589793	1.930592653589793
3.4	5.383777960769379	-1.619	-1.615	6.803777960769379	-0.02033	2.374692653589793	2.3741926535897933	2.415092653589793
3.45	5.59377796076938	-1.336	-1.271	6.8267779607693795	-0.4424	2.676892653589793	2.699392653589793	2.049592653589793
3.5	5.966777960769379	-1.333	-1.33	6.857777960769379	0.118	3.139053653589793	0.9095926535897929	1.9055926535897931
3.55	6.18677796076938	-0.8223	-0.3934	6.876777960769379	0.7783	4.052185307179586	1.256592653589793	2.253992653589793
3.6	4.767777960769379	-0.2058	-0.2461	6.87277796076938	0.458	3.5271853071795864	0.43059265358979326	1.9075926535897931
3.65	4.775777960769379	0.4816	0.465	6.887777960769379	1.0075926535897932	3.9801853071795863	0.864592653589793	1.992592653589793
3.7	4.791777960769379	0.732	0.723	6.909777960769379	1.716592653589793	4.749185307179586	1.6225926535897932	2.039592653589793
3.75	4.758777960769379	0.8891	0.8744	6.854777960769379	2.286992653589793	5.276185307179587	2.256892653589793	2.114592653589793
3.8	4.982777960769379	0.9075926535897931	0.9075926535897931	7.0237779607693795	2.4928926535897933	5.139185307179586	2.064592653589793	2.095592653589793
3.85	4.650777960769379	0.9645926535897931	0.9635926535897932	6.662777960769379	2.754792653589793	6.08077796076938	3.0231853071795864	2.160092653589793
3.9	4.73177796076938	1.0145926535897933	1.0145926535897933	6.83077796076938	2.883992653589793	6.64177796076938	2.8036926535897932	2.568592653589793
3.95	4.7577779607693795	1.0285926535897931	1.029592653589793	6.868777960769379	2.664292653589793	6.908777960769379	3.7301853071795863	1.912592653589793
4.0	4.783777960769379	1.074592653589793	1.0765926535897932	6.896777960769379	2.803392653589793	6.806777960769379	3.5811853071795863	2.058592653589793
4.05	4.860777960769379	1.1435926535897931	1.146592653589793	6.9437779607693795	2.898692653589793	7.086777960769379	3.9401853071795863	2.066592653589793
4.1	5.575777960769379	1.2645926535897931	1.269592653589793	7.29777796076938	2.532992653589793	7.04577796076938	4.0101853071795865	2.166392653589793
4.15	4.700777960769379	0.4014	0.5091	6.8347779607693795	1.9655926535897932	7.3827779607693795	4.168185307179586	1.694592653589793
4.2	4.762777960769379	0.892592653589793	0.8995926535897931	6.897777960769379	2.806092653589793	7.76877796076938	4.600185307179586	2.0225926535897933
4.25	4.71577796076938	0.977592653589793	0.9915926535897932	7.197777960769379	2.982692653589793	9.29437796076938	3.0961853071795864	2.129592653589793
4.3	4.758777960769379	1.025592653589793	1.0595926535897933	6.880777960769379	4.648592653589793	7.5077779607693795	4.3611853071795865	2.045592653589793
4.35	4.657777960769379	1.0805926535897932	1.0365926535897931	6.674777960769379	3.0707726535897932	7.684777960769379	4.544185307179586	2.180492653589793
4.4	4.85677796076938	1.2965926535897931	1.283592653589793	6.973777960769379	2.808492653589793	7.89377796076938	4.763185307179587	2.143092653589793
4.45	4.679777960769379	0.9305926535897933	0.924592653589793	6.647085307179586	3.013992653589793	8.47357796076938	5.3390853071795865	2.141592653589793
4.5	4.72377796076938	1.021592653589793	1.0195926535897932	7.145777960769379	2.931292653589793	8.57867796076938	5.492385307179586	2.121592653589793
4.55	5.00277796076938	1.158592653589793	1.158592653589793	7.0367779607693794	2.4406926535897933	8.665777960769379	5.567885307179586	2.130592653589793
4.6	4.81377796076938	0.9825926535897933	0.985592653589793	6.90477796076938	2.780392653589793	8.14477796076938	5.025185307179586	1.9395926535897932
4.65	3.8477779607693794	-0.18740734641020707	-0.18140734641020684	5.653777960769379	3.7531853071795864	9.021177960769379	5.835885307179586	2.4591853071795864
4.7	4.014777960769379	-0.3764073464102067	-0.3884073464102067	5.7097779607693795	4.004185307179586	9.082677960769379	5.957285307179586	2.5531853071795862
4.75	3.7637779607693798	-0.35140734641020677	-0.3484073464102071	5.66777796076938	4.1641853071795865	9.27047796076938	6.089885307179586	2.667185307179586
4.8	3.8077779607693794	-0.43440734641020695	-0.41340734641020704	5.647777960769379	4.467185307179586	9.22727796076938	6.086985307179586	2.543185307179586
4.85	3.8537779607693796	-0.40540734641020704	-0.41740734641020705	5.66077796076938	3.9561853071795863	9.43734796076938	6.294095307179586	2.4761853071795863
4.9	3.870777960769379	-0.42340734641020683	-0.42640734641020694	5.65477796076938	4.0101853071795865	9.466687960769379	6.339165307179586	2.4921853071795863
4.95	2.644777960769379	-1.3874073464102068	-1.3864073464102065	4.3747779607693795	3.719185307179586	9.994370614359173	6.909777960769379	2.3341853071795864
5.0	2.780777960769379	-1.414407346410207	-1.430407346410207	4.387777960769379	3.793185307179586	9.981370614359172	6.84677796076938	2.3631853071795863
