    100.00       0.00000E+00
    110.00       0.00000E+00
    120.00       0.00000E+00
    130.00       0.00000E+00
    140.00       0.00000E+00
    150.00       0.00000E+00
    160.00       0.00000E+00
    170.00       0.00000E+00
    180.00       0.00000E+00
    190.00       0.00000E+00
    200.00       0.00000E+00
    210.00       0.00000E+00
    220.00       0.00000E+00
    230.00       0.00000E+00
    240.00       0.00000E+00
    250.00       0.00000E+00
    260.00       0.00000E+00
    270.00       0.00000E+00
    280.00       0.00000E+00
    290.00       0.00000E+00
    300.00       0.00000E+00
    310.00       0.00000E+00
    320.00       0.00000E+00
    330.00       0.00000E+00
    340.00       0.00000E+00
    350.00       0.00000E+00
    360.00       0.00000E+00
    370.00       0.00000E+00
    380.00       0.00000E+00
    390.00       0.00000E+00
    400.00       0.00000E+00
    410.00       0.00000E+00
    420.00       0.00000E+00
    430.00       0.00000E+00
    440.00       0.00000E+00
    450.00       0.00000E+00
    460.00       0.00000E+00
    470.00       0.00000E+00
    480.00       0.00000E+00
    490.00       0.00000E+00
    500.00       0.00000E+00
    510.00       0.00000E+00
    520.00       4.12920E-38
    530.00       1.64759E-37
    540.00       6.24272E-37
    550.00       2.25256E-36
    560.00       7.76034E-36
    570.00       2.55899E-35
    580.00       8.09494E-35
    590.00       2.46170E-34
    600.00       7.21119E-34
    610.00       2.03854E-33
    620.00       5.57090E-33
    630.00       1.47411E-32
    640.00       3.78263E-32
    650.00       9.42607E-32
    660.00       2.28413E-31
    670.00       5.38912E-31
    680.00       1.23945E-30
    690.00       2.78189E-30
    700.00       6.09963E-30
    710.00       1.30785E-29
    720.00       2.74479E-29
    730.00       5.64328E-29
    740.00       1.13762E-28
    750.00       2.25034E-28
    760.00       4.37128E-28
    770.00       8.34435E-28
    780.00       1.56634E-27
    790.00       2.89314E-27
    800.00       5.26151E-27
    810.00       9.42662E-27
    820.00       1.66473E-26
    830.00       2.89941E-26
    840.00       4.98266E-26
    850.00       8.45294E-26
    860.00       1.41627E-25
    870.00       2.34456E-25
    880.00       3.83649E-25
    890.00       6.20777E-25
    900.00       9.93644E-25
    910.00       1.57389E-24
    920.00       2.46781E-24
    930.00       3.83172E-24
    940.00       5.89318E-24
    950.00       8.98079E-24
    960.00       1.35646E-23
    970.00       2.03125E-23
    980.00       3.01635E-23
    990.00       4.44304E-23
   1000.00       6.49331E-23
   1010.00       9.41757E-23
   1020.00       1.35581E-22
   1030.00       1.93793E-22
   1040.00       2.75071E-22
   1050.00       3.87804E-22
   1060.00       5.43149E-22
   1070.00       7.55879E-22
   1080.00       1.04539E-21
   1090.00       1.43709E-21
   1100.00       1.96398E-21
   1110.00       2.66871E-21
   1120.00       3.60621E-21
   1130.00       4.84673E-21
   1140.00       6.47974E-21
   1150.00       8.61851E-21
   1160.00       1.14061E-20
   1170.00       1.50220E-20
   1180.00       1.96903E-20
   1190.00       2.56903E-20
   1200.00       3.33679E-20
   1210.00       4.31496E-20
   1220.00       5.55599E-20
   1230.00       7.12408E-20
   1240.00       9.09756E-20
   1250.00       1.15715E-19
   1260.00       1.46611E-19
   1270.00       1.85052E-19
   1280.00       2.32710E-19
   1290.00       2.91583E-19
   1300.00       3.64061E-19
   1310.00       4.52987E-19
   1320.00       5.61734E-19
   1330.00       6.94296E-19
   1340.00       8.55383E-19
   1350.00       1.05053E-18
   1360.00       1.28621E-18
   1370.00       1.57004E-18
   1380.00       1.91086E-18
   1390.00       2.31897E-18
   1400.00       2.80630E-18
   1410.00       3.38671E-18
   1420.00       4.07610E-18
   1430.00       4.89286E-18
   1440.00       5.85813E-18
   1450.00       6.99602E-18
   1460.00       8.33424E-18
   1470.00       9.90436E-18
   1480.00       1.17422E-17
   1490.00       1.38886E-17
   1500.00       1.63899E-17
   1510.00       1.92983E-17
   1520.00       2.26730E-17
   1530.00       2.65805E-17
   1540.00       3.10959E-17
   1550.00       3.63029E-17
   1560.00       4.22959E-17
   1570.00       4.91802E-17
   1580.00       5.70734E-17
   1590.00       6.61067E-17
   1600.00       7.64264E-17
   1610.00       8.81938E-17
   1620.00       1.01589E-16
   1630.00       1.16811E-16
   1640.00       1.34080E-16
   1650.00       1.53640E-16
   1660.00       1.75756E-16
   1670.00       2.00725E-16
   1680.00       2.28871E-16
   1690.00       2.60548E-16
   1700.00       2.96145E-16
   1710.00       3.36090E-16
   1720.00       3.80848E-16
   1730.00       4.30927E-16
   1740.00       4.86883E-16
   1750.00       5.49316E-16
   1760.00       6.18884E-16
   1770.00       6.96300E-16
   1780.00       7.82336E-16
   1790.00       8.77830E-16
   1800.00       9.83687E-16
   1810.00       1.10089E-15
   1820.00       1.23048E-15
   1830.00       1.37362E-15
   1840.00       1.53153E-15
   1850.00       1.70552E-15
   1860.00       1.89704E-15
   1870.00       2.10758E-15
   1880.00       2.33880E-15
   1890.00       2.59244E-15
   1900.00       2.87040E-15
   1910.00       3.17467E-15
   1920.00       3.50740E-15
   1930.00       3.87092E-15
   1940.00       4.26762E-15
   1950.00       4.70014E-15
   1960.00       5.17125E-15
   1970.00       5.68391E-15
   1980.00       6.24123E-15
   1990.00       6.84660E-15
   2000.00       7.50351E-15
   2010.00       8.21574E-15
   2020.00       8.98725E-15
   2030.00       9.82226E-15
   2040.00       1.07252E-14
   2050.00       1.17008E-14
   2060.00       1.27541E-14
   2070.00       1.38902E-14
   2080.00       1.51147E-14
   2090.00       1.64335E-14
   2100.00       1.78526E-14
   2110.00       1.93786E-14
   2120.00       2.10182E-14
   2130.00       2.27787E-14
   2140.00       2.46675E-14
   2150.00       2.66924E-14
   2160.00       2.88617E-14
   2170.00       3.11842E-14
   2180.00       3.36687E-14
   2190.00       3.63251E-14
   2200.00       3.91631E-14
   2210.00       4.21930E-14
   2220.00       4.54258E-14
   2230.00       4.88728E-14
   2240.00       5.25460E-14
   2250.00       5.64576E-14
   2260.00       6.06204E-14
   2270.00       6.50481E-14
   2280.00       6.97545E-14
   2290.00       7.47540E-14
   2300.00       8.00621E-14
   2310.00       8.56944E-14
   2320.00       9.16674E-14
   2330.00       9.79977E-14
   2340.00       1.04703E-13
   2350.00       1.11803E-13
   2360.00       1.19314E-13
   2370.00       1.27258E-13
   2380.00       1.35655E-13
   2390.00       1.44526E-13
   2400.00       1.53893E-13
   2410.00       1.63777E-13
   2420.00       1.74204E-13
   2430.00       1.85197E-13
   2440.00       1.96781E-13
   2450.00       2.08983E-13
   2460.00       2.21828E-13
   2470.00       2.35345E-13
   2480.00       2.49561E-13
   2490.00       2.64508E-13
   2500.00       2.80213E-13
   2510.00       2.96709E-13
   2520.00       3.14029E-13
   2530.00       3.32204E-13
   2540.00       3.51269E-13
   2550.00       3.71260E-13
   2560.00       3.92211E-13
   2570.00       4.14161E-13
   2580.00       4.37147E-13
   2590.00       4.61209E-13
   2600.00       4.86386E-13
   2610.00       5.12721E-13
   2620.00       5.40254E-13
   2630.00       5.69031E-13
   2640.00       5.99093E-13
   2650.00       6.30491E-13
   2660.00       6.63266E-13
   2670.00       6.97471E-13
   2680.00       7.33154E-13
   2690.00       7.70361E-13
   2700.00       8.09150E-13
   2710.00       8.49568E-13
   2720.00       8.91674E-13
   2730.00       9.35517E-13
   2740.00       9.81161E-13
   2750.00       1.02866E-12
   2760.00       1.07807E-12
   2770.00       1.12945E-12
   2780.00       1.18287E-12
   2790.00       1.23839E-12
   2800.00       1.29607E-12
   2810.00       1.35598E-12
   2820.00       1.41818E-12
   2830.00       1.48274E-12
   2840.00       1.54973E-12
   2850.00       1.61923E-12
   2860.00       1.69129E-12
   2870.00       1.76601E-12
   2880.00       1.84345E-12
   2890.00       1.92368E-12
   2900.00       2.00679E-12
   2910.00       2.09285E-12
   2920.00       2.18194E-12
   2930.00       2.27415E-12
   2940.00       2.36956E-12
   2950.00       2.46825E-12
   2960.00       2.57030E-12
   2970.00       2.67581E-12
   2980.00       2.78486E-12
   2990.00       2.89755E-12
   3000.00       3.01395E-12
   3010.00       3.13418E-12
   3020.00       3.25831E-12
   3030.00       3.38646E-12
   3040.00       3.51869E-12
   3050.00       3.65513E-12
   3060.00       3.79586E-12
   3070.00       3.94101E-12
   3080.00       4.09065E-12
   3090.00       4.24489E-12
   3100.00       4.40385E-12
   3110.00       4.56762E-12
   3120.00       4.73633E-12
   3130.00       4.91005E-12
   3140.00       5.08893E-12
   3150.00       5.27306E-12
   3160.00       5.46256E-12
   3170.00       5.65755E-12
   3180.00       5.85813E-12
   3190.00       6.06443E-12
   3200.00       6.27657E-12
   3210.00       6.49465E-12
   3220.00       6.71882E-12
   3230.00       6.94917E-12
   3240.00       7.18587E-12
   3250.00       7.42900E-12
   3260.00       7.67870E-12
   3270.00       7.93510E-12
   3280.00       8.19833E-12
   3290.00       8.46854E-12
   3300.00       8.74582E-12
   3310.00       9.03032E-12
   3320.00       9.32218E-12
   3330.00       9.62154E-12
   3340.00       9.92852E-12
   3350.00       1.02433E-11
   3360.00       1.05659E-11
   3370.00       1.08966E-11
   3380.00       1.12355E-11
   3390.00       1.15827E-11
   3400.00       1.19384E-11
   3410.00       1.23027E-11
   3420.00       1.26757E-11
   3430.00       1.30577E-11
   3440.00       1.34487E-11
   3450.00       1.38489E-11
   3460.00       1.42584E-11
   3470.00       1.46775E-11
   3480.00       1.51062E-11
   3490.00       1.55447E-11
   3500.00       1.59932E-11
   3510.00       1.64517E-11
   3520.00       1.69206E-11
   3530.00       1.73998E-11
   3540.00       1.78897E-11
   3550.00       1.83903E-11
   3560.00       1.89017E-11
   3570.00       1.94243E-11
   3580.00       1.99581E-11
   3590.00       2.05032E-11
   3600.00       2.10599E-11
   3610.00       2.16283E-11
   3620.00       2.22085E-11
   3630.00       2.28008E-11
   3640.00       2.34053E-11
   3650.00       2.40221E-11
   3660.00       2.46515E-11
   3670.00       2.52936E-11
   3680.00       2.59485E-11
   3690.00       2.66165E-11
   3700.00       2.72977E-11
   3710.00       2.79922E-11
   3720.00       2.87004E-11
   3730.00       2.94221E-11
   3740.00       3.01579E-11
   3750.00       3.09076E-11
   3760.00       3.16716E-11
   3770.00       3.24499E-11
   3780.00       3.32430E-11
   3790.00       3.40507E-11
   3800.00       3.48733E-11
   3810.00       3.57111E-11
   3820.00       3.65641E-11
   3830.00       3.74326E-11
   3840.00       3.83166E-11
   3850.00       3.92166E-11
   3860.00       4.01325E-11
   3870.00       4.10645E-11
   3880.00       4.20129E-11
   3890.00       4.29778E-11
   3900.00       4.39594E-11
   3910.00       4.49578E-11
   3920.00       4.59733E-11
   3930.00       4.70060E-11
   3940.00       4.80562E-11
   3950.00       4.91238E-11
   3960.00       5.02093E-11
   3970.00       5.13127E-11
   3980.00       5.24342E-11
   3990.00       5.35740E-11
   4000.00       5.47322E-11
   4010.00       5.59092E-11
   4020.00       5.71049E-11
   4030.00       5.83197E-11
   4040.00       5.95536E-11
   4050.00       6.08070E-11
   4060.00       6.20798E-11
   4070.00       6.33724E-11
   4080.00       6.46849E-11
   4090.00       6.60175E-11
   4100.00       6.73703E-11
   4110.00       6.87435E-11
   4120.00       7.01374E-11
   4130.00       7.15520E-11
   4140.00       7.29877E-11
   4150.00       7.44445E-11
   4160.00       7.59225E-11
   4170.00       7.74222E-11
   4180.00       7.89435E-11
   4190.00       8.04865E-11
   4200.00       8.20517E-11
   4210.00       8.36391E-11
   4220.00       8.52488E-11
   4230.00       8.68811E-11
   4240.00       8.85360E-11
   4250.00       9.02140E-11
   4260.00       9.19150E-11
   4270.00       9.36391E-11
   4280.00       9.53868E-11
   4290.00       9.71579E-11
   4300.00       9.89530E-11
   4310.00       1.00772E-10
   4320.00       1.02615E-10
   4330.00       1.04482E-10
   4340.00       1.06374E-10
   4350.00       1.08290E-10
   4360.00       1.10231E-10
   4370.00       1.12197E-10
   4380.00       1.14189E-10
   4390.00       1.16205E-10
   4400.00       1.18247E-10
   4410.00       1.20314E-10
   4420.00       1.22407E-10
   4430.00       1.24527E-10
   4440.00       1.26672E-10
   4450.00       1.28844E-10
   4460.00       1.31041E-10
   4470.00       1.33266E-10
   4480.00       1.35517E-10
   4490.00       1.37795E-10
   4500.00       1.40101E-10
   4510.00       1.42433E-10
   4520.00       1.44793E-10
   4530.00       1.47180E-10
   4540.00       1.49595E-10
   4550.00       1.52038E-10
   4560.00       1.54509E-10
   4570.00       1.57008E-10
   4580.00       1.59535E-10
   4590.00       1.62091E-10
   4600.00       1.64675E-10
   4610.00       1.67288E-10
   4620.00       1.69930E-10
   4630.00       1.72601E-10
   4640.00       1.75301E-10
   4650.00       1.78030E-10
   4660.00       1.80789E-10
   4670.00       1.83577E-10
   4680.00       1.86396E-10
   4690.00       1.89244E-10
   4700.00       1.92122E-10
   4710.00       1.95030E-10
   4720.00       1.97969E-10
   4730.00       2.00938E-10
   4740.00       2.03938E-10
   4750.00       2.06968E-10
   4760.00       2.10029E-10
   4770.00       2.13121E-10
   4780.00       2.16245E-10
   4790.00       2.19399E-10
   4800.00       2.22585E-10
   4810.00       2.25803E-10
   4820.00       2.29052E-10
   4830.00       2.32332E-10
   4840.00       2.35645E-10
   4850.00       2.38990E-10
   4860.00       2.42366E-10
   4870.00       2.45775E-10
   4880.00       2.49217E-10
   4890.00       2.52690E-10
   4900.00       2.56197E-10
   4910.00       2.59736E-10
   4920.00       2.63308E-10
   4930.00       2.66913E-10
   4940.00       2.70551E-10
   4950.00       2.74222E-10
   4960.00       2.77927E-10
   4970.00       2.81665E-10
   4980.00       2.85436E-10
   4990.00       2.89241E-10
   5000.00       2.93080E-10
   5010.00       2.96952E-10
   5020.00       3.00859E-10
   5030.00       3.04799E-10
   5040.00       3.08774E-10
   5050.00       3.12782E-10
   5060.00       3.16826E-10
   5070.00       3.20903E-10
   5080.00       3.25015E-10
   5090.00       3.29162E-10
   6000.00       8.59833E-10
   7000.00       1.79805E-09
   8000.00       3.05325E-09
   9000.00       4.52320E-09
  10000.00       6.10049E-09
