    100.00       1.96291E-17
    110.00       2.37865E-16
    120.00       1.88066E-15
    130.00       1.07160E-14
    140.00       4.72373E-14
    150.00       1.69673E-13
    160.00       5.16280E-13
    170.00       1.37084E-12
    180.00       3.25022E-12
    190.00       7.00717E-12
    200.00       1.39370E-11
    210.00       2.58748E-11
    220.00       4.52704E-11
    230.00       7.52324E-11
    240.00       1.19535E-10
    250.00       1.82589E-10
    260.00       2.69374E-10
    270.00       3.85350E-10
    280.00       5.36337E-10
    290.00       7.28395E-10
    300.00       9.67684E-10
    310.00       1.26033E-09
    320.00       1.61233E-09
    330.00       2.02937E-09
    340.00       2.51683E-09
    350.00       3.07959E-09
    360.00       3.72207E-09
    370.00       4.44807E-09
    380.00       5.26086E-09
    390.00       6.16308E-09
    400.00       7.15672E-09
    410.00       8.24320E-09
    420.00       9.42336E-09
    430.00       1.06974E-08
    440.00       1.20651E-08
    450.00       1.35256E-08
    460.00       1.50777E-08
    470.00       1.67197E-08
    480.00       1.84494E-08
    490.00       2.02646E-08
    500.00       2.21626E-08
    510.00       2.41402E-08
    520.00       2.61944E-08
    530.00       2.83217E-08
    540.00       3.05187E-08
    550.00       3.27817E-08
    560.00       3.51069E-08
    570.00       3.74906E-08
    580.00       3.99289E-08
    590.00       4.24180E-08
    600.00       4.49541E-08
    610.00       4.75333E-08
    620.00       5.01519E-08
    630.00       5.28062E-08
    640.00       5.54925E-08
    650.00       5.82073E-08
    660.00       6.09471E-08
    670.00       6.37085E-08
    680.00       6.64883E-08
    690.00       6.92832E-08
    700.00       7.20903E-08
    710.00       7.49065E-08
    720.00       7.77292E-08
    730.00       8.05555E-08
    740.00       8.33828E-08
    750.00       8.62088E-08
    760.00       8.90310E-08
    770.00       9.18473E-08
    780.00       9.46553E-08
    790.00       9.74533E-08
    800.00       1.00239E-07
    810.00       1.03011E-07
    820.00       1.05768E-07
    830.00       1.08507E-07
    840.00       1.11228E-07
    850.00       1.13929E-07
    860.00       1.16608E-07
    870.00       1.19265E-07
    880.00       1.21898E-07
    890.00       1.24507E-07
    900.00       1.27090E-07
    910.00       1.29646E-07
    920.00       1.32175E-07
    930.00       1.34676E-07
    940.00       1.37148E-07
    950.00       1.39590E-07
    960.00       1.42003E-07
    970.00       1.44385E-07
    980.00       1.46736E-07
    990.00       1.49056E-07
   1000.00       1.51344E-07
   1010.00       1.53600E-07
   1020.00       1.55824E-07
   1030.00       1.58016E-07
   1040.00       1.60175E-07
   1050.00       1.62301E-07
   1060.00       1.64394E-07
   1070.00       1.66455E-07
   1080.00       1.68483E-07
   1090.00       1.70477E-07
   1100.00       1.72439E-07
   1110.00       1.74368E-07
   1120.00       1.76265E-07
   1130.00       1.78128E-07
   1140.00       1.79959E-07
   1150.00       1.81758E-07
   1160.00       1.83525E-07
   1170.00       1.85259E-07
   1180.00       1.86962E-07
   1190.00       1.88633E-07
   1200.00       1.90273E-07
   1210.00       1.91881E-07
   1220.00       1.93459E-07
   1230.00       1.95006E-07
   1240.00       1.96523E-07
   1250.00       1.98009E-07
   1260.00       1.99466E-07
   1270.00       2.00893E-07
   1280.00       2.02291E-07
   1290.00       2.03660E-07
   1300.00       2.05000E-07
   1310.00       2.06312E-07
   1320.00       2.07596E-07
   1330.00       2.08853E-07
   1340.00       2.10082E-07
   1350.00       2.11284E-07
   1360.00       2.12460E-07
   1370.00       2.13609E-07
   1380.00       2.14733E-07
   1390.00       2.15830E-07
   1400.00       2.16903E-07
   1410.00       2.17950E-07
   1420.00       2.18973E-07
   1430.00       2.19972E-07
   1440.00       2.20947E-07
   1450.00       2.21898E-07
   1460.00       2.22825E-07
   1470.00       2.23730E-07
   1480.00       2.24613E-07
   1490.00       2.25473E-07
   1500.00       2.26311E-07
   1510.00       2.27127E-07
   1520.00       2.27923E-07
   1530.00       2.28697E-07
   1540.00       2.29451E-07
   1550.00       2.30184E-07
   1560.00       2.30897E-07
   1570.00       2.31591E-07
   1580.00       2.32265E-07
   1590.00       2.32921E-07
   1600.00       2.33557E-07
   1610.00       2.34175E-07
   1620.00       2.34775E-07
   1630.00       2.35357E-07
   1640.00       2.35921E-07
   1650.00       2.36469E-07
   1660.00       2.36999E-07
   1670.00       2.37512E-07
   1680.00       2.38009E-07
   1690.00       2.38490E-07
   1700.00       2.38955E-07
   1710.00       2.39404E-07
   1720.00       2.39838E-07
   1730.00       2.40257E-07
   1740.00       2.40661E-07
   1750.00       2.41050E-07
   1760.00       2.41425E-07
   1770.00       2.41786E-07
   1780.00       2.42133E-07
   1790.00       2.42466E-07
   1800.00       2.42787E-07
   1810.00       2.43093E-07
   1820.00       2.43388E-07
   1830.00       2.43669E-07
   1840.00       2.43938E-07
   1850.00       2.44194E-07
   1860.00       2.44439E-07
   1870.00       2.44672E-07
   1880.00       2.44893E-07
   1890.00       2.45103E-07
   1900.00       2.45302E-07
   1910.00       2.45489E-07
   1920.00       2.45666E-07
   1930.00       2.45833E-07
   1940.00       2.45989E-07
   1950.00       2.46134E-07
   1960.00       2.46270E-07
   1970.00       2.46396E-07
   1980.00       2.46512E-07
   1990.00       2.46619E-07
   2000.00       2.46716E-07
   2010.00       2.46804E-07
   2020.00       2.46884E-07
   2030.00       2.46954E-07
   2040.00       2.47016E-07
   2050.00       2.47069E-07
   2060.00       2.47115E-07
   2070.00       2.47152E-07
   2080.00       2.47180E-07
   2090.00       2.47202E-07
   2100.00       2.47215E-07
   2110.00       2.47221E-07
   2120.00       2.47219E-07
   2130.00       2.47210E-07
   2140.00       2.47194E-07
   2150.00       2.47171E-07
   2160.00       2.47141E-07
   2170.00       2.47105E-07
   2180.00       2.47061E-07
   2190.00       2.47012E-07
   2200.00       2.46956E-07
   2210.00       2.46893E-07
   2220.00       2.46825E-07
   2230.00       2.46750E-07
   2240.00       2.46670E-07
   2250.00       2.46584E-07
   2260.00       2.46492E-07
   2270.00       2.46395E-07
   2280.00       2.46293E-07
   2290.00       2.46185E-07
   2300.00       2.46072E-07
   2310.00       2.45953E-07
   2320.00       2.45830E-07
   2330.00       2.45702E-07
   2340.00       2.45569E-07
   2350.00       2.45431E-07
   2360.00       2.45289E-07
   2370.00       2.45142E-07
   2380.00       2.44991E-07
   2390.00       2.44835E-07
   2400.00       2.44675E-07
   2410.00       2.44511E-07
   2420.00       2.44343E-07
   2430.00       2.44171E-07
   2440.00       2.43995E-07
   2450.00       2.43815E-07
   2460.00       2.43632E-07
   2470.00       2.43445E-07
   2480.00       2.43254E-07
   2490.00       2.43059E-07
   2500.00       2.42862E-07
   2510.00       2.42661E-07
   2520.00       2.42456E-07
   2530.00       2.42249E-07
   2540.00       2.42038E-07
   2550.00       2.41824E-07
   2560.00       2.41607E-07
   2570.00       2.41387E-07
   2580.00       2.41164E-07
   2590.00       2.40939E-07
   2600.00       2.40711E-07
   2610.00       2.40480E-07
   2620.00       2.40246E-07
   2630.00       2.40010E-07
   2640.00       2.39771E-07
   2650.00       2.39530E-07
   2660.00       2.39286E-07
   2670.00       2.39040E-07
   2680.00       2.38792E-07
   2690.00       2.38541E-07
   2700.00       2.38289E-07
   2710.00       2.38034E-07
   2720.00       2.37777E-07
   2730.00       2.37518E-07
   2740.00       2.37257E-07
   2750.00       2.36994E-07
   2760.00       2.36729E-07
   2770.00       2.36463E-07
   2780.00       2.36194E-07
   2790.00       2.35924E-07
   2800.00       2.35652E-07
   2810.00       2.35379E-07
   2820.00       2.35104E-07
   2830.00       2.34827E-07
   2840.00       2.34548E-07
   2850.00       2.34269E-07
   2860.00       2.33987E-07
   2870.00       2.33705E-07
   2880.00       2.33421E-07
   2890.00       2.33135E-07
   2900.00       2.32848E-07
   2910.00       2.32560E-07
   2920.00       2.32271E-07
   2930.00       2.31980E-07
   2940.00       2.31689E-07
   2950.00       2.31396E-07
   2960.00       2.31102E-07
   2970.00       2.30807E-07
   2980.00       2.30511E-07
   2990.00       2.30214E-07
   3000.00       2.29916E-07
   3010.00       2.29617E-07
   3020.00       2.29317E-07
   3030.00       2.29017E-07
   3040.00       2.28715E-07
   3050.00       2.28413E-07
   3060.00       2.28109E-07
   3070.00       2.27805E-07
   3080.00       2.27500E-07
   3090.00       2.27195E-07
   3100.00       2.26889E-07
   3110.00       2.26582E-07
   3120.00       2.26274E-07
   3130.00       2.25966E-07
   3140.00       2.25657E-07
   3150.00       2.25348E-07
   3160.00       2.25038E-07
   3170.00       2.24728E-07
   3180.00       2.24417E-07
   3190.00       2.24106E-07
   3200.00       2.23794E-07
   3210.00       2.23481E-07
   3220.00       2.23169E-07
   3230.00       2.22856E-07
   3240.00       2.22542E-07
   3250.00       2.22228E-07
   3260.00       2.21914E-07
   3270.00       2.21599E-07
   3280.00       2.21285E-07
   3290.00       2.20970E-07
   3300.00       2.20654E-07
   3310.00       2.20338E-07
   3320.00       2.20023E-07
   3330.00       2.19706E-07
   3340.00       2.19390E-07
   3350.00       2.19074E-07
   3360.00       2.18757E-07
   3370.00       2.18440E-07
   3380.00       2.18123E-07
   3390.00       2.17806E-07
   3400.00       2.17489E-07
   3410.00       2.17172E-07
   3420.00       2.16854E-07
   3430.00       2.16537E-07
   3440.00       2.16219E-07
   3450.00       2.15902E-07
   3460.00       2.15584E-07
   3470.00       2.15267E-07
   3480.00       2.14949E-07
   3490.00       2.14632E-07
   3500.00       2.14314E-07
   3510.00       2.13997E-07
   3520.00       2.13679E-07
   3530.00       2.13362E-07
   3540.00       2.13044E-07
   3550.00       2.12727E-07
   3560.00       2.12410E-07
   3570.00       2.12093E-07
   3580.00       2.11776E-07
   3590.00       2.11460E-07
   3600.00       2.11143E-07
   3610.00       2.10826E-07
   3620.00       2.10510E-07
   3630.00       2.10194E-07
   3640.00       2.09878E-07
   3650.00       2.09562E-07
   3660.00       2.09247E-07
   3670.00       2.08931E-07
   3680.00       2.08616E-07
   3690.00       2.08301E-07
   3700.00       2.07986E-07
   3710.00       2.07672E-07
   3720.00       2.07358E-07
   3730.00       2.07043E-07
   3740.00       2.06730E-07
   3750.00       2.06416E-07
   3760.00       2.06103E-07
   3770.00       2.05790E-07
   3780.00       2.05477E-07
   3790.00       2.05165E-07
   3800.00       2.04853E-07
   3810.00       2.04541E-07
   3820.00       2.04230E-07
   3830.00       2.03919E-07
   3840.00       2.03608E-07
   3850.00       2.03298E-07
   3860.00       2.02988E-07
   3870.00       2.02678E-07
   3880.00       2.02369E-07
   3890.00       2.02059E-07
   3900.00       2.01751E-07
   3910.00       2.01442E-07
   3920.00       2.01134E-07
   3930.00       2.00827E-07
   3940.00       2.00520E-07
   3950.00       2.00213E-07
   3960.00       1.99907E-07
   3970.00       1.99601E-07
   3980.00       1.99295E-07
   3990.00       1.98990E-07
   4000.00       1.98685E-07
   4010.00       1.98381E-07
   4020.00       1.98077E-07
   4030.00       1.97773E-07
   4040.00       1.97470E-07
   4050.00       1.97168E-07
   4060.00       1.96865E-07
   4070.00       1.96564E-07
   4080.00       1.96262E-07
   4090.00       1.95962E-07
   4100.00       1.95661E-07
   4110.00       1.95361E-07
   4120.00       1.95062E-07
   4130.00       1.94763E-07
   4140.00       1.94464E-07
   4150.00       1.94166E-07
   4160.00       1.93868E-07
   4170.00       1.93571E-07
   4180.00       1.93274E-07
   4190.00       1.92978E-07
   4200.00       1.92682E-07
   4210.00       1.92387E-07
   4220.00       1.92092E-07
   4230.00       1.91798E-07
   4240.00       1.91504E-07
   4250.00       1.91211E-07
   4260.00       1.90918E-07
   4270.00       1.90626E-07
   4280.00       1.90334E-07
   4290.00       1.90043E-07
   4300.00       1.89752E-07
   4310.00       1.89462E-07
   4320.00       1.89172E-07
   4330.00       1.88883E-07
   4340.00       1.88594E-07
   4350.00       1.88306E-07
   4360.00       1.88018E-07
   4370.00       1.87731E-07
   4380.00       1.87444E-07
   4390.00       1.87158E-07
   4400.00       1.86872E-07
   4410.00       1.86587E-07
   4420.00       1.86303E-07
   4430.00       1.86019E-07
   4440.00       1.85735E-07
   4450.00       1.85452E-07
   4460.00       1.85170E-07
   4470.00       1.84888E-07
   4480.00       1.84606E-07
   4490.00       1.84325E-07
   4500.00       1.84045E-07
   4510.00       1.83765E-07
   4520.00       1.83486E-07
   4530.00       1.83207E-07
   4540.00       1.82929E-07
   4550.00       1.82651E-07
   4560.00       1.82374E-07
   4570.00       1.82098E-07
   4580.00       1.81821E-07
   4590.00       1.81546E-07
   4600.00       1.81271E-07
   4610.00       1.80997E-07
   4620.00       1.80723E-07
   4630.00       1.80449E-07
   4640.00       1.80177E-07
   4650.00       1.79904E-07
   4660.00       1.79633E-07
   4670.00       1.79362E-07
   4680.00       1.79091E-07
   4690.00       1.78821E-07
   4700.00       1.78551E-07
   4710.00       1.78282E-07
   4720.00       1.78014E-07
   4730.00       1.77746E-07
   4740.00       1.77479E-07
   4750.00       1.77212E-07
   4760.00       1.76946E-07
   4770.00       1.76680E-07
   4780.00       1.76415E-07
   4790.00       1.76150E-07
   4800.00       1.75886E-07
   4810.00       1.75623E-07
   4820.00       1.75360E-07
   4830.00       1.75098E-07
   4840.00       1.74836E-07
   4850.00       1.74574E-07
   4860.00       1.74314E-07
   4870.00       1.74053E-07
   4880.00       1.73794E-07
   4890.00       1.73535E-07
   4900.00       1.73276E-07
   4910.00       1.73018E-07
   4920.00       1.72761E-07
   4930.00       1.72504E-07
   4940.00       1.72247E-07
   4950.00       1.71991E-07
   4960.00       1.71736E-07
   4970.00       1.71482E-07
   4980.00       1.71227E-07
   4990.00       1.70974E-07
   5000.00       1.70721E-07
   5010.00       1.70468E-07
   5020.00       1.70216E-07
   5030.00       1.69964E-07
   5040.00       1.69714E-07
   5050.00       1.69463E-07
   5060.00       1.69213E-07
   5070.00       1.68964E-07
   5080.00       1.68715E-07
   5090.00       1.68467E-07
   6000.00       1.48038E-07
   7000.00       1.29910E-07
   8000.00       1.15326E-07
   9000.00       1.03442E-07
  10000.00       9.36217E-08
