0.1	0.2012	-1.015	-1.151	-0.01487	-0.993	-0.2324	-0.2333	-0.05464
0.15	0.07685	-1.232	-1.226	-0.03034	-0.8786	-0.4319	-0.6951	0.006228
0.2	0.2017	-1.196	-1.203	2.483E-4	-0.8451	-0.2213	-0.2288	0.01203
0.25	0.174	-1.208	-1.239	-0.01824	-1.407	-0.2497	-0.2569	0.05935
0.3	0.1764	-1.219	-1.218	-0.00256	-0.8053	-0.2338	-0.2515	0.009952
0.35	0.2008	-1.167	-1.218	-0.004842	-1.188	-0.2409	-0.245	-0.3062
0.4	0.2338	-1.476	-1.357	0.01338	-0.397	-0.215	-0.2175	0.01802
0.45	0.2726	-1.136	-1.152	0.025	1.558	-0.1954	-0.1923	0.02399
0.5	0.2037	-1.208	-1.212	0.007508	1.9935926535897932	-0.2303	-0.2411	0.01363
0.55	0.2542	-1.229	-1.21	0.02085	2.120592653589793	-0.2094	-0.2104	0.0221
0.6	0.2354	-1.087	-1.136	0.01618	2.1654926535897934	-0.2204	-0.2256	0.01889
0.65	1.3445926535897932	-0.9018	-0.8998	0.868592653589793	1.726592653589793	-1.357	-1.362	-0.6504
0.7	1.3465926535897932	-0.8999	-0.8979	0.8675926535897931	1.7765926535897931	-1.354	-1.36	-0.6545
0.75	1.349592653589793	-0.8983	-0.8961	0.8665926535897932	1.865592653589793	-1.351	-1.356	-0.6585
0.8	1.353592653589793	-0.8967	-0.8945	0.8655926535897933	2.292992653589793	-1.346	-1.352	-0.6625
0.85	1.359592653589793	-0.8954	-0.893	0.864592653589793	1.323592653589793	-1.34	-1.347	-0.6664
0.9	1.3685926535897932	-0.8941	-0.8917	0.8635926535897931	1.5585926535897932	-1.333	-1.34	-0.6703
0.95	1.381592653589793	-0.893	-0.8905	0.8635926535897931	1.623592653589793	-1.323	-1.332	-0.6741
1.0	1.3995926535897931	-0.892	-0.8894	0.8625926535897932	1.6575926535897931	-1.31	-1.32	-0.6779
1.05	1.424592653589793	-0.8911	-0.8885	0.8625926535897932	1.6795926535897931	-1.293	-1.305	-0.6817
1.1	1.4635926535897932	-0.8903	-0.8876	0.8625926535897932	1.6975926535897932	-1.269	-1.284	-0.6853
1.15	1.5265926535897931	-0.8897	-0.8869	0.8635926535897931	1.7115926535897932	-1.233	-1.251	-0.6889
1.2	1.6405926535897932	-0.8891	-0.8862	0.8635926535897931	1.7255926535897932	-1.169	-1.194	-0.6925
1.25	1.8895926535897931	-0.8886	-0.8856	0.864592653589793	1.738592653589793	-1.015	-1.054	-0.6959
1.3	2.5572926535897933	-0.8882	-0.8851	0.8655926535897933	1.7515926535897932	-0.1493	-0.1213	-0.6993
1.35	3.5071853071795864	-0.8878	-0.8847	0.8675926535897931	1.7645926535897931	-1.696	-1.629	-0.7025
1.4	3.950185307179586	-0.8875	-0.8843	0.8695926535897933	1.7785926535897931	-1.424	-1.398	-0.7057
1.45	2.8798926535897933	-0.8873	-0.8839	0.8715926535897931	1.7925926535897931	-1.222	-1.214	-0.7087
1.5	0.9175926535897929	-0.887	-0.8835	0.8745926535897932	1.8085926535897932	-0.06822	-0.04916	-0.7115
1.55	1.0025926535897933	-0.8868	-0.8831	0.8785926535897932	1.8245926535897932	-1.669	-1.638	-0.7142
1.6	1.0485926535897931	-0.8866	-0.8827	0.8815926535897933	1.8425926535897932	-1.482	-1.462	-0.7167
1.65	1.0805926535897932	-0.8864	-0.8823	0.8865926535897932	1.861592653589793	-1.371	-1.354	-0.7189
1.7	1.105592653589793	-0.8861	-0.8817	0.8915926535897931	1.883592653589793	-1.202	-1.186	-0.7208
1.75	1.126592653589793	-0.8858	-0.8811	0.8975926535897929	1.906592653589793	-0.1124	-0.1073	-0.7223
1.8	1.144592653589793	-0.8853	-0.8803	0.904592653589793	1.932592653589793	-1.745	-1.742	-0.7233
1.85	1.1615926535897931	-0.8848	-0.8794	0.912592653589793	1.9615926535897932	-1.562	-1.557	-0.7238
1.9	1.178592653589793	-0.8841	-0.8781	0.9215926535897929	1.9955926535897932	-1.488	-1.483	-0.7236
1.95	1.196592653589793	-0.8833	-0.8766	0.9315926535897932	2.034592653589793	-1.44	-1.435	-0.7223
2.0	1.214592653589793	-0.8821	-0.8746	0.9435926535897932	2.081592653589793	-1.398	-1.394	-0.7197
2.05	1.2355926535897932	-0.8806	-0.872	0.9565926535897931	2.1418926535897933	-1.351	-1.348	-0.715
2.1	1.260592653589793	-0.8785	-0.8686	0.9725926535897931	2.2245926535897933	-1.238	-1.235	-0.707
2.15	1.2885926535897931	-0.8757	-0.8638	0.9915926535897932	2.3594926535897933	-1.516	-1.512	-0.6933
2.2	1.3245926535897932	-0.8716	-0.857	1.013592653589793	2.681792653589793	-1.378	-1.376	-0.6675
2.25	1.3705926535897932	-0.8652	-0.8463	1.0405926535897931	1.0445926535897931	-1.332	-1.331	-0.6077
2.3	1.434592653589793	-0.8541	-0.8275	1.0725926535897932	2.251692653589793	-1.298	-1.297	-0.3435
2.35	1.529592653589793	-0.8288	-0.7844	1.113592653589793	1.845592653589793	-1.266	-1.266	-1.01
2.4	1.698592653589793	-0.7003	-0.574	1.166592653589793	1.9795926535897932	-1.234	-1.235	-0.973
2.45	2.098592653589793	-1.02	-1.147	1.2375926535897932	1.8745926535897932	-1.199	-1.202	-0.9022
2.5	3.299392653589793	-0.9895	-1.036	1.3385926535897932	2.111592653589793	-1.161	-1.165	-0.8451
2.55	4.242185307179586	-0.9272	-0.9539	1.494592653589793	3.568792653589793	-1.113	-1.12	-0.8194
2.6	4.802185307179586	-0.9115	-0.9302	1.7705926535897931	2.1889926535897932	-1.039	-1.055	-0.8003
2.65	6.366045307179586	-0.9021	-0.9163	2.348592653589793	2.3078926535897932	-0.7207	-0.8084	-0.7825
2.7	5.764685307179587	-0.8948	-0.9059	3.389292653589793	2.406692653589793	-1.162	-1.142	-0.7629
2.75	4.677592653589793	-0.8881	-0.897	4.333592653589793	2.506692653589793	-1.414	-1.411	-0.7386
2.8	3.570185307179586	-0.8814	-0.8883	5.211185307179586	2.619492653589793	-1.032	-1.03	-0.7046
2.85	3.800185307179586	-0.8738	-0.8789	5.929385307179587	2.770592653589793	-0.9378	-0.9396	-0.6506
2.9	3.9591853071795864	-0.8644	-0.8674	6.358855307179586	3.213122653589793	-0.824	-0.8303	-0.5434
2.95	4.128185307179587	-0.8506	-0.8505	6.660285307179587	2.995692653589793	-0.06464	-0.09297	-0.1707
3.0	4.481185307179587	-0.822	-0.8145	7.067485307179586	2.925592653589793	-0.7079	-0.7665	-1.185
3.05	5.896185307179586	-0.297	-0.1611	5.329885307179586	1.879592653589793	-0.3758	-0.3465	0.1619
3.1	6.839885307179586	-0.8277	-0.8492	6.3070853071795865	3.476792653589793	-1.953	-1.886	0.003218
3.15	7.809777960769379	-0.4202	-0.4663	6.53277796076938	2.097592653589793	-0.4702	-0.5483	-0.4068
3.2	6.91777796076938	-0.8843	-0.8916	6.64177796076938	3.1034526535897933	-0.8033	-0.7871	-1.105
3.25	6.976777960769379	-0.8513	-0.8559	6.713777960769379	2.627292653589793	-0.9843	-0.9822	-1.498
3.3	7.097777960769379	-0.8154	-0.8149	6.778777960769379	0.8585926535897932	-0.6317	-0.6496	-1.137
3.35	7.136777960769379	-1.099	-1.162	6.775777960769379	1.6795926535897931	-0.5488	-0.5232	-1.322
3.4	9.011077960769379	-0.0513	-0.1425	6.828777960769379	2.9770926535897932	-1.553	1.345	-1.139
3.45	7.13877796076938	-0.8092	-0.8141	6.86977796076938	3.1982126535897932	-0.2391	-0.2348	-1.069
3.5	7.121777960769379	-0.582	-0.5395	6.84377796076938	3.743185307179586	-0.2885	-0.2272	-1.245
3.55	7.387777960769379	-0.6416	-0.6524	6.945777960769379	3.321092653589793	-0.1558	-0.1414	-1.023
3.6	6.98177796076938	-0.179	-0.03702	6.966777960769379	4.218185307179587	-0.09043	-0.04845	-1.125
3.65	7.227777960769379	-0.2466	-0.2395	7.300777960769379	3.868692653589793	0.3617	0.3541	-0.9779
3.7	7.224777960769379	-0.4226	-0.4136	6.6576853071795865	3.529592653589793	1.408	1.228	-0.9606
3.75	7.110777960769379	-0.167	-0.167	6.82777796076938	3.823492653589793	0.4011	0.4088	-1.0
3.8	7.223777960769379	-0.3791	-0.3774	6.889777960769379	4.139392653589793	0.8268	0.8319	-0.9778
3.85	7.226777960769379	-0.9385	-0.9398	6.928777960769379	4.9221853071795865	1.14	1.142	-0.9288
3.9	6.099777960769379	-1.502	-1.496	6.950777960769379	4.6191853071795865	0.003065	0.0094	-0.9977
3.95	4.83777796076938	-1.788	-1.786	6.979777960769379	5.642585307179586	-0.377407346410207	-0.3484073464102071	-0.9834
4.0	4.857777960769379	-1.633	-1.631	7.0157779607693795	6.962985307179586	0.8875926535897931	0.9585926535897933	-0.9576
4.05	4.89677796076938	-1.512	-1.509	7.067777960769379	7.493777960769379	2.1441926535897933	2.117592653589793	-0.8445
4.1	5.019777960769379	-1.385	-1.382	7.174777960769379	7.540777960769379	1.4255926535897931	1.502592653589793	-1.076
4.15	5.046777960769379	-1.238	-1.231	7.68377796076938	7.871777960769379	2.3901853071795864	2.4081853071795862	-0.9833
4.2	4.49477796076938	-1.035	-1.021	9.42874096076938	8.12677796076938	3.082185307179586	3.0731853071795863	-0.9362
4.25	4.706777960769379	-0.7217	-0.6935	9.928370614359173	8.47877796076938	4.748185307179586	4.715185307179587	-0.8694
4.3	4.6327779607693795	-0.2444	-0.1874	9.911370614359173	8.322777960769379	4.799185307179586	4.758185307179586	-0.6297
4.35	4.69177796076938	0.8185	0.8425	10.000370614359174	8.16477796076938	5.591777960769379	5.588777960769379	0.7722
4.4	4.714777960769379	0.6632	0.6576	10.039370614359171	8.41877796076938	5.86277796076938	5.863777960769379	-1.158
4.45	4.729777960769379	0.9255926535897929	0.9295926535897929	10.067370614359172	8.55737796076938	6.050777960769379	6.053777960769379	-1.058
4.5	4.742777960769379	1.102592653589793	1.1075926535897933	10.091370614359173	8.67677796076938	6.206777960769379	6.210777960769379	-0.9874
4.55	4.756777960769379	1.2435926535897932	1.248592653589793	10.115370614359172	8.86197796076938	6.35677796076938	6.361777960769379	-0.9326
4.6	4.758777960769379	1.381592653589793	1.3875926535897931	10.295370614359172	9.112477960769379	6.5157779607693795	6.64477796076938	-0.9608
4.65	4.798777960769379	1.6005926535897932	1.6495926535897931	10.177370614359173	8.72637796076938	7.37277796076938	5.809777960769379	-0.8387
4.7	4.910777960769379	1.045592653589793	1.1165926535897932	10.288370614359172	8.71817796076938	6.4997779607693795	6.501777960769379	-0.9244
4.75	4.710777960769379	1.821592653589793	1.833592653589793	9.61677796076938	8.89797796076938	7.105777960769379	7.10977796076938	-1.098
4.8	4.679777960769379	2.6376926535897933	2.649792653589793	10.022370614359172	9.153577960769379	6.514777960769379	6.51977796076938	-0.4681
4.85	4.72377796076938	3.673392653589793	3.687792653589793	10.096370614359172	8.82687796076938	6.68977796076938	6.694777960769379	-1.18
4.9	4.7577779607693795	4.236185307179586	4.243185307179586	10.157370614359174	8.99847796076938	6.873777960769379	6.880777960769379	-1.082
4.95	4.788777960769379	5.035185307179586	5.059185307179586	10.049370614359173	8.75257796076938	6.350155307179587	6.371305307179586	-1.118
5.0	4.569777960769379	6.850285307179586	6.854885307179586	10.486370614359172	8.96797796076938	6.245777960769379	6.27977796076938	-0.9676
