    100.00       0.00000E+00
    110.00       0.00000E+00
    120.00       0.00000E+00
    130.00       0.00000E+00
    140.00       0.00000E+00
    150.00       0.00000E+00
    160.00       0.00000E+00
    170.00       0.00000E+00
    180.00       0.00000E+00
    190.00       0.00000E+00
    200.00       0.00000E+00
    210.00       0.00000E+00
    220.00       0.00000E+00
    230.00       0.00000E+00
    240.00       0.00000E+00
    250.00       0.00000E+00
    260.00       0.00000E+00
    270.00       0.00000E+00
    280.00       0.00000E+00
    290.00       0.00000E+00
    300.00       0.00000E+00
    310.00       0.00000E+00
    320.00       0.00000E+00
    330.00       0.00000E+00
    340.00       0.00000E+00
    350.00       0.00000E+00
    360.00       0.00000E+00
    370.00       0.00000E+00
    380.00       0.00000E+00
    390.00       0.00000E+00
    400.00       0.00000E+00
    410.00       0.00000E+00
    420.00       0.00000E+00
    430.00       0.00000E+00
    440.00       0.00000E+00
    450.00       0.00000E+00
    460.00       0.00000E+00
    470.00       1.49465E-38
    480.00       6.98346E-38
    490.00       3.06248E-37
    500.00       1.26529E-36
    510.00       4.94252E-36
    520.00       1.83131E-35
    530.00       6.45550E-35
    540.00       2.17100E-34
    550.00       6.98353E-34
    560.00       2.15380E-33
    570.00       6.38302E-33
    580.00       1.82149E-32
    590.00       5.01471E-32
    600.00       1.33437E-31
    610.00       3.43742E-31
    620.00       8.58638E-31
    630.00       2.08278E-30
    640.00       4.91287E-30
    650.00       1.12835E-29
    660.00       2.52636E-29
    670.00       5.52075E-29
    680.00       1.17872E-28
    690.00       2.46135E-28
    700.00       5.03156E-28
    710.00       1.00785E-27
    720.00       1.97978E-27
    730.00       3.81694E-27
    740.00       7.22808E-27
    750.00       1.34541E-26
    760.00       2.46322E-26
    770.00       4.43872E-26
    780.00       7.87725E-26
    790.00       1.37756E-25
    800.00       2.37524E-25
    810.00       4.04010E-25
    820.00       6.78237E-25
    830.00       1.12431E-24
    840.00       1.84120E-24
    850.00       2.97997E-24
    860.00       4.76868E-24
    870.00       7.54799E-24
    880.00       1.18215E-23
    890.00       1.83265E-23
    900.00       2.81321E-23
    910.00       4.27740E-23
    920.00       6.44386E-23
    930.00       9.62141E-23
    940.00       1.42421E-22
    950.00       2.09061E-22
    960.00       3.04403E-22
    970.00       4.39765E-22
    980.00       6.30493E-22
    990.00       8.97297E-22
   1000.00       1.26790E-21
   1010.00       1.77916E-21
   1020.00       2.47980E-21
   1030.00       3.43384E-21
   1040.00       4.72479E-21
   1050.00       6.46109E-21
   1060.00       8.78265E-21
   1070.00       1.18691E-20
   1080.00       1.59494E-20
   1090.00       2.13150E-20
   1100.00       2.83334E-20
   1110.00       3.74669E-20
   1120.00       4.92943E-20
   1130.00       6.45362E-20
   1140.00       8.40861E-20
   1150.00       1.09046E-19
   1160.00       1.40774E-19
   1170.00       1.80928E-19
   1180.00       2.31529E-19
   1190.00       2.95039E-19
   1200.00       3.74429E-19
   1210.00       4.73280E-19
   1220.00       5.95892E-19
   1230.00       7.47417E-19
   1240.00       9.33994E-19
   1250.00       1.16292E-18
   1260.00       1.44283E-18
   1270.00       1.78392E-18
   1280.00       2.19824E-18
   1290.00       2.69985E-18
   1300.00       3.30526E-18
   1310.00       4.03371E-18
   1320.00       4.90757E-18
   1330.00       5.95285E-18
   1340.00       7.19960E-18
   1350.00       8.68248E-18
   1360.00       1.04414E-17
   1370.00       1.25222E-17
   1380.00       1.49774E-17
   1390.00       1.78670E-17
   1400.00       2.12593E-17
   1410.00       2.52322E-17
   1420.00       2.98738E-17
   1430.00       3.52841E-17
   1440.00       4.15760E-17
   1450.00       4.88766E-17
   1460.00       5.73294E-17
   1470.00       6.70955E-17
   1480.00       7.83541E-17
   1490.00       9.13080E-17
   1500.00       1.06182E-16
   1510.00       1.23226E-16
   1520.00       1.42721E-16
   1530.00       1.64975E-16
   1540.00       1.90334E-16
   1550.00       2.19175E-16
   1560.00       2.51921E-16
   1570.00       2.89033E-16
   1580.00       3.31022E-16
   1590.00       3.78451E-16
   1600.00       4.31935E-16
   1610.00       4.92149E-16
   1620.00       5.59832E-16
   1630.00       6.35793E-16
   1640.00       7.20913E-16
   1650.00       8.16155E-16
   1660.00       9.22566E-16
   1670.00       1.04128E-15
   1680.00       1.17354E-15
   1690.00       1.32068E-15
   1700.00       1.48415E-15
   1710.00       1.66552E-15
   1720.00       1.86649E-15
   1730.00       2.08888E-15
   1740.00       2.33467E-15
   1750.00       2.60598E-15
   1760.00       2.90507E-15
   1770.00       3.23443E-15
   1780.00       3.59666E-15
   1790.00       3.99459E-15
   1800.00       4.43124E-15
   1810.00       4.90982E-15
   1820.00       5.43380E-15
   1830.00       6.00685E-15
   1840.00       6.63289E-15
   1850.00       7.31612E-15
   1860.00       8.06100E-15
   1870.00       8.87221E-15
   1880.00       9.75482E-15
   1890.00       1.07142E-14
   1900.00       1.17559E-14
   1910.00       1.28860E-14
   1920.00       1.41109E-14
   1930.00       1.54373E-14
   1940.00       1.68722E-14
   1950.00       1.84231E-14
   1960.00       2.00980E-14
   1970.00       2.19054E-14
   1980.00       2.38537E-14
   1990.00       2.59525E-14
   2000.00       2.82114E-14
   2010.00       3.06406E-14
   2020.00       3.32509E-14
   2030.00       3.60536E-14
   2040.00       3.90606E-14
   2050.00       4.22842E-14
   2060.00       4.57376E-14
   2070.00       4.94342E-14
   2080.00       5.33884E-14
   2090.00       5.76150E-14
   2100.00       6.21295E-14
   2110.00       6.69484E-14
   2120.00       7.20885E-14
   2130.00       7.75676E-14
   2140.00       8.34040E-14
   2150.00       8.96170E-14
   2160.00       9.62264E-14
   2170.00       1.03253E-13
   2180.00       1.10719E-13
   2190.00       1.18647E-13
   2200.00       1.27059E-13
   2210.00       1.35981E-13
   2220.00       1.45436E-13
   2230.00       1.55452E-13
   2240.00       1.66056E-13
   2250.00       1.77275E-13
   2260.00       1.89139E-13
   2270.00       2.01678E-13
   2280.00       2.14922E-13
   2290.00       2.28903E-13
   2300.00       2.43656E-13
   2310.00       2.59214E-13
   2320.00       2.75614E-13
   2330.00       2.92890E-13
   2340.00       3.11082E-13
   2350.00       3.30227E-13
   2360.00       3.50366E-13
   2370.00       3.71541E-13
   2380.00       3.93794E-13
   2390.00       4.17169E-13
   2400.00       4.41711E-13
   2410.00       4.67465E-13
   2420.00       4.94480E-13
   2430.00       5.22804E-13
   2440.00       5.52490E-13
   2450.00       5.83588E-13
   2460.00       6.16148E-13
   2470.00       6.50229E-13
   2480.00       6.85886E-13
   2490.00       7.23175E-13
   2500.00       7.62153E-13
   2510.00       8.02884E-13
   2520.00       8.45427E-13
   2530.00       8.89846E-13
   2540.00       9.36203E-13
   2550.00       9.84570E-13
   2560.00       1.03501E-12
   2570.00       1.08759E-12
   2580.00       1.14239E-12
   2590.00       1.19946E-12
   2600.00       1.25891E-12
   2610.00       1.32078E-12
   2620.00       1.38517E-12
   2630.00       1.45214E-12
   2640.00       1.52179E-12
   2650.00       1.59419E-12
   2660.00       1.66941E-12
   2670.00       1.74757E-12
   2680.00       1.82873E-12
   2690.00       1.91297E-12
   2700.00       2.00041E-12
   2710.00       2.09111E-12
   2720.00       2.18519E-12
   2730.00       2.28273E-12
   2740.00       2.38383E-12
   2750.00       2.48858E-12
   2760.00       2.59709E-12
   2770.00       2.70945E-12
   2780.00       2.82578E-12
   2790.00       2.94617E-12
   2800.00       3.07072E-12
   2810.00       3.19956E-12
   2820.00       3.33279E-12
   2830.00       3.47051E-12
   2840.00       3.61284E-12
   2850.00       3.75990E-12
   2860.00       3.91180E-12
   2870.00       4.06865E-12
   2880.00       4.23059E-12
   2890.00       4.39772E-12
   2900.00       4.57016E-12
   2910.00       4.74806E-12
   2920.00       4.93152E-12
   2930.00       5.12068E-12
   2940.00       5.31568E-12
   2950.00       5.51661E-12
   2960.00       5.72364E-12
   2970.00       5.93688E-12
   2980.00       6.15649E-12
   2990.00       6.38258E-12
   3000.00       6.61531E-12
   3010.00       6.85482E-12
   3020.00       7.10120E-12
   3030.00       7.35467E-12
   3040.00       7.61531E-12
   3050.00       7.88332E-12
   3060.00       8.15878E-12
   3070.00       8.44190E-12
   3080.00       8.73281E-12
   3090.00       9.03164E-12
   3100.00       9.33857E-12
   3110.00       9.65372E-12
   3120.00       9.97731E-12
   3130.00       1.03094E-11
   3140.00       1.06503E-11
   3150.00       1.09999E-11
   3160.00       1.13587E-11
   3170.00       1.17266E-11
   3180.00       1.21039E-11
   3190.00       1.24907E-11
   3200.00       1.28871E-11
   3210.00       1.32935E-11
   3220.00       1.37098E-11
   3230.00       1.41363E-11
   3240.00       1.45732E-11
   3250.00       1.50206E-11
   3260.00       1.54787E-11
   3270.00       1.59477E-11
   3280.00       1.64277E-11
   3290.00       1.69189E-11
   3300.00       1.74216E-11
   3310.00       1.79358E-11
   3320.00       1.84617E-11
   3330.00       1.89996E-11
   3340.00       1.95496E-11
   3350.00       2.01118E-11
   3360.00       2.06866E-11
   3370.00       2.12740E-11
   3380.00       2.18742E-11
   3390.00       2.24874E-11
   3400.00       2.31139E-11
   3410.00       2.37537E-11
   3420.00       2.44072E-11
   3430.00       2.50743E-11
   3440.00       2.57555E-11
   3450.00       2.64507E-11
   3460.00       2.71603E-11
   3470.00       2.78844E-11
   3480.00       2.86232E-11
   3490.00       2.93769E-11
   3500.00       3.01457E-11
   3510.00       3.09297E-11
   3520.00       3.17292E-11
   3530.00       3.25444E-11
   3540.00       3.33754E-11
   3550.00       3.42225E-11
   3560.00       3.50858E-11
   3570.00       3.59655E-11
   3580.00       3.68619E-11
   3590.00       3.77751E-11
   3600.00       3.87053E-11
   3610.00       3.96527E-11
   3620.00       4.06175E-11
   3630.00       4.15998E-11
   3640.00       4.26001E-11
   3650.00       4.36183E-11
   3660.00       4.46547E-11
   3670.00       4.57094E-11
   3680.00       4.67827E-11
   3690.00       4.78748E-11
   3700.00       4.89859E-11
   3710.00       5.01161E-11
   3720.00       5.12657E-11
   3730.00       5.24348E-11
   3740.00       5.36238E-11
   3750.00       5.48326E-11
   3760.00       5.60616E-11
   3770.00       5.73108E-11
   3780.00       5.85807E-11
   3790.00       5.98712E-11
   3800.00       6.11827E-11
   3810.00       6.25153E-11
   3820.00       6.38692E-11
   3830.00       6.52446E-11
   3840.00       6.66416E-11
   3850.00       6.80607E-11
   3860.00       6.95018E-11
   3870.00       7.09651E-11
   3880.00       7.24509E-11
   3890.00       7.39593E-11
   3900.00       7.54906E-11
   3910.00       7.70449E-11
   3920.00       7.86225E-11
   3930.00       8.02235E-11
   3940.00       8.18481E-11
   3950.00       8.34964E-11
   3960.00       8.51688E-11
   3970.00       8.68654E-11
   3980.00       8.85863E-11
   3990.00       9.03317E-11
   4000.00       9.21018E-11
   4010.00       9.38969E-11
   4020.00       9.57171E-11
   4030.00       9.75625E-11
   4040.00       9.94334E-11
   4050.00       1.01330E-10
   4060.00       1.03252E-10
   4070.00       1.05201E-10
   4080.00       1.07175E-10
   4090.00       1.09176E-10
   4100.00       1.11204E-10
   4110.00       1.13258E-10
   4120.00       1.15339E-10
   4130.00       1.17447E-10
   4140.00       1.19582E-10
   4150.00       1.21745E-10
   4160.00       1.23936E-10
   4170.00       1.26154E-10
   4180.00       1.28400E-10
   4190.00       1.30674E-10
   4200.00       1.32977E-10
   4210.00       1.35308E-10
   4220.00       1.37667E-10
   4230.00       1.40055E-10
   4240.00       1.42472E-10
   4250.00       1.44919E-10
   4260.00       1.47394E-10
   4270.00       1.49899E-10
   4280.00       1.52434E-10
   4290.00       1.54998E-10
   4300.00       1.57592E-10
   4310.00       1.60217E-10
   4320.00       1.62871E-10
   4330.00       1.65556E-10
   4340.00       1.68271E-10
   4350.00       1.71017E-10
   4360.00       1.73794E-10
   4370.00       1.76602E-10
   4380.00       1.79441E-10
   4390.00       1.82311E-10
   4400.00       1.85212E-10
   4410.00       1.88145E-10
   4420.00       1.91110E-10
   4430.00       1.94107E-10
   4440.00       1.97135E-10
   4450.00       2.00196E-10
   4460.00       2.03289E-10
   4470.00       2.06415E-10
   4480.00       2.09573E-10
   4490.00       2.12763E-10
   4500.00       2.15987E-10
   4510.00       2.19243E-10
   4520.00       2.22532E-10
   4530.00       2.25855E-10
   4540.00       2.29211E-10
   4550.00       2.32600E-10
   4560.00       2.36023E-10
   4570.00       2.39479E-10
   4580.00       2.42970E-10
   4590.00       2.46494E-10
   4600.00       2.50052E-10
   4610.00       2.53645E-10
   4620.00       2.57271E-10
   4630.00       2.60933E-10
   4640.00       2.64629E-10
   4650.00       2.68359E-10
   4660.00       2.72124E-10
   4670.00       2.75923E-10
   4680.00       2.79758E-10
   4690.00       2.83628E-10
   4700.00       2.87533E-10
   4710.00       2.91474E-10
   4720.00       2.95449E-10
   4730.00       2.99460E-10
   4740.00       3.03507E-10
   4750.00       3.07589E-10
   4760.00       3.11707E-10
   4770.00       3.15861E-10
   4780.00       3.20051E-10
   4790.00       3.24277E-10
   4800.00       3.28539E-10
   4810.00       3.32837E-10
   4820.00       3.37171E-10
   4830.00       3.41542E-10
   4840.00       3.45950E-10
   4850.00       3.50393E-10
   4860.00       3.54874E-10
   4870.00       3.59391E-10
   4880.00       3.63945E-10
   4890.00       3.68536E-10
   4900.00       3.73164E-10
   4910.00       3.77829E-10
   4920.00       3.82530E-10
   4930.00       3.87269E-10
   4940.00       3.92045E-10
   4950.00       3.96859E-10
   4960.00       4.01710E-10
   4970.00       4.06599E-10
   4980.00       4.11524E-10
   4990.00       4.16488E-10
   5000.00       4.21489E-10
   5010.00       4.26527E-10
   5020.00       4.31604E-10
   5030.00       4.36718E-10
   5040.00       4.41870E-10
   5050.00       4.47059E-10
   5060.00       4.52287E-10
   5070.00       4.57553E-10
   5080.00       4.62856E-10
   5090.00       4.68199E-10
   6000.00       1.11559E-09
   7000.00       2.17044E-09
   8000.00       3.49495E-09
   9000.00       4.97185E-09
  10000.00       6.49537E-09
