 -----------------------------------
  Energy=   2.4999999999999998E-002
 -----------------------------------

 *** Ion channel=      1

   2.4999999999999998E-002      0      0  -1.0587636682814991        3.0055367446718606E-002  -3.9501350558154258E-016   8.6664779096875412E-016   2.7997572696912017E-011   1.1567268415649419E-012
   2.4999999999999998E-002      1      0  0.25379759011645031      -0.33464810350887997        9.4050288211335784E-016   3.1300067782325758E-016  -4.0320057258636007E-012   5.5528393922062765E-012
   2.4999999999999998E-002      2      0  -4.2086090483037741E-002 -0.92457670402150749        3.1740992763074362E-016  -2.4183046021067270E-015   2.7821207943527882E-012   2.0450823404138153E-011
   2.4999999999999998E-002      2     -2  0.80197871160612400        1.2247456434486761       -5.7606241824464742E-016  -8.7904044908527387E-016  -2.1738604043238371E-011  -3.5678653547990552E-011
   2.4999999999999998E-002      3      0   3.7059372336557872E-002 -0.17418389552706992        5.4739838994638458E-017  -8.4793327934144100E-017   3.4033277621588729E-012   2.7141641198616014E-011
   2.4999999999999998E-002      3     -2  -2.3044335294482250E-002  0.25882753838941913        2.5927835529036049E-017  -1.1031643694822289E-016  -4.4247379854403708E-012  -3.7382923492943680E-011
   2.4999999999999998E-002      4      0   1.7270297228230043E-002  -1.3176408338284365E-002   6.8139356358897060E-017  -3.0415238363098057E-017  -2.5069874422199569E-012   3.5333747891309427E-012
   2.4999999999999998E-002      4     -2  -1.8743256870136279E-002   1.4903549667761785E-002   1.6283110602591673E-017  -2.1844805810259961E-017   3.3596031290225172E-012  -4.0412379918926432E-012
   2.4999999999999998E-002      5      0   1.6134271615385447E-003   7.1406129312789955E-004   4.0416286579969749E-018   5.9431357015844102E-018  -3.6128260254386628E-013   1.5303905493240581E-014
   2.4999999999999998E-002      5     -2  -1.7446157214206076E-003  -4.9606641420430440E-004   4.7133424920280019E-019   9.6628299926376632E-019   4.1233124255988958E-013   3.3524869269789476E-014
   2.4999999999999998E-002      6      0   4.6984689506818973E-005   1.7373202846936701E-004  -1.2107986014516529E-019   5.9329490332544234E-019  -1.5310562428045456E-014  -2.2542575345548934E-014
   2.4999999999999998E-002      6     -2  -6.6173661458123265E-005  -1.5457879587187654E-004   4.8481791826521902E-020   1.0300104676412486E-019   1.3349257436776004E-014   2.5588047789374825E-014
 -----------------------------------
  Energy=   5.0000000000000003E-002
 -----------------------------------

 *** Ion channel=      1

   5.0000000000000003E-002      0      0  0.14253942607950390       -1.0234829709923001       -8.8916712452302229E-016  -6.4050284132343391E-016  -5.1979683231368675E-012   2.6558139103305574E-011
   5.0000000000000003E-002      1      0  0.27532305867612572       0.27241579068950211       -7.4143414350449095E-016   6.3921652278936246E-016  -3.9596098624502212E-012  -3.9971530162817655E-012
   5.0000000000000003E-002      2      0  0.74060844499557899       0.32765465568098345        1.9766758925665025E-015   1.4970848369390305E-015  -1.8068741454481533E-011  -5.3151595273669368E-012
   5.0000000000000003E-002      2     -2  -1.3428310937620815       0.23865265884439879        1.0042793223539315E-015  -1.1439669188033625E-016   3.6979447775693151E-011  -7.3325471544021686E-012
   5.0000000000000003E-002      3      0  0.13795603554356378       0.13934713394315776       -1.1022368575593186E-017   1.5819780423486479E-016  -2.9027190208549373E-011  -1.3775864189197511E-011
   5.0000000000000003E-002      3     -2 -0.22787069030632923      -0.17301186262485144        5.9027284982990177E-017   8.9506055015686765E-017   3.9283677315663627E-011   1.8893976373488341E-011
   5.0000000000000003E-002      4      0  -1.6406259926007019E-003   2.8696912193084800E-002  -4.5740843824439245E-017   9.9884361970111960E-017  -1.3548092878063157E-012  -6.1273127513185918E-012
   5.0000000000000003E-002      4     -2   9.0854503198319926E-004  -3.2748630401714322E-002   5.7897834796452911E-018   3.7073591390648074E-017   1.1582314474857276E-012   7.4702184002838000E-012
   5.0000000000000003E-002      5      0  -2.6810105176685345E-003   1.1231673178671029E-003  -1.3102959702544887E-017  -2.9352086021720073E-018   4.7260987856198267E-013  -4.6497861965319844E-013
   5.0000000000000003E-002      5     -2   2.6479919988454019E-003  -1.4587750401189306E-003  -1.7756785563408101E-018  -3.8306203970499337E-019  -5.9214838882090559E-013   4.6761953116179693E-013
   5.0000000000000003E-002      6      0  -2.3806911165125878E-004  -1.7504896058367507E-004  -4.4043375673742042E-019  -1.1709026097403137E-018   5.6168474950965863E-014   1.6977080585380119E-014
   5.0000000000000003E-002      6     -2   2.5303295823165059E-004   1.4601842738758787E-004  -1.6708693929834217E-019  -1.0396377309234640E-019  -5.5843044267677033E-014  -2.3685129201678208E-014

 *** Ion channel=      2

   5.0000000000000003E-002      1     -1  -1.0138837970640994E-002  -1.0722010806024520E-002  -3.0659485888462565E-017  -3.2260534705658745E-018  -2.0436466726080814E-013   2.8727629213334687E-012
   5.0000000000000003E-002      2     -1  -4.5561467349681042E-005   3.0671647727217543E-002  -1.6307683753236613E-016  -5.0065253248803729E-017   8.4956548788288204E-013  -1.5762433218744894E-013
   5.0000000000000003E-002      3     -1  -4.9460113668777592E-003   1.0904140142214127E-003   1.8875428460235765E-018  -1.0196965207658855E-017   8.1773643760779033E-013   4.9211851743482885E-013
   5.0000000000000003E-002      3     -2  -1.4799519530385805E-003  -2.6939214821680374E-003   2.6925690863089792E-017   5.1723890562138702E-020   1.6611424130749881E-013  -5.8405524696340192E-013
   5.0000000000000003E-002      4     -1  -8.1622159345932021E-004  -1.8696332395079518E-005   1.6369158154904090E-018   2.6716127080319605E-018   1.0240806316187947E-013   6.8428949043541006E-014
   5.0000000000000003E-002      4     -2   2.3533877798816278E-003  -7.6730565099258213E-004   4.2237638246599787E-018   1.3020894584022587E-018  -5.6788564282618699E-014  -1.1295115395130184E-014
   5.0000000000000003E-002      5     -1  -1.3015988781377828E-004  -2.4458823236237154E-004  -3.9455021635899759E-019   2.2560695547451712E-019   2.6174236267939221E-014   1.7209680811717169E-014
   5.0000000000000003E-002      5     -2   4.8583836552679394E-004   3.0711142454060736E-004  -2.9878193653087690E-020   1.9279222626768900E-019  -6.8016745298610140E-014  -2.1522737657673361E-014
   5.0000000000000003E-002      6     -1  -2.8760497604712842E-006  -4.8827951673730406E-005  -4.9828602258767012E-020  -5.7147281337048276E-020   4.3077087320993492E-015   5.3400971126305828E-015
   5.0000000000000003E-002      6     -2   3.7569249531000889E-005   8.0020273405841054E-005  -4.2173742677411997E-020  -6.9715021883981922E-021  -9.8946254755521021E-015  -1.0666604318800260E-014

 *** Ion channel=      3

   5.0000000000000003E-002      1     -1  0.12030488825791691        9.6584857075270689E-002   9.4343111749336334E-017  -9.0150491490327442E-017  -5.8946044345326184E-011   7.0182235775895635E-011
   5.0000000000000003E-002      2     -1  0.50393529947456583      -0.86788233754809396       -6.1694839760547806E-017   8.6181130167696824E-017  -5.8557279600075722E-011   5.1999277486454763E-011
   5.0000000000000003E-002      3     -1   5.4403900694769247E-002  -9.1571894178281779E-003  -1.0779213821730668E-016   2.0487538442839652E-018  -2.9083750623138563E-011   1.5178410883314093E-011
   5.0000000000000003E-002      3     -3  -1.4807715984634603E-003  -2.6952652840135840E-003  -2.2488221160056443E-017   3.8575856038038341E-017   1.6606298744861020E-013  -5.8412178672294354E-013
   5.0000000000000003E-002      4     -1  -5.2433626355993489E-003   5.5928008993012032E-003  -9.2295998388194474E-018  -3.2900245327898492E-018  -1.7641787315031616E-013  -2.8153392919300587E-012
   5.0000000000000003E-002      4     -3   2.3530333528302971E-003  -7.6634003120552743E-004   2.0281893864843805E-018  -2.0439589406771438E-018  -5.6737854074182474E-014  -1.1292795439102570E-014
   5.0000000000000003E-002      5     -1  -2.2685025525720683E-003  -2.9793716922454900E-004   1.0224312248325792E-018  -1.6005468047594867E-018   6.0519027902856328E-013  -2.5995027511671095E-013
   5.0000000000000003E-002      5     -3   4.8556517766448862E-004   3.0671571839618390E-004   1.0581290155729922E-018  -3.6720153229942279E-019  -6.8023063080863867E-014  -2.1464150262298392E-014
   5.0000000000000003E-002      6     -1  -1.1333765541646435E-004  -1.3213739870561743E-004   2.1030033297841189E-019  -6.3953416066239499E-020   8.9971410193555574E-014   2.2158918092998947E-014
   5.0000000000000003E-002      6     -3   3.7565585378028464E-005   8.0092427646883242E-005   3.5534275558243119E-020   9.8583879732966148E-021  -9.9075524670766639E-015  -1.0691815633063796E-014
 -----------------------------------
  Energy=   9.9999999999999992E-002
 -----------------------------------

 *** Ion channel=      1

   9.9999999999999992E-002      0      0  0.85807450352504422      -0.44864762931742808       -9.8161032997615247E-017  -1.2213236445268065E-015  -2.6135164579231495E-011   1.0767988123819880E-011
   9.9999999999999992E-002      1      0   7.3949221436635279E-002  0.42088330227015186       -8.2854777072158343E-016  -8.3760032031037060E-016  -9.4976168338162035E-013  -3.4368648116479829E-012
   9.9999999999999992E-002      2      0  -3.9703433866008858E-002  0.52226103081777964       -1.1113528131005741E-015   2.1795860983838523E-015   1.0264566633240962E-012  -1.6534751855904876E-011
   9.9999999999999992E-002      2     -2 -0.47669285876273892      -0.88212195264558269        2.3769721570049074E-016   7.1434829037213594E-016   1.4384667616877111E-011   3.2974644100979982E-011
   9.9999999999999992E-002      3      0 -0.10326859776517507       0.17274633690243285       -2.7331960017075614E-016  -8.4919043403988123E-017   9.8845547934712798E-012  -3.8899511958280686E-011
   9.9999999999999992E-002      3     -2  0.12059817311222779      -0.24001719520183426       -8.7766459248258134E-017   4.9822894328521109E-017  -1.4366117092009064E-011   5.1586480650229015E-011
   9.9999999999999992E-002      4      0  -3.5987977009655281E-002   5.1553553303520273E-003  -1.3405986216947806E-016  -8.7859935222573800E-017   9.9674832883410671E-012  -2.6513519570303752E-012
   9.9999999999999992E-002      4     -2   3.8950493987732697E-002  -7.3378660602565864E-004  -7.6968265311815158E-017   1.7331295463400571E-017  -1.1822551046503992E-011   2.4850530034840733E-012
   9.9999999999999992E-002      5      0  -2.1386585232895392E-003  -4.1673346411563667E-003   7.1587015041665525E-018  -2.3696555927899550E-017   9.2175518412267200E-013   1.0656009190040254E-012
   9.9999999999999992E-002      5     -2   1.9392546697022612E-003   4.0835685186738115E-003  -1.8327944648326197E-018  -6.2014094582761367E-018  -9.2883952335558235E-013  -1.2821763351978578E-012
   9.9999999999999992E-002      6      0   2.9863754275600613E-004  -4.1297320849426544E-004   2.7456827194223110E-018  -2.5016019748210136E-019  -6.4690779050903180E-014   1.4065069843277543E-013
   9.9999999999999992E-002      6     -2  -3.1709578878335015E-004   3.7455756482161323E-004   4.9222433843789904E-019  -5.6189677797143982E-019   7.8840006223486005E-014  -1.3500900025250122E-013

 *** Ion channel=      2

   9.9999999999999992E-002      1     -1  -8.7103592510009986E-004  -3.7918762780856388E-002   3.4574235159833156E-018   1.6569755484898687E-017   9.7750706721443943E-014   2.8069258143297567E-012
   9.9999999999999992E-002      2     -1 -0.11036051441780009        2.7607555104101268E-002  -1.8209806179815229E-017  -1.8736987947646154E-016   9.6260681886410999E-013  -7.2458643093483127E-013
   9.9999999999999992E-002      3     -1  -8.3873162169327484E-003  -1.7141994316653912E-002   2.1128104492870395E-017  -3.5726400398824542E-018  -2.5650474649760064E-013   1.2481889225870818E-012
   9.9999999999999992E-002      3     -2   3.7406450607874713E-003  -2.2610477440199676E-003   1.5864811401637373E-017   3.1157292068694261E-017   8.3497176898148702E-013  -3.7206746842782875E-013
   9.9999999999999992E-002      4     -1   1.0656781412834587E-003  -2.4203987261044264E-003  -3.6162256656182177E-018   2.4615545010008090E-018  -1.4824146039852750E-013   1.6910645425749739E-013
   9.9999999999999992E-002      4     -2   1.9592888684070121E-003   5.8814624531090551E-003  -5.8127491498580140E-018   5.4373984806262872E-018  -8.2414987014353120E-014  -1.1777914606124089E-013
   9.9999999999999992E-002      5     -1   4.4915012391163344E-004   1.3002213995525491E-004  -3.7666060784096621E-020  -8.6790412244470863E-019  -5.9817043255216773E-014   4.6489065864151845E-014
   9.9999999999999992E-002      5     -2  -1.2483335929943261E-003   7.9312402430699932E-004  -5.2338884795223041E-019  -6.9034288170208489E-019   9.4688052380096820E-014  -1.6042959405747099E-013
   9.9999999999999992E-002      6     -1   3.4303176745556430E-005   1.0100539395673907E-004   1.5601676518619049E-019   9.4095553099411617E-020  -2.0845372132207030E-014  -7.2520718450859598E-015
   9.9999999999999992E-002      6     -2  -2.2648789085918033E-004  -1.9231854707710489E-004   1.6432750302669804E-019  -8.7386428344004450E-020   4.6395634524589599E-014   1.0476789424887507E-014

 *** Ion channel=      3

   9.9999999999999992E-002      1     -1   5.4085129373222726E-002  0.25712643589422368       -1.2621697931344667E-017   9.6456130040996337E-017  -6.3493013036732473E-011   6.0500817084099748E-011
   9.9999999999999992E-002      2     -1   1.1839846667196343      -0.31741940723391510       -8.8270433773270656E-017   8.8047210347118081E-017  -8.3781310889615934E-011   6.5162364409275074E-012
   9.9999999999999992E-002      3     -1   8.3602855851031138E-002  0.11906374598411379       -7.1533534134101039E-017  -1.0371297604003744E-016  -3.8232684706643884E-011  -3.3370177959929416E-011
   9.9999999999999992E-002      3     -3   3.7426715173604335E-003  -2.2628598705809501E-003  -6.7190333396666910E-017  -2.2946381589633974E-017   8.3506088528782055E-013  -3.7219110941537164E-013
   9.9999999999999992E-002      4     -1  -1.3922941392448412E-002   2.7071384881194888E-003   5.9730662634931778E-018  -1.5241447810339307E-017   5.4634913548812717E-012  -3.7173724365596913E-012
   9.9999999999999992E-002      4     -3   1.9581076683991591E-003   5.8800233728718678E-003   9.2587850224607104E-019  -5.8452055874757511E-018  -8.2393980019852542E-014  -1.1764574150363338E-013
   9.9999999999999992E-002      5     -1   1.6644361803433930E-003  -3.6374463612599403E-003   2.8650477876255320E-018   2.4387668398607047E-018   3.9936558677577285E-013   1.1771483291032479E-012
   9.9999999999999992E-002      5     -3  -1.2466898858781248E-003   7.9263883302038078E-004   1.6711880221519708E-019   1.4638743425965245E-018   9.4598037948855051E-014  -1.6053715056100452E-013
   9.9999999999999992E-002      6     -1   4.7748518140926628E-004   1.5705673756876399E-004  -3.9523749728994276E-019   5.8870120043141461E-019  -2.3163834304963128E-013   8.7506227988645775E-014
   9.9999999999999992E-002      6     -3  -2.2671786006920190E-004  -1.9273884796558403E-004  -3.1637053314767641E-020   2.2370484404572953E-020   4.6452790941177106E-014   1.0547151727867034E-014
 -----------------------------------
  Energy=  0.14999999999999997     
 -----------------------------------

 *** Ion channel=      1

  0.14999999999999997           0      0  0.78907608020474695       -3.4377954643232629E-002   2.9368975014711377E-016  -1.1465756085617068E-015  -3.1001812283127091E-011  -5.1414286156589448E-013
  0.14999999999999997           1      0 -0.15510266981403104       0.93364772744900681       -3.6614976855224547E-017  -1.1283154945032413E-015  -5.6561222464477419E-012   1.0239940324180171E-013
  0.14999999999999997           2      0  0.33288458794807763       0.21792167233264656       -2.0920998531526592E-015   6.8608309195678824E-016   1.3026230431719836E-011  -5.0509995951981753E-012
  0.14999999999999997           2     -2  -1.3675683606452644       -1.3789117599365635        2.2678832097847515E-016   4.5097208139250381E-016   7.7014211122443955E-012   1.0548409089231681E-011
  0.14999999999999997           3      0  -7.0009464372527155E-002  0.17881143943037220       -1.1469294222765234E-016  -4.3572604110690734E-016   3.3604822716620993E-011  -2.7922118725602963E-011
  0.14999999999999997           3     -2  0.31824406351500223      -0.56708614248644051        2.4303295265425089E-018   6.5578819836370688E-017  -4.0361522358472241E-011   4.1418620343307085E-011
  0.14999999999999997           4      0  -7.8415555830605915E-002   2.0211227302898663E-002  -2.2447344293085464E-017  -1.7289744587699587E-016   1.2442150577612758E-011   6.9422066229522649E-012
  0.14999999999999997           4     -2  0.13704304869699327        5.7526121879921260E-002  -1.1255871055556797E-016  -2.2576913497866231E-017  -1.5788045457046049E-011  -7.6630008425173949E-012
  0.14999999999999997           5      0  -5.9341102083232834E-003  -1.0080496168735667E-002   3.4818585880331034E-017  -2.1507548203856158E-017  -6.6792627254782472E-013   2.6973701337386756E-012
  0.14999999999999997           5     -2  -3.3951532864808383E-003   2.4101395185906292E-002  -2.0806080759176108E-019  -1.0985290625536622E-017   7.5727193319352988E-013  -3.2552635956491209E-012
  0.14999999999999997           6      0   1.0514207016310939E-003  -1.6135033586399321E-003   6.1405132578786257E-018   4.7799106760855105E-018  -4.0833063789134781E-013   5.1465321105171337E-014
  0.14999999999999997           6     -2  -3.2710566690924091E-003   9.5304664416462077E-004   1.7914129601381310E-018  -8.6638875979169253E-019   4.6169752282154950E-013  -4.0429701746317316E-014

 *** Ion channel=      2

  0.14999999999999997           1     -1   9.9953468137195765E-003  0.11387880295401150       -3.0753232337257765E-017   2.1434043447458568E-017  -3.8824499842327641E-012   1.5280169902024884E-012
  0.14999999999999997           2     -1  0.32928822193589702       -4.3532781508577562E-002   9.2352451894063072E-017  -3.9085587464334665E-017  -7.0658053886820875E-013   7.5958196704763298E-012
  0.14999999999999997           3     -1   3.2943188191292945E-002   5.0972664928058742E-002   7.1838609430928344E-018   7.5816810802367855E-018  -2.6727731976954986E-012   1.7666130842636280E-013
  0.14999999999999997           3     -2   4.0565999761721563E-003  -4.6412164441716509E-004  -2.2089546307540362E-017   4.0730907730077466E-017   1.1148697060572941E-012   5.1890216906931149E-013
  0.14999999999999997           4     -1  -5.6283775002113805E-003   2.5400762870612242E-003  -8.6535533212630907E-019  -3.4096150308122721E-018  -3.0107779594342419E-013  -3.1176116926548235E-013
  0.14999999999999997           4     -2  -6.2678819608761715E-003   6.4026109350472603E-004  -1.1007575366989454E-017  -4.6062253460536896E-018   2.1587303608838410E-013  -1.2683483367548476E-013
  0.14999999999999997           5     -1   9.3044320946191503E-004  -8.1394616929974129E-004   8.5894283304345792E-019   1.3457046143274191E-019  -6.7827870432705105E-014  -5.8284607307381648E-014
  0.14999999999999997           5     -2  -4.0183064410814393E-004  -1.7159828555015052E-003   7.2131370743879933E-019  -1.1986915020736375E-018   2.7854273957550719E-013   1.0946968923841660E-013
  0.14999999999999997           6     -1   1.2341259769968262E-004   2.4370606573396404E-004  -1.6178348709320194E-019   1.5001916980250301E-019   7.6366273308616421E-015  -3.1747038960778783E-014
  0.14999999999999997           6     -2   3.8037514635470035E-004  -1.3423210973783861E-004   1.8571672781518310E-019   2.1618477919179656E-019  -1.6709697859142852E-014   8.0085253971281978E-014

 *** Ion channel=      3

  0.14999999999999997           1     -1 -0.28169218497428328        8.1551953117533396E-002  -2.2004354264405589E-016   1.5908742050933165E-016  -7.8294318523947839E-011   7.3582564630875670E-012
  0.14999999999999997           2     -1  0.48605737325913445       0.98963764249597697        5.5822835923366677E-018   1.2881272422555862E-017  -5.1670951241121217E-011  -7.6276657429455653E-011
  0.14999999999999997           3     -1 -0.12360445739337737       0.12597855823961734        6.2568483581459338E-017  -1.0399527890098195E-016   2.2814248815605047E-011  -6.1432611176259073E-011
  0.14999999999999997           3     -3   4.0591760177732051E-003  -4.6072940493689825E-004   9.4327185326997221E-018  -9.1208140457690684E-017   1.1150038838555911E-012   5.1897097220646619E-013
  0.14999999999999997           4     -1  -1.1052068211054067E-002  -1.7599250083483828E-002   2.0813341750327931E-017   1.1956569269621097E-018   8.9364294526400590E-012   5.4827653256052985E-012
  0.14999999999999997           4     -3  -6.2653340815061707E-003   6.3887207720143922E-004   1.2323249704521455E-017  -3.9779062938068334E-019   2.1569733423739467E-013  -1.2674504327507131E-013
  0.14999999999999997           5     -1   4.3695541895496307E-003   1.8164799301917365E-003  -1.3683857090223310E-018   4.7850075289010646E-018  -1.3760670747525291E-012   1.2435492829426148E-012
  0.14999999999999997           5     -3  -3.9963356855143915E-004  -1.7086019938622567E-003  -1.7477262870606182E-018   1.1240902264343726E-018   2.7876496569913026E-013   1.0940342605447155E-013
  0.14999999999999997           6     -1  -3.4776356426091377E-004   6.8587758911360045E-004  -9.8479372541551766E-019  -5.3036807505283638E-019  -1.7936116497082723E-013  -3.3289680991771621E-013
  0.14999999999999997           6     -3   3.8178649117900915E-004  -1.3490060438410499E-004  -2.7041092176427983E-020  -1.1530535666399503E-019  -1.6849796112811493E-014   8.0153733082587345E-014

 *** Ion channel=      4

  0.14999999999999997           1     -1   1.3288092827872383E-002 -0.29385030387561556       -1.4082537490137538E-016   8.2968257620282966E-018   9.9648575203034953E-012   1.2424172476402422E-012
  0.14999999999999997           2     -1 -0.89336588093939295       0.29724953967498602       -3.0566279138410010E-016   1.3007362708392739E-016  -9.1596515523262077E-012  -1.3820611952723838E-011
  0.14999999999999997           3     -1  -7.4237695186528632E-002  -3.8833475001753007E-002   2.7419995953111642E-017   1.4146765017974165E-016   5.9675867042004970E-013   1.4461920581575981E-012
  0.14999999999999997           3     -2  -3.1001815719800881E-002   3.4266141626451072E-003   7.4217794581636710E-018   3.0430844065298525E-017   1.5033239903201172E-012  -1.2359600246477294E-012
  0.14999999999999997           4     -1   3.6884754577072411E-003  -3.2237782493359261E-003  -1.7614359486425446E-017   2.7624320364578700E-017  -3.8783314580291892E-013   2.7198549951781243E-013
  0.14999999999999997           4     -2  -1.1507612873740102E-003  -2.5353940272321344E-003  -2.6182263219576765E-018   5.5121852956795320E-018   4.5617343552908904E-013   1.5555293391253137E-013
  0.14999999999999997           5     -1   5.3076869420685740E-004   8.5370932057117282E-004  -2.6129060183068311E-018  -1.8739499684396658E-018  -5.0343096032381618E-014  -3.2325229941040681E-014
  0.14999999999999997           5     -2   4.7334311875866803E-004  -1.7782065026099753E-004  -5.2485639664517970E-019   2.8006099985727494E-019   1.2668042971517832E-014   3.5147172932209558E-014
  0.14999999999999997           6     -1  -2.8802468640139007E-005   5.2058630498952305E-005   1.9966494131854242E-019  -4.9699011824928692E-019   4.5794255367619046E-015  -5.1382363977421881E-015
  0.14999999999999997           6     -2   8.1385055131259022E-005   6.3470108383874426E-005  -4.6280590416502299E-020  -4.5699749004548299E-020  -6.2036888688665298E-015   6.0208823284925141E-016

 *** Ion channel=      5

  0.14999999999999997           1     -1  0.30555326021574875       0.40890187781107573        1.1321084530675573E-016   1.5735245053683486E-017  -5.1260044507791197E-011  -5.0234959652720469E-012
  0.14999999999999997           2     -1  0.38752718052323248      -0.87811671819207471       -8.0792694213027663E-017   6.7130578450681888E-016  -2.2673622150940753E-011  -3.0937700363652943E-011
  0.14999999999999997           3     -1  0.10266750868059295       -8.8538545382319395E-003   2.4359870554651691E-017   1.5444124579554219E-016  -1.4634302416382959E-011  -1.5440183855762329E-011
  0.14999999999999997           3     -3  -3.0999905919976430E-002   3.4341673395810561E-003  -3.0868542217975780E-017   4.1309986263501754E-018   1.5033315916347660E-012  -1.2358042249676120E-012
  0.14999999999999997           4     -1   4.3641402285401563E-003   8.9460882054370992E-003  -1.6271127640133489E-017   2.0964654742799374E-017   2.9318115503647629E-013  -1.4483531137977759E-012
  0.14999999999999997           4     -3  -1.1505357961785344E-003  -2.5351463822536808E-003  -2.6323495892335177E-018   1.3555851880675594E-018   4.5617202061600316E-013   1.5554195146636863E-013
  0.14999999999999997           5     -1  -1.1719851484044536E-003   2.7572418636181533E-004  -1.3808963900722360E-018  -1.6031423443391127E-018   1.2218519556863141E-013   4.0694180980314929E-014
  0.14999999999999997           5     -3   4.7406921209210986E-004  -1.7870204254960217E-004  -2.0376634554051881E-019   6.5226092480246905E-019   1.2650997611349516E-014   3.5134467140190928E-014
  0.14999999999999997           6     -1  -1.0988092853707938E-004  -6.8013760757559000E-005   2.5587018905069021E-019  -3.8582555242327736E-019   6.6071171339301513E-015   2.3987092856242974E-014
  0.14999999999999997           6     -3   8.1787536138776653E-005   6.3706197687615046E-005  -5.4656254427572436E-020  -1.5209438862552513E-020  -6.1857099369566789E-015   5.9487167342856209E-016
 -----------------------------------
  Energy=  0.20000000000000001     
 -----------------------------------

 *** Ion channel=      1

  0.20000000000000001           0      0  0.65800439008134914      -0.26608313436640402        3.4863537054777326E-017  -1.1035070937046574E-015  -3.0474507665592906E-011  -9.6558643301066368E-012
  0.20000000000000001           1      0 -0.88506498135058020      -0.25915351620569377       -8.6018831012717255E-016  -1.0318185420806385E-015  -5.7168209130156118E-013  -1.4282459138109700E-011
  0.20000000000000001           2      0 -0.49005700590768897        1.1504437004086732       -1.6280214373210661E-015   7.9424420150085540E-016  -1.7230755498661111E-012  -1.4974647749226470E-012
  0.20000000000000001           2     -2   2.3893026404825636E-002  -1.8038054640515306       -8.6939670709328319E-019  -1.0292602597767962E-016  -1.7620301721334163E-012   2.8971199797199728E-011
  0.20000000000000001           3      0 -0.48277997127582262       0.13217647107458591       -8.8731378939857607E-017  -2.2813094234142989E-016   4.1447786060467877E-011  -1.9926047095708143E-011
  0.20000000000000001           3     -2  0.59322130874397350      -0.13756009535151512        2.1292832604367698E-016  -4.5421411878904959E-017  -6.1953254068578476E-011   2.6098874611957538E-011
  0.20000000000000001           4      0  -3.8096657079650306E-002 -0.17252051510396552       -7.0461770640254282E-017  -2.8560907185139954E-016   1.2699834901968839E-011   1.2797223192319572E-011
  0.20000000000000001           4     -2   3.1688671265831331E-002  0.12336880800635774       -8.5224848533043305E-017  -3.3602659933130352E-017  -1.3306669335886916E-011  -1.7227707636870962E-011
  0.20000000000000001           5      0   2.7184000388327474E-002  -1.5146035442005323E-002   5.8313409487370766E-017  -3.0998414386136424E-017  -2.1317806173641023E-012   3.0254614006376681E-012
  0.20000000000000001           5     -2  -2.0222143957103606E-002   8.6242885207948750E-003  -2.9338601471501687E-018  -5.8399297664224783E-018   3.0239185133334388E-012  -3.2427370422716425E-012
  0.20000000000000001           6      0   4.1173643521216115E-003   3.7715447003891581E-003   7.6945391700199010E-018   1.0743581335518914E-017  -5.7383485217951192E-013  -1.7729848218018231E-013
  0.20000000000000001           6     -2  -2.3476175090531648E-003  -2.4441061606733797E-003   1.3520645087142338E-018  -7.9384255651658343E-019   5.8199921779747981E-013   3.2846644834697616E-013

 *** Ion channel=      2

  0.20000000000000001           1     -1  -1.1572982662178400E-002  -3.0978642514639689E-002  -2.5761526568087167E-017  -1.9668339566967284E-017  -7.7010013846106341E-013  -8.4910886747318499E-014
  0.20000000000000001           2     -1  -2.2935801634375811E-002   9.9930363300385766E-002   3.8559013002283402E-017   5.4318466982233350E-017  -3.3382857604667641E-012   1.8068496700993191E-013
  0.20000000000000001           3     -1  -3.1247042277579608E-002  -1.8124871261992592E-003  -1.0688205325903599E-017   8.5568056255983382E-018  -1.6761667082868974E-012  -1.9471579378618006E-012
  0.20000000000000001           3     -2  -4.3502912016743240E-004   5.3438127609599304E-003  -6.8455645601757263E-017   6.3158552402536138E-017   1.0835055786733144E-012   9.0480831268882416E-013
  0.20000000000000001           4     -1   5.6064747717840240E-003  -5.7428088274292530E-003   4.3636723541398032E-018  -6.9660158265452392E-018  -4.0338255018571225E-016  -3.7812074852439772E-013
  0.20000000000000001           4     -2  -7.7833884024346555E-003  -1.5466832090333987E-003  -1.7813072519278517E-017  -1.8510643082001166E-017   2.8476936542755561E-013   8.2438887699977062E-015
  0.20000000000000001           5     -1   5.4658987561035624E-004   2.0774024691981412E-003   1.1241281631837405E-018   1.6242008556320950E-018  -6.1908775037225587E-014  -1.2847728229427876E-013
  0.20000000000000001           5     -2   2.6648667351114868E-004  -2.0465365948766083E-003   3.0689312600863267E-018  -2.1608614472258430E-018   2.3242654042092133E-013   3.1966043099346119E-013
  0.20000000000000001           6     -1  -5.5141788610756060E-004   2.7673423750755030E-005  -5.4761430730973264E-019   1.1347037920513744E-019   4.0135767752870431E-014  -3.5925824710415478E-014
  0.20000000000000001           6     -2   4.4449586873575498E-004   3.6950671096863577E-005   2.3068243113998889E-019   6.8195885755501570E-019  -8.4484637909210082E-014   7.4861574672689465E-014

 *** Ion channel=      3

  0.20000000000000001           1     -1 -0.27219050978578307       -6.5016612823416142E-002  -7.2262024850513348E-016   1.6747325468388839E-017  -7.3219074419000574E-011  -2.4194971441023754E-013
  0.20000000000000001           2     -1  0.17599849219615887       0.99134472830366227       -1.2487671977034752E-016   2.1940453229708873E-016  -1.9741126569083160E-011  -8.6215415807601361E-011
  0.20000000000000001           3     -1 -0.20326418179173172        7.2005155560529666E-002  -1.0610188324781488E-017  -3.9048636045462517E-017   5.8215576681065877E-011  -4.9953857937043494E-011
  0.20000000000000001           3     -3  -4.3507692961801099E-004   5.3467904720816868E-003   5.0764674725825834E-017  -5.8750063820590621E-017   1.0835736588183068E-012   9.0488729807472465E-013
  0.20000000000000001           4     -1  -2.7684774837201977E-003  -2.6942513329739411E-002   2.4706101353195543E-017  -2.5800788173462232E-018   7.3593053113616801E-012   1.2250174704820176E-011
  0.20000000000000001           4     -3  -7.7822052884364088E-003  -1.5460184384924378E-003   1.0263053530191261E-017   4.9200245386631372E-018   2.8451207909274240E-013   8.2007324789360726E-015
  0.20000000000000001           5     -1   3.0416192573251765E-003   4.4791452924126014E-003  -2.1161878612968628E-018   6.4855746650101745E-018  -2.4591889431810659E-012   7.7371597592860541E-013
  0.20000000000000001           5     -3   2.4950478126855246E-004  -2.0525530998762903E-003  -1.4577970121098919E-018  -1.5836921481385142E-018   2.3280994537774550E-013   3.1962471024943785E-013
  0.20000000000000001           6     -1  -9.9494548033386330E-004   2.2722114887777087E-004  -1.2047543924161763E-018  -1.1154159520093178E-018   3.9157590179884873E-014  -5.0291104172264446E-013
  0.20000000000000001           6     -3   4.4518404803798949E-004   4.0068907726583064E-005   2.2557397520318450E-019   1.9268797044529405E-019  -8.4708774965750574E-014   7.4757872910937843E-014

 *** Ion channel=      4

  0.20000000000000001           1     -1   8.1447618732059940E-002  0.17869036725747453        1.4109400853921450E-016   2.3666784892273441E-016   3.7973202984049114E-012   3.8395125126163092E-012
  0.20000000000000001           2     -1  0.27115063039662513      -0.49530252717494400       -3.4826050862474089E-016  -7.4896572032400529E-016   1.1817831681007718E-011  -1.8447297127266865E-013
  0.20000000000000001           3     -1   9.8289181484553095E-002  -5.4797331718469608E-003   1.0495636447208013E-016   8.4970999877547410E-017   4.6541127814105769E-013   5.2659506563637276E-012
  0.20000000000000001           3     -2  -3.5307423703181941E-002  -2.3762126854561926E-002  -1.7677277621808193E-017   3.7768699390316075E-017   2.7437393236447884E-012  -1.1460714917473744E-012
  0.20000000000000001           4     -1  -2.8055307824421775E-004   1.1716664443755314E-002  -5.0796302488412608E-017   4.2128041194711021E-017  -1.1491772085449395E-012   7.8803508577198924E-014
  0.20000000000000001           4     -2   2.0084828915465018E-003  -6.5368561056136972E-003  -1.0382544651245686E-017   1.8853802752513706E-018   5.4065817763001369E-013   7.4704881628571148E-013
  0.20000000000000001           5     -1  -1.3809809029967906E-003  -9.2273642189477515E-004  -4.8823210495446476E-018  -8.3063483658436710E-018   1.5954262578559064E-014  -1.7887664875073801E-013
  0.20000000000000001           5     -2   1.0635019662148932E-003   3.2031320581418305E-004  -1.1125605761575741E-018  -3.9645724217630605E-019  -7.6912183632720078E-014   7.9023050306866546E-014
  0.20000000000000001           6     -1   1.7688564337078153E-004  -2.3090199453432462E-004   1.3987324884504501E-018  -4.6051799778487882E-019   2.5571019567493918E-014   7.8825916790998678E-015
  0.20000000000000001           6     -2  -8.6684509088570059E-005   1.8365816510163688E-004  -7.8957326671342294E-021  -1.3291842897521178E-019  -9.2570538407958756E-015  -1.6391501034778402E-014

 *** Ion channel=      5

  0.20000000000000001           1     -1  0.17726484917949803       0.75280083171709999        6.1191062559303201E-016   5.5900812065408425E-017  -4.3106863400646118E-011   2.8974642451602030E-011
  0.20000000000000001           2     -1   1.6482303965485434      -0.48806412547441025        2.8743969092414754E-016  -3.9137469732054142E-016  -3.2511456165442604E-011  -1.9749700998202154E-011
  0.20000000000000001           3     -1  0.19991031241801599       0.21664766884932946        1.9993530153289598E-016   2.5747439534082994E-016  -1.6427610902125533E-011  -2.6446768823860625E-011
  0.20000000000000001           3     -3  -3.5313386450935610E-002  -2.3766147760069866E-002  -6.5555115222338971E-017  -1.5143393159486346E-017   2.7437589823737851E-012  -1.1461560261922782E-012
  0.20000000000000001           4     -1  -1.9799719519153297E-002   3.0286967133406541E-002  -5.6745809771224101E-017   4.7862394360519272E-017   2.2481218706942456E-012  -3.1883256687201413E-012
  0.20000000000000001           4     -3   2.0055530136794003E-003  -6.5380270136004698E-003  -5.2019974279916374E-018  -7.7749090066158316E-018   5.4065462671927023E-013   7.4702549362533577E-013
  0.20000000000000001           5     -1  -2.5859703535335309E-003  -3.0849527407165222E-003  -4.5666316338334797E-018  -8.2491468952030909E-018   4.2320744136935512E-013   1.8543989993078639E-013
  0.20000000000000001           5     -3   1.0603077992310461E-003   3.3593346393734060E-004  -7.4496007534710023E-019   5.0725984989370179E-019  -7.6935852777573177E-014   7.8885452789147436E-014
  0.20000000000000001           6     -1   3.9374032114101803E-004  -4.5767624710124486E-004   1.3880757906275910E-018  -2.9759015706431554E-019  -2.7577905208522972E-014   5.7347354859019606E-014
  0.20000000000000001           6     -3  -8.6827460728231608E-005   1.8255691282944003E-004  -1.0038190646954198E-019  -1.1594545245900977E-019  -9.2371577167647371E-015  -1.6382950183233223E-014
 -----------------------------------
  Energy=  0.25000000000000006     
 -----------------------------------

 *** Ion channel=      1

  0.25000000000000006           0      0  0.30856280590739399      -0.31715145143646867        4.5039000606217962E-016   2.2194515025120711E-015  -2.7968851804183877E-011  -1.6916223962498264E-011
  0.25000000000000006           1      0 -0.63968046757360719       0.38807850842276947        4.9869602639296239E-015  -1.8353761318349100E-015  -5.4387514594155360E-012  -1.5915825044768484E-011
  0.25000000000000006           2      0  0.17923967486321360       0.95842178886224327       -2.2283436127839331E-015  -6.5708794832357742E-015  -8.3009252659811140E-012   4.9855250699599785E-012
  0.25000000000000006           2     -2  0.20874800983059955       -1.5061859090099254       -4.6809846760679484E-016   2.1017183111559515E-015  -3.8573660828942070E-012   2.6511505217975449E-011
  0.25000000000000006           3      0 -0.19292221822965994       0.34674436814193177        1.7716125282107518E-015  -3.1876478264914706E-015   4.1544627202578944E-011  -8.6675478114569851E-012
  0.25000000000000006           3     -2  0.53178441240210850       -5.0010327024571477E-002  -6.4998250256147623E-016   2.7084506324931004E-017  -6.8287215893213697E-011   1.3153797231824180E-011
  0.25000000000000006           4      0 -0.12173165707852066       -7.7713018792983243E-002   8.9915760341168738E-016   5.2902034874098135E-016   9.6663872860621077E-012   1.6264760334275620E-011
  0.25000000000000006           4     -2   1.4839222792737208E-002  0.10924008607583523       -1.0173812415751993E-016  -2.9936341479396928E-016  -9.8211060708346942E-012  -2.2400483948075058E-011
  0.25000000000000006           5      0   7.3616084814502221E-003  -3.2708855560195774E-002  -7.8474575925025223E-017   2.2669999833536107E-016  -3.2103529648062527E-012   2.5761584548424956E-012
  0.25000000000000006           5     -2  -1.9204312765145965E-002   5.4333248490625969E-003   5.1751807968893842E-017  -1.3856307976122522E-017   4.5498607287057322E-012  -2.7368745587477585E-012
  0.25000000000000006           6      0   6.5664589498848694E-003   1.3796852952260158E-004  -4.8472235315559307E-017  -3.6208189180763667E-018  -5.8288510957577493E-013  -4.0810495103777914E-013
  0.25000000000000006           6     -2  -1.8567527203853166E-003  -2.8366983223811707E-003   5.0807659321134558E-018   8.2910531661091438E-018   5.6193375538251236E-013   6.3430721408115125E-013

 *** Ion channel=      2

  0.25000000000000006           1     -1  0.22484238056356509       0.39465121314865015        1.3858008343511520E-015  -3.3684934792984433E-015  -6.6621991597617643E-012   4.7834876920894130E-012
  0.25000000000000006           2     -1  0.11267237184971969       -1.5981415932173289E-002  -9.5086751630603640E-016  -6.0016123305913282E-016  -1.0306462912628538E-012   1.6372579756269402E-012
  0.25000000000000006           3     -1   9.5494643379943706E-002   8.9751717526176750E-002   9.5093735409974268E-017  -1.1473048939421042E-015  -2.4838808547080332E-012  -3.5915695308682298E-013
  0.25000000000000006           3     -2   1.2044970915489858E-002   2.0146836532969302E-002   8.2644704899095139E-017  -8.1245118031858656E-017   4.4753584090425580E-013   6.1145436999705675E-013
  0.25000000000000006           4     -1  -1.0062467041367762E-002  -3.8806268341776769E-003   6.6674907056268007E-017   1.1313831016022560E-016   1.0110795040255099E-013  -6.6653060672759172E-013
  0.25000000000000006           4     -2  -1.2126908368279416E-002  -7.9875716045533021E-004   2.4187495202832134E-017   1.1991589922573575E-017   4.5476997631992992E-013  -5.3686906005718230E-014
  0.25000000000000006           5     -1   2.4371975780498665E-003  -6.2338815079064104E-004  -2.8625086341504413E-017  -4.7661303306882917E-018   2.5894304922213801E-014  -1.4709456295776131E-013
  0.25000000000000006           5     -2   5.1779296713895800E-004  -3.0832306958166944E-003  -2.6322233641275035E-018   4.6883127004933925E-018   1.7056922862606085E-013   5.0109959688412708E-013
  0.25000000000000006           6     -1  -3.9284677088064613E-004   5.9981217367781965E-004   4.5041456484051449E-018  -4.2433385532277995E-018   5.6523703619730557E-014  -2.0828572654796427E-014
  0.25000000000000006           6     -2   6.8891821449113759E-004   1.8468782670194003E-004  -5.5720607117335120E-019  -6.7335562939966891E-019  -1.4413087158750174E-013   5.3824309007027089E-014

 *** Ion channel=      3

  0.25000000000000006           1     -1  -6.6470085551067482E-002  0.46311984145559126        2.2019285144190317E-015  -3.4197953299060807E-015  -7.7014667879011789E-011   2.2680575834297683E-012
  0.25000000000000006           2     -1  0.16087483821503673       0.97111565087535823       -1.4134731160190887E-015  -7.3608067050171258E-016  -3.5854444989191438E-012  -8.2887753102073363E-011
  0.25000000000000006           3     -1 -0.10379349827892775       0.16938982739238820        5.0837431955627563E-016  -1.4170853958605506E-015   7.6206155630658110E-011  -3.3634697653469525E-011
  0.25000000000000006           3     -3   1.2035639503790968E-002   2.0145407847357286E-002   2.6396465263288663E-016  -1.7499371518640870E-016   4.4764340809092943E-013   6.1141597773679838E-013
  0.25000000000000006           4     -1  -2.3303870048026986E-002  -3.4031144766234742E-002   9.1347702071954818E-017   1.8209315348361902E-016   4.7719589160925209E-012   1.7141556739150237E-011
  0.25000000000000006           4     -3  -1.2114243397971439E-002  -8.0386625111914141E-004   4.9440051883146004E-017   5.3118910888404958E-017   4.5456444038559601E-013  -5.3643417940498748E-014
  0.25000000000000006           5     -1   5.2108276201186356E-003   1.4596624024110737E-003  -4.1709258388289607E-017  -3.9183639967695558E-018  -3.3737156865211293E-012   2.9883114484296197E-013
  0.25000000000000006           5     -3   6.4412867671726707E-004  -3.1027552444383142E-003  -9.1211760986855592E-018   3.3700104099551901E-018   1.7068900057829510E-013   5.0331572716332820E-013
  0.25000000000000006           6     -1  -8.9094872006950415E-004   7.9456493866993691E-004   4.8398672720113464E-018  -6.3271531470314149E-018   2.1769179585090267E-013  -5.8952483023014513E-013
  0.25000000000000006           6     -3   6.8138136507775546E-004   1.7058534169267186E-004  -5.3101778985685009E-019  -1.2743807852084658E-018  -1.4401488668442400E-013   5.3515811456885320E-014

 *** Ion channel=      4

  0.25000000000000006           1     -1   8.8718505079491330E-003  -5.0144970830874186E-002  -1.0081831244597186E-015   3.0170120102538175E-016   2.9682603796477828E-012   3.1651532331059164E-012
  0.25000000000000006           2     -1  0.38894730419398976      -0.64496772056023310       -5.2151521887530317E-015   1.8480512497981608E-015   1.3301342241201242E-011   1.1940493728143397E-011
  0.25000000000000006           3     -1  0.35631390381263106       -3.2889088568475444E-002  -2.3064189750091495E-015  -1.5705164514428029E-015  -3.7667423720127531E-012   8.3418784839375281E-012
  0.25000000000000006           3     -2   1.9894844846509857E-003  -4.3220661858072239E-002  -1.2501500899614370E-017   8.9584173684141756E-017   3.2189979578234249E-012   1.8977509830836967E-012
  0.25000000000000006           4     -1   5.2501509307782412E-003   3.8810016541679392E-002   7.4141233292609592E-017  -3.1580089623853949E-016  -1.2836450166618609E-012  -1.1588465020750153E-012
  0.25000000000000006           4     -2   9.3114392809595173E-003  -1.9375255034199193E-003  -2.1947684434110434E-017  -2.8736079452663080E-018  -6.2288556919094366E-013   1.1726194465379165E-012
  0.25000000000000006           5     -1  -4.4414604520293761E-003  -7.9215727039688103E-004   3.5783619666130178E-017   1.5119292735705202E-017   2.6714059947373047E-013  -1.3836616361905963E-013
  0.25000000000000006           5     -2   4.9439932657428386E-004   1.9589379659231982E-003   1.2644800344180834E-018  -3.8712328718371098E-018  -1.8418229203284811E-013  -9.7547453343541953E-014
  0.25000000000000006           6     -1   3.2598131253799135E-004  -5.4902383820106112E-004  -3.5712259104419445E-018   4.6585459759551785E-018   8.8335788000230076E-015   5.0234283639725018E-014
  0.25000000000000006           6     -2  -3.1107311240723053E-004   4.0452446255365382E-005   7.1228806464745542E-019   1.3809970587731975E-019   2.3905885160100938E-014  -2.9065933947158780E-014

 *** Ion channel=      5

  0.25000000000000006           1     -1 -0.36662408504358923       0.17153371431115932       -1.6301987679975953E-015   1.3045967440708802E-016  -4.4841313584519747E-011   5.7958289788600357E-012
  0.25000000000000006           2     -1   1.0269007133118191       0.33094206082504340       -6.0461767571877879E-015   8.8383307385615942E-016  -2.6819331011892533E-012  -3.4581941845960379E-011
  0.25000000000000006           3     -1  0.26132385200988267       0.17448933810183676       -2.0274054981875625E-015  -2.2770004792554104E-015   1.7557813411715898E-011  -2.9520380457370596E-011
  0.25000000000000006           3     -3   2.0240511104230481E-003  -4.3229860265593098E-002   1.8921513170135761E-017  -1.7383257408564762E-018   3.2190947529373370E-012   1.8982278014235403E-012
  0.25000000000000006           4     -1  -3.0545197651179093E-002   3.3277667583185740E-002   1.6771905282545627E-016  -2.8959917760464971E-016   5.6580401684559150E-012   9.8209756378221621E-013
  0.25000000000000006           4     -3   9.3079740209387543E-003  -1.9499085180791379E-003  -2.4112982894243654E-018  -1.7503891216306742E-018  -6.2273154886723805E-013   1.1725923386831315E-012
  0.25000000000000006           5     -1  -3.9037976973633568E-003  -4.3775304974979180E-003   3.2127579596978984E-017   2.6853230079312050E-017   9.8281171429881744E-014   8.7898511982143132E-013
  0.25000000000000006           5     -3   5.5584431553635919E-004   1.8260110505540503E-003  -8.3093000289025418E-019  -2.6437278275286342E-018  -1.8220509522110137E-013  -9.6030119844731436E-014
  0.25000000000000006           6     -1   8.2876039885642770E-004  -5.0653340933553973E-004  -5.0339293303129202E-018   4.0455376570049229E-018  -1.1009268214887393E-013   1.6467370709830508E-014
  0.25000000000000006           6     -3  -3.2360015215722546E-004   3.9457960226179913E-005   6.1204621268662828E-019   1.5550590109082360E-019   2.3955063365824708E-014  -2.9243970028825068E-014
