    100.00       0.00000E+00
    110.00       0.00000E+00
    120.00       0.00000E+00
    130.00       0.00000E+00
    140.00       0.00000E+00
    150.00       0.00000E+00
    160.00       0.00000E+00
    170.00       0.00000E+00
    180.00       0.00000E+00
    190.00       0.00000E+00
    200.00       0.00000E+00
    210.00       0.00000E+00
    220.00       0.00000E+00
    230.00       0.00000E+00
    240.00       0.00000E+00
    250.00       0.00000E+00
    260.00       0.00000E+00
    270.00       0.00000E+00
    280.00       0.00000E+00
    290.00       0.00000E+00
    300.00       0.00000E+00
    310.00       0.00000E+00
    320.00       0.00000E+00
    330.00       0.00000E+00
    340.00       0.00000E+00
    350.00       0.00000E+00
    360.00       0.00000E+00
    370.00       0.00000E+00
    380.00       0.00000E+00
    390.00       0.00000E+00
    400.00       0.00000E+00
    410.00       0.00000E+00
    420.00       0.00000E+00
    430.00       0.00000E+00
    440.00       0.00000E+00
    450.00       0.00000E+00
    460.00       0.00000E+00
    470.00       0.00000E+00
    480.00       0.00000E+00
    490.00       0.00000E+00
    500.00       0.00000E+00
    510.00       0.00000E+00
    520.00       0.00000E+00
    530.00       0.00000E+00
    540.00       0.00000E+00
    550.00       0.00000E+00
    560.00       0.00000E+00
    570.00       0.00000E+00
    580.00       0.00000E+00
    590.00       0.00000E+00
    600.00       0.00000E+00
    610.00       0.00000E+00
    620.00       0.00000E+00
    630.00       1.43625E-38
    640.00       4.33775E-38
    650.00       1.26612E-37
    660.00       3.57716E-37
    670.00       9.79718E-37
    680.00       2.60467E-36
    690.00       6.73062E-36
    700.00       1.69255E-35
    710.00       4.14688E-35
    720.00       9.90978E-35
    730.00       2.31211E-34
    740.00       5.27216E-34
    750.00       1.17598E-33
    760.00       2.56817E-33
    770.00       5.49573E-33
    780.00       1.15328E-32
    790.00       2.37508E-32
    800.00       4.80362E-32
    810.00       9.54760E-32
    820.00       1.86609E-31
    830.00       3.58884E-31
    840.00       6.79522E-31
    850.00       1.26743E-30
    860.00       2.32993E-30
    870.00       4.22358E-30
    880.00       7.55334E-30
    890.00       1.33329E-29
    900.00       2.32395E-29
    910.00       4.00148E-29
    920.00       6.80901E-29
    930.00       1.14547E-28
    940.00       1.90580E-28
    950.00       3.13701E-28
    960.00       5.11026E-28
    970.00       8.24156E-28
    980.00       1.31624E-27
    990.00       2.08238E-27
   1000.00       3.26437E-27
   1010.00       5.07196E-27
   1020.00       7.81272E-27
   1030.00       1.19341E-26
   1040.00       1.80816E-26
   1050.00       2.71803E-26
   1060.00       4.05445E-26
   1070.00       6.00302E-26
   1080.00       8.82370E-26
   1090.00       1.28785E-25
   1100.00       1.86681E-25
   1110.00       2.68800E-25
   1120.00       3.84535E-25
   1130.00       5.46629E-25
   1140.00       7.72279E-25
   1150.00       1.08454E-24
   1160.00       1.51418E-24
   1170.00       2.10202E-24
   1180.00       2.90187E-24
   1190.00       3.98448E-24
   1200.00       5.44220E-24
   1210.00       7.39502E-24
   1220.00       9.99818E-24
   1230.00       1.34517E-23
   1240.00       1.80118E-23
   1250.00       2.40053E-23
   1260.00       3.18479E-23
   1270.00       4.20650E-23
   1280.00       5.53193E-23
   1290.00       7.24413E-23
   1300.00       9.44704E-23
   1310.00       1.22700E-22
   1320.00       1.58735E-22
   1330.00       2.04560E-22
   1340.00       2.62620E-22
   1350.00       3.35912E-22
   1360.00       4.28105E-22
   1370.00       5.43670E-22
   1380.00       6.88047E-22
   1390.00       8.67817E-22
   1400.00       1.09093E-21
   1410.00       1.36696E-21
   1420.00       1.70739E-21
   1430.00       2.12598E-21
   1440.00       2.63914E-21
   1450.00       3.26638E-21
   1460.00       4.03090E-21
   1470.00       4.96016E-21
   1480.00       6.08647E-21
   1490.00       7.44806E-21
   1500.00       9.08968E-21
   1510.00       1.10638E-20
   1520.00       1.34319E-20
   1530.00       1.62655E-20
   1540.00       1.96479E-20
   1550.00       2.36756E-20
   1560.00       2.84607E-20
   1570.00       3.41326E-20
   1580.00       4.08404E-20
   1590.00       4.87559E-20
   1600.00       5.80766E-20
   1610.00       6.90283E-20
   1620.00       8.18698E-20
   1630.00       9.68963E-20
   1640.00       1.14444E-19
   1650.00       1.34897E-19
   1660.00       1.58689E-19
   1670.00       1.86313E-19
   1680.00       2.18325E-19
   1690.00       2.55357E-19
   1700.00       2.98116E-19
   1710.00       3.47402E-19
   1720.00       4.04114E-19
   1730.00       4.69258E-19
   1740.00       5.43963E-19
   1750.00       6.29490E-19
   1760.00       7.27247E-19
   1770.00       8.38810E-19
   1780.00       9.65926E-19
   1790.00       1.11054E-18
   1800.00       1.27482E-18
   1810.00       1.46115E-18
   1820.00       1.67219E-18
   1830.00       1.91088E-18
   1840.00       2.18043E-18
   1850.00       2.48444E-18
   1860.00       2.82685E-18
   1870.00       3.21196E-18
   1880.00       3.64452E-18
   1890.00       4.12978E-18
   1900.00       4.67345E-18
   1910.00       5.28177E-18
   1920.00       5.96158E-18
   1930.00       6.72044E-18
   1940.00       7.56638E-18
   1950.00       8.50838E-18
   1960.00       9.55607E-18
   1970.00       1.07200E-17
   1980.00       1.20116E-17
   1990.00       1.34433E-17
   2000.00       1.50285E-17
   2010.00       1.67818E-17
   2020.00       1.87190E-17
   2030.00       2.08570E-17
   2040.00       2.32143E-17
   2050.00       2.58108E-17
   2060.00       2.86678E-17
   2070.00       3.18083E-17
   2080.00       3.52571E-17
   2090.00       3.90410E-17
   2100.00       4.31883E-17
   2110.00       4.77300E-17
   2120.00       5.26989E-17
   2130.00       5.81303E-17
   2140.00       6.40618E-17
   2150.00       7.05339E-17
   2160.00       7.75896E-17
   2170.00       8.52751E-17
   2180.00       9.36394E-17
   2190.00       1.02735E-16
   2200.00       1.12618E-16
   2210.00       1.23347E-16
   2220.00       1.34986E-16
   2230.00       1.47602E-16
   2240.00       1.61267E-16
   2250.00       1.76055E-16
   2260.00       1.92048E-16
   2270.00       2.09331E-16
   2280.00       2.27994E-16
   2290.00       2.48131E-16
   2300.00       2.69846E-16
   2310.00       2.93244E-16
   2320.00       3.18439E-16
   2330.00       3.45549E-16
   2340.00       3.74701E-16
   2350.00       4.06026E-16
   2360.00       4.39664E-16
   2370.00       4.75766E-16
   2380.00       5.14482E-16
   2390.00       5.55981E-16
   2400.00       6.00428E-16
   2410.00       6.48008E-16
   2420.00       6.98907E-16
   2430.00       7.53325E-16
   2440.00       8.11473E-16
   2450.00       8.73570E-16
   2460.00       9.39838E-16
   2470.00       1.01052E-15
   2480.00       1.08588E-15
   2490.00       1.16616E-15
   2500.00       1.25166E-15
   2510.00       1.34264E-15
   2520.00       1.43942E-15
   2530.00       1.54230E-15
   2540.00       1.65162E-15
   2550.00       1.76773E-15
   2560.00       1.89096E-15
   2570.00       2.02169E-15
   2580.00       2.16033E-15
   2590.00       2.30725E-15
   2600.00       2.46289E-15
   2610.00       2.62769E-15
   2620.00       2.80209E-15
   2630.00       2.98657E-15
   2640.00       3.18161E-15
   2650.00       3.38775E-15
   2660.00       3.60548E-15
   2670.00       3.83538E-15
   2680.00       4.07801E-15
   2690.00       4.33395E-15
   2700.00       4.60384E-15
   2710.00       4.88827E-15
   2720.00       5.18795E-15
   2730.00       5.50352E-15
   2740.00       5.83571E-15
   2750.00       6.18525E-15
   2760.00       6.55287E-15
   2770.00       6.93938E-15
   2780.00       7.34556E-15
   2790.00       7.77226E-15
   2800.00       8.22032E-15
   2810.00       8.69068E-15
   2820.00       9.18421E-15
   2830.00       9.70184E-15
   2840.00       1.02446E-14
   2850.00       1.08135E-14
   2860.00       1.14095E-14
   2870.00       1.20337E-14
   2880.00       1.26872E-14
   2890.00       1.33712E-14
   2900.00       1.40868E-14
   2910.00       1.48352E-14
   2920.00       1.56177E-14
   2930.00       1.64355E-14
   2940.00       1.72899E-14
   2950.00       1.81823E-14
   2960.00       1.91140E-14
   2970.00       2.00865E-14
   2980.00       2.11013E-14
   2990.00       2.21597E-14
   3000.00       2.32634E-14
   3010.00       2.44139E-14
   3020.00       2.56128E-14
   3030.00       2.68619E-14
   3040.00       2.81627E-14
   3050.00       2.95171E-14
   3060.00       3.09267E-14
   3070.00       3.23935E-14
   3080.00       3.39194E-14
   3090.00       3.55060E-14
   3100.00       3.71557E-14
   3110.00       3.88701E-14
   3120.00       4.06516E-14
   3130.00       4.25020E-14
   3140.00       4.44237E-14
   3150.00       4.64187E-14
   3160.00       4.84893E-14
   3170.00       5.06379E-14
   3180.00       5.28666E-14
   3190.00       5.51781E-14
   3200.00       5.75746E-14
   3210.00       6.00587E-14
   3220.00       6.26329E-14
   3230.00       6.52998E-14
   3240.00       6.80622E-14
   3250.00       7.09225E-14
   3260.00       7.38837E-14
   3270.00       7.69485E-14
   3280.00       8.01197E-14
   3290.00       8.34006E-14
   3300.00       8.67937E-14
   3310.00       9.03022E-14
   3320.00       9.39292E-14
   3330.00       9.76779E-14
   3340.00       1.01551E-13
   3350.00       1.05553E-13
   3360.00       1.09686E-13
   3370.00       1.13954E-13
   3380.00       1.18360E-13
   3390.00       1.22908E-13
   3400.00       1.27601E-13
   3410.00       1.32443E-13
   3420.00       1.37437E-13
   3430.00       1.42588E-13
   3440.00       1.47899E-13
   3450.00       1.53373E-13
   3460.00       1.59015E-13
   3470.00       1.64829E-13
   3480.00       1.70820E-13
   3490.00       1.76989E-13
   3500.00       1.83343E-13
   3510.00       1.89885E-13
   3520.00       1.96620E-13
   3530.00       2.03551E-13
   3540.00       2.10684E-13
   3550.00       2.18022E-13
   3560.00       2.25571E-13
   3570.00       2.33334E-13
   3580.00       2.41318E-13
   3590.00       2.49525E-13
   3600.00       2.57961E-13
   3610.00       2.66631E-13
   3620.00       2.75540E-13
   3630.00       2.84692E-13
   3640.00       2.94093E-13
   3650.00       3.03748E-13
   3660.00       3.13662E-13
   3670.00       3.23840E-13
   3680.00       3.34288E-13
   3690.00       3.45010E-13
   3700.00       3.56013E-13
   3710.00       3.67301E-13
   3720.00       3.78881E-13
   3730.00       3.90757E-13
   3740.00       4.02937E-13
   3750.00       4.15423E-13
   3760.00       4.28224E-13
   3770.00       4.41344E-13
   3780.00       4.54792E-13
   3790.00       4.68570E-13
   3800.00       4.82686E-13
   3810.00       4.97146E-13
   3820.00       5.11956E-13
   3830.00       5.27123E-13
   3840.00       5.42650E-13
   3850.00       5.58549E-13
   3860.00       5.74823E-13
   3870.00       5.91477E-13
   3880.00       6.08520E-13
   3890.00       6.25957E-13
   3900.00       6.43797E-13
   3910.00       6.62043E-13
   3920.00       6.80706E-13
   3930.00       6.99791E-13
   3940.00       7.19304E-13
   3950.00       7.39252E-13
   3960.00       7.59643E-13
   3970.00       7.80484E-13
   3980.00       8.01781E-13
   3990.00       8.23542E-13
   4000.00       8.45775E-13
   4010.00       8.68486E-13
   4020.00       8.91683E-13
   4030.00       9.15372E-13
   4040.00       9.39563E-13
   4050.00       9.64263E-13
   4060.00       9.89476E-13
   4070.00       1.01521E-12
   4080.00       1.04148E-12
   4090.00       1.06829E-12
   4100.00       1.09564E-12
   4110.00       1.12355E-12
   4120.00       1.15202E-12
   4130.00       1.18106E-12
   4140.00       1.21068E-12
   4150.00       1.24088E-12
   4160.00       1.27168E-12
   4170.00       1.30308E-12
   4180.00       1.33509E-12
   4190.00       1.36772E-12
   4200.00       1.40097E-12
   4210.00       1.43486E-12
   4220.00       1.46940E-12
   4230.00       1.50458E-12
   4240.00       1.54043E-12
   4250.00       1.57694E-12
   4260.00       1.61413E-12
   4270.00       1.65201E-12
   4280.00       1.69058E-12
   4290.00       1.72986E-12
   4300.00       1.76985E-12
   4310.00       1.81055E-12
   4320.00       1.85199E-12
   4330.00       1.89416E-12
   4340.00       1.93708E-12
   4350.00       1.98076E-12
   4360.00       2.02520E-12
   4370.00       2.07042E-12
   4380.00       2.11642E-12
   4390.00       2.16321E-12
   4400.00       2.21080E-12
   4410.00       2.25919E-12
   4420.00       2.30841E-12
   4430.00       2.35846E-12
   4440.00       2.40934E-12
   4450.00       2.46108E-12
   4460.00       2.51366E-12
   4470.00       2.56711E-12
   4480.00       2.62143E-12
   4490.00       2.67664E-12
   4500.00       2.73274E-12
   4510.00       2.78975E-12
   4520.00       2.84766E-12
   4530.00       2.90650E-12
   4540.00       2.96627E-12
   4550.00       3.02697E-12
   4560.00       3.08863E-12
   4570.00       3.15124E-12
   4580.00       3.21482E-12
   4590.00       3.27939E-12
   4600.00       3.34494E-12
   4610.00       3.41148E-12
   4620.00       3.47903E-12
   4630.00       3.54760E-12
   4640.00       3.61720E-12
   4650.00       3.68783E-12
   4660.00       3.75951E-12
   4670.00       3.83224E-12
   4680.00       3.90604E-12
   4690.00       3.98091E-12
   4700.00       4.05687E-12
   4710.00       4.13392E-12
   4720.00       4.21206E-12
   4730.00       4.29133E-12
   4740.00       4.37172E-12
   4750.00       4.45325E-12
   4760.00       4.53591E-12
   4770.00       4.61973E-12
   4780.00       4.70471E-12
   4790.00       4.79086E-12
   4800.00       4.87820E-12
   4810.00       4.96673E-12
   4820.00       5.05646E-12
   4830.00       5.14740E-12
   4840.00       5.23956E-12
   4850.00       5.33294E-12
   4860.00       5.42757E-12
   4870.00       5.52346E-12
   4880.00       5.62060E-12
   4890.00       5.71901E-12
   4900.00       5.81872E-12
   4910.00       5.91970E-12
   4920.00       6.02198E-12
   4930.00       6.12557E-12
   4940.00       6.23048E-12
   4950.00       6.33672E-12
   4960.00       6.44431E-12
   4970.00       6.55323E-12
   4980.00       6.66352E-12
   4990.00       6.77517E-12
   5000.00       6.88820E-12
   5010.00       7.00262E-12
   5020.00       7.11844E-12
   5030.00       7.23567E-12
   5040.00       7.35430E-12
   5050.00       7.47437E-12
   5060.00       7.59587E-12
   5070.00       7.71882E-12
   5080.00       7.84321E-12
   5090.00       7.96908E-12
   6000.00       2.67153E-11
   7000.00       6.81273E-11
   8000.00       1.34128E-10
   9000.00       2.22764E-10
  10000.00       3.29022E-10
