    100.00       3.24972E-11
    110.00       8.10489E-11
    120.00       1.71784E-10
    130.00       3.21603E-10
    140.00       5.46597E-10
    150.00       8.60421E-10
    160.00       1.27328E-09
    170.00       1.79154E-09
    180.00       2.41778E-09
    190.00       3.15123E-09
    200.00       3.98827E-09
    210.00       4.92305E-09
    220.00       5.94810E-09
    230.00       7.05487E-09
    240.00       8.23413E-09
    250.00       9.47642E-09
    260.00       1.07723E-08
    270.00       1.21126E-08
    280.00       1.34884E-08
    290.00       1.48916E-08
    300.00       1.63144E-08
    310.00       1.77498E-08
    320.00       1.91914E-08
    330.00       2.06333E-08
    340.00       2.20706E-08
    350.00       2.34985E-08
    360.00       2.49130E-08
    370.00       2.63107E-08
    380.00       2.76884E-08
    390.00       2.90438E-08
    400.00       3.03745E-08
    410.00       3.16787E-08
    420.00       3.29550E-08
    430.00       3.42021E-08
    440.00       3.54190E-08
    450.00       3.66052E-08
    460.00       3.77601E-08
    470.00       3.88833E-08
    480.00       3.99747E-08
    490.00       4.10343E-08
    500.00       4.20622E-08
    510.00       4.30585E-08
    520.00       4.40237E-08
    530.00       4.49580E-08
    540.00       4.58620E-08
    550.00       4.67360E-08
    560.00       4.75807E-08
    570.00       4.83966E-08
    580.00       4.91843E-08
    590.00       4.99445E-08
    600.00       5.06778E-08
    610.00       5.13848E-08
    620.00       5.20664E-08
    630.00       5.27230E-08
    640.00       5.33555E-08
    650.00       5.39644E-08
    660.00       5.45506E-08
    670.00       5.51146E-08
    680.00       5.56571E-08
    690.00       5.61787E-08
    700.00       5.66801E-08
    710.00       5.71620E-08
    720.00       5.76250E-08
    730.00       5.80696E-08
    740.00       5.84964E-08
    750.00       5.89061E-08
    760.00       5.92992E-08
    770.00       5.96763E-08
    780.00       6.00378E-08
    790.00       6.03844E-08
    800.00       6.07165E-08
    810.00       6.10346E-08
    820.00       6.13392E-08
    830.00       6.16307E-08
    840.00       6.19096E-08
    850.00       6.21764E-08
    860.00       6.24314E-08
    870.00       6.26751E-08
    880.00       6.29079E-08
    890.00       6.31300E-08
    900.00       6.33420E-08
    910.00       6.35442E-08
    920.00       6.37368E-08
    930.00       6.39203E-08
    940.00       6.40950E-08
    950.00       6.42611E-08
    960.00       6.44189E-08
    970.00       6.45689E-08
    980.00       6.47111E-08
    990.00       6.48460E-08
   1000.00       6.49737E-08
   1010.00       6.50946E-08
   1020.00       6.52088E-08
   1030.00       6.53165E-08
   1040.00       6.54181E-08
   1050.00       6.55137E-08
   1060.00       6.56036E-08
   1070.00       6.56879E-08
   1080.00       6.57667E-08
   1090.00       6.58405E-08
   1100.00       6.59092E-08
   1110.00       6.59731E-08
   1120.00       6.60323E-08
   1130.00       6.60871E-08
   1140.00       6.61375E-08
   1150.00       6.61837E-08
   1160.00       6.62258E-08
   1170.00       6.62640E-08
   1180.00       6.62985E-08
   1190.00       6.63293E-08
   1200.00       6.63566E-08
   1210.00       6.63805E-08
   1220.00       6.64011E-08
   1230.00       6.64185E-08
   1240.00       6.64329E-08
   1250.00       6.64443E-08
   1260.00       6.64529E-08
   1270.00       6.64586E-08
   1280.00       6.64618E-08
   1290.00       6.64623E-08
   1300.00       6.64604E-08
   1310.00       6.64561E-08
   1320.00       6.64494E-08
   1330.00       6.64405E-08
   1340.00       6.64294E-08
   1350.00       6.64163E-08
   1360.00       6.64011E-08
   1370.00       6.63839E-08
   1380.00       6.63648E-08
   1390.00       6.63440E-08
   1400.00       6.63213E-08
   1410.00       6.62970E-08
   1420.00       6.62710E-08
   1430.00       6.62434E-08
   1440.00       6.62143E-08
   1450.00       6.61836E-08
   1460.00       6.61515E-08
   1470.00       6.61181E-08
   1480.00       6.60832E-08
   1490.00       6.60471E-08
   1500.00       6.60098E-08
   1510.00       6.59711E-08
   1520.00       6.59314E-08
   1530.00       6.58905E-08
   1540.00       6.58485E-08
   1550.00       6.58054E-08
   1560.00       6.57613E-08
   1570.00       6.57163E-08
   1580.00       6.56702E-08
   1590.00       6.56232E-08
   1600.00       6.55754E-08
   1610.00       6.55266E-08
   1620.00       6.54771E-08
   1630.00       6.54267E-08
   1640.00       6.53755E-08
   1650.00       6.53236E-08
   1660.00       6.52710E-08
   1670.00       6.52176E-08
   1680.00       6.51636E-08
   1690.00       6.51089E-08
   1700.00       6.50536E-08
   1710.00       6.49976E-08
   1720.00       6.49411E-08
   1730.00       6.48840E-08
   1740.00       6.48263E-08
   1750.00       6.47681E-08
   1760.00       6.47094E-08
   1770.00       6.46502E-08
   1780.00       6.45905E-08
   1790.00       6.45304E-08
   1800.00       6.44698E-08
   1810.00       6.44087E-08
   1820.00       6.43473E-08
   1830.00       6.42855E-08
   1840.00       6.42232E-08
   1850.00       6.41607E-08
   1860.00       6.40977E-08
   1870.00       6.40344E-08
   1880.00       6.39707E-08
   1890.00       6.39068E-08
   1900.00       6.38425E-08
   1910.00       6.37780E-08
   1920.00       6.37131E-08
   1930.00       6.36480E-08
   1940.00       6.35826E-08
   1950.00       6.35170E-08
   1960.00       6.34512E-08
   1970.00       6.33850E-08
   1980.00       6.33187E-08
   1990.00       6.32522E-08
   2000.00       6.31855E-08
   2010.00       6.31185E-08
   2020.00       6.30513E-08
   2030.00       6.29841E-08
   2040.00       6.29166E-08
   2050.00       6.28489E-08
   2060.00       6.27811E-08
   2070.00       6.27132E-08
   2080.00       6.26451E-08
   2090.00       6.25769E-08
   2100.00       6.25085E-08
   2110.00       6.24400E-08
   2120.00       6.23714E-08
   2130.00       6.23028E-08
   2140.00       6.22340E-08
   2150.00       6.21651E-08
   2160.00       6.20961E-08
   2170.00       6.20270E-08
   2180.00       6.19579E-08
   2190.00       6.18887E-08
   2200.00       6.18194E-08
   2210.00       6.17500E-08
   2220.00       6.16806E-08
   2230.00       6.16111E-08
   2240.00       6.15416E-08
   2250.00       6.14720E-08
   2260.00       6.14024E-08
   2270.00       6.13328E-08
   2280.00       6.12631E-08
   2290.00       6.11934E-08
   2300.00       6.11237E-08
   2310.00       6.10539E-08
   2320.00       6.09841E-08
   2330.00       6.09144E-08
   2340.00       6.08445E-08
   2350.00       6.07747E-08
   2360.00       6.07049E-08
   2370.00       6.06351E-08
   2380.00       6.05653E-08
   2390.00       6.04955E-08
   2400.00       6.04257E-08
   2410.00       6.03559E-08
   2420.00       6.02862E-08
   2430.00       6.02164E-08
   2440.00       6.01467E-08
   2450.00       6.00770E-08
   2460.00       6.00073E-08
   2470.00       5.99376E-08
   2480.00       5.98680E-08
   2490.00       5.97984E-08
   2500.00       5.97288E-08
   2510.00       5.96593E-08
   2520.00       5.95898E-08
   2530.00       5.95204E-08
   2540.00       5.94510E-08
   2550.00       5.93816E-08
   2560.00       5.93123E-08
   2570.00       5.92430E-08
   2580.00       5.91738E-08
   2590.00       5.91046E-08
   2600.00       5.90355E-08
   2610.00       5.89665E-08
   2620.00       5.88975E-08
   2630.00       5.88286E-08
   2640.00       5.87597E-08
   2650.00       5.86909E-08
   2660.00       5.86221E-08
   2670.00       5.85535E-08
   2680.00       5.84849E-08
   2690.00       5.84163E-08
   2700.00       5.83479E-08
   2710.00       5.82795E-08
   2720.00       5.82111E-08
   2730.00       5.81429E-08
   2740.00       5.80747E-08
   2750.00       5.80066E-08
   2760.00       5.79385E-08
   2770.00       5.78706E-08
   2780.00       5.78027E-08
   2790.00       5.77349E-08
   2800.00       5.76672E-08
   2810.00       5.75996E-08
   2820.00       5.75320E-08
   2830.00       5.74646E-08
   2840.00       5.73972E-08
   2850.00       5.73299E-08
   2860.00       5.72627E-08
   2870.00       5.71956E-08
   2880.00       5.71286E-08
   2890.00       5.70616E-08
   2900.00       5.69948E-08
   2910.00       5.69280E-08
   2920.00       5.68614E-08
   2930.00       5.67948E-08
   2940.00       5.67283E-08
   2950.00       5.66620E-08
   2960.00       5.65957E-08
   2970.00       5.65294E-08
   2980.00       5.64634E-08
   2990.00       5.63973E-08
   3000.00       5.63315E-08
   3010.00       5.62657E-08
   3020.00       5.61999E-08
   3030.00       5.61344E-08
   3040.00       5.60688E-08
   3050.00       5.60034E-08
   3060.00       5.59381E-08
   3070.00       5.58729E-08
   3080.00       5.58078E-08
   3090.00       5.57428E-08
   3100.00       5.56779E-08
   3110.00       5.56131E-08
   3120.00       5.55484E-08
   3130.00       5.54838E-08
   3140.00       5.54193E-08
   3150.00       5.53550E-08
   3160.00       5.52907E-08
   3170.00       5.52265E-08
   3180.00       5.51625E-08
   3190.00       5.50985E-08
   3200.00       5.50346E-08
   3210.00       5.49709E-08
   3220.00       5.49072E-08
   3230.00       5.48437E-08
   3240.00       5.47803E-08
   3250.00       5.47169E-08
   3260.00       5.46537E-08
   3270.00       5.45906E-08
   3280.00       5.45276E-08
   3290.00       5.44647E-08
   3300.00       5.44020E-08
   3310.00       5.43393E-08
   3320.00       5.42767E-08
   3330.00       5.42143E-08
   3340.00       5.41519E-08
   3350.00       5.40897E-08
   3360.00       5.40275E-08
   3370.00       5.39655E-08
   3380.00       5.39036E-08
   3390.00       5.38418E-08
   3400.00       5.37801E-08
   3410.00       5.37185E-08
   3420.00       5.36571E-08
   3430.00       5.35957E-08
   3440.00       5.35345E-08
   3450.00       5.34734E-08
   3460.00       5.34123E-08
   3470.00       5.33514E-08
   3480.00       5.32906E-08
   3490.00       5.32299E-08
   3500.00       5.31694E-08
   3510.00       5.31089E-08
   3520.00       5.30485E-08
   3530.00       5.29883E-08
   3540.00       5.29281E-08
   3550.00       5.28681E-08
   3560.00       5.28082E-08
   3570.00       5.27484E-08
   3580.00       5.26887E-08
   3590.00       5.26292E-08
   3600.00       5.25697E-08
   3610.00       5.25103E-08
   3620.00       5.24511E-08
   3630.00       5.23919E-08
   3640.00       5.23329E-08
   3650.00       5.22740E-08
   3660.00       5.22152E-08
   3670.00       5.21565E-08
   3680.00       5.20980E-08
   3690.00       5.20395E-08
   3700.00       5.19811E-08
   3710.00       5.19229E-08
   3720.00       5.18648E-08
   3730.00       5.18067E-08
   3740.00       5.17489E-08
   3750.00       5.16910E-08
   3760.00       5.16333E-08
   3770.00       5.15757E-08
   3780.00       5.15183E-08
   3790.00       5.14609E-08
   3800.00       5.14037E-08
   3810.00       5.13466E-08
   3820.00       5.12895E-08
   3830.00       5.12326E-08
   3840.00       5.11758E-08
   3850.00       5.11191E-08
   3860.00       5.10625E-08
   3870.00       5.10061E-08
   3880.00       5.09497E-08
   3890.00       5.08935E-08
   3900.00       5.08373E-08
   3910.00       5.07813E-08
   3920.00       5.07253E-08
   3930.00       5.06695E-08
   3940.00       5.06138E-08
   3950.00       5.05582E-08
   3960.00       5.05027E-08
   3970.00       5.04474E-08
   3980.00       5.03921E-08
   3990.00       5.03369E-08
   4000.00       5.02819E-08
   4010.00       5.02270E-08
   4020.00       5.01721E-08
   4030.00       5.01174E-08
   4040.00       5.00628E-08
   4050.00       5.00083E-08
   4060.00       4.99539E-08
   4070.00       4.98995E-08
   4080.00       4.98454E-08
   4090.00       4.97913E-08
   4100.00       4.97373E-08
   4110.00       4.96835E-08
   4120.00       4.96297E-08
   4130.00       4.95760E-08
   4140.00       4.95225E-08
   4150.00       4.94691E-08
   4160.00       4.94157E-08
   4170.00       4.93625E-08
   4180.00       4.93094E-08
   4190.00       4.92564E-08
   4200.00       4.92034E-08
   4210.00       4.91506E-08
   4220.00       4.90979E-08
   4230.00       4.90453E-08
   4240.00       4.89928E-08
   4250.00       4.89405E-08
   4260.00       4.88882E-08
   4270.00       4.88360E-08
   4280.00       4.87839E-08
   4290.00       4.87320E-08
   4300.00       4.86801E-08
   4310.00       4.86283E-08
   4320.00       4.85767E-08
   4330.00       4.85251E-08
   4340.00       4.84737E-08
   4350.00       4.84223E-08
   4360.00       4.83711E-08
   4370.00       4.83199E-08
   4380.00       4.82689E-08
   4390.00       4.82180E-08
   4400.00       4.81671E-08
   4410.00       4.81164E-08
   4420.00       4.80657E-08
   4430.00       4.80152E-08
   4440.00       4.79648E-08
   4450.00       4.79145E-08
   4460.00       4.78642E-08
   4470.00       4.78141E-08
   4480.00       4.77641E-08
   4490.00       4.77142E-08
   4500.00       4.76644E-08
   4510.00       4.76146E-08
   4520.00       4.75650E-08
   4530.00       4.75155E-08
   4540.00       4.74660E-08
   4550.00       4.74167E-08
   4560.00       4.73675E-08
   4570.00       4.73184E-08
   4580.00       4.72693E-08
   4590.00       4.72204E-08
   4600.00       4.71716E-08
   4610.00       4.71228E-08
   4620.00       4.70742E-08
   4630.00       4.70257E-08
   4640.00       4.69772E-08
   4650.00       4.69289E-08
   4660.00       4.68806E-08
   4670.00       4.68325E-08
   4680.00       4.67844E-08
   4690.00       4.67365E-08
   4700.00       4.66886E-08
   4710.00       4.66409E-08
   4720.00       4.65932E-08
   4730.00       4.65456E-08
   4740.00       4.64981E-08
   4750.00       4.64508E-08
   4760.00       4.64034E-08
   4770.00       4.63562E-08
   4780.00       4.63092E-08
   4790.00       4.62622E-08
   4800.00       4.62152E-08
   4810.00       4.61684E-08
   4820.00       4.61217E-08
   4830.00       4.60751E-08
   4840.00       4.60286E-08
   4850.00       4.59821E-08
   4860.00       4.59357E-08
   4870.00       4.58895E-08
   4880.00       4.58433E-08
   4890.00       4.57973E-08
   4900.00       4.57513E-08
   4910.00       4.57054E-08
   4920.00       4.56596E-08
   4930.00       4.56139E-08
   4940.00       4.55683E-08
   4950.00       4.55228E-08
   4960.00       4.54774E-08
   4970.00       4.54320E-08
   4980.00       4.53868E-08
   4990.00       4.53416E-08
   5000.00       4.52965E-08
   5010.00       4.52516E-08
   5020.00       4.52067E-08
   5030.00       4.51619E-08
   5040.00       4.51172E-08
   5050.00       4.50726E-08
   5060.00       4.50280E-08
   5070.00       4.49836E-08
   5080.00       4.49392E-08
   5090.00       4.48950E-08
   6000.00       4.12107E-08
   7000.00       3.78332E-08
   8000.00       3.50052E-08
   9000.00       3.26043E-08
  10000.00       3.05383E-08
