    100.00       0.00000E+00
    110.00       0.00000E+00
    120.00       0.00000E+00
    130.00       0.00000E+00
    140.00       0.00000E+00
    150.00       0.00000E+00
    160.00       0.00000E+00
    170.00       0.00000E+00
    180.00       0.00000E+00
    190.00       0.00000E+00
    200.00       0.00000E+00
    210.00       0.00000E+00
    220.00       0.00000E+00
    230.00       0.00000E+00
    240.00       0.00000E+00
    250.00       0.00000E+00
    260.00       0.00000E+00
    270.00       0.00000E+00
    280.00       0.00000E+00
    290.00       0.00000E+00
    300.00       0.00000E+00
    310.00       0.00000E+00
    320.00       0.00000E+00
    330.00       1.47574E-38
    340.00       1.25269E-37
    350.00       9.40457E-37
    360.00       6.30923E-36
    370.00       3.81690E-35
    380.00       2.09941E-34
    390.00       1.05764E-33
    400.00       4.91226E-33
    410.00       2.11605E-32
    420.00       8.49998E-32
    430.00       3.19943E-31
    440.00       1.13350E-30
    450.00       3.79513E-30
    460.00       1.20528E-29
    470.00       3.64316E-29
    480.00       1.05132E-28
    490.00       2.90474E-28
    500.00       7.70407E-28
    510.00       1.96619E-27
    520.00       4.83935E-27
    530.00       1.15106E-26
    540.00       2.65090E-26
    550.00       5.92150E-26
    560.00       1.28507E-25
    570.00       2.71357E-25
    580.00       5.58329E-25
    590.00       1.12085E-24
    600.00       2.19815E-24
    610.00       4.21605E-24
    620.00       7.91725E-24
    630.00       1.45712E-23
    640.00       2.63076E-23
    650.00       4.66355E-23
    660.00       8.12390E-23
    670.00       1.39178E-22
    680.00       2.34664E-22
    690.00       3.89671E-22
    700.00       6.37691E-22
    710.00       1.02909E-21
    720.00       1.63864E-21
    730.00       2.57591E-21
    740.00       3.99973E-21
    750.00       6.13755E-21
    760.00       9.31162E-21
    770.00       1.39740E-20
    780.00       2.07518E-20
    790.00       3.05074E-20
    800.00       4.44160E-20
    810.00       6.40638E-20
    820.00       9.15737E-20
    830.00       1.29766E-19
    840.00       1.82354E-19
    850.00       2.54192E-19
    860.00       3.51580E-19
    870.00       4.82637E-19
    880.00       6.57748E-19
    890.00       8.90126E-19
    900.00       1.19646E-18
    910.00       1.59769E-18
    920.00       2.11998E-18
    930.00       2.79580E-18
    940.00       3.66519E-18
    950.00       4.77737E-18
    960.00       6.19238E-18
    970.00       7.98333E-18
    980.00       1.02384E-17
    990.00       1.30641E-17
   1000.00       1.65877E-17
   1010.00       2.09613E-17
   1020.00       2.63655E-17
   1030.00       3.30143E-17
   1040.00       4.11591E-17
   1050.00       5.10961E-17
   1060.00       6.31711E-17
   1070.00       7.77874E-17
   1080.00       9.54126E-17
   1090.00       1.16589E-16
   1100.00       1.41942E-16
   1110.00       1.72188E-16
   1120.00       2.08152E-16
   1130.00       2.50776E-16
   1140.00       3.01130E-16
   1150.00       3.60431E-16
   1160.00       4.30061E-16
   1170.00       5.11576E-16
   1180.00       6.06730E-16
   1190.00       7.17502E-16
   1200.00       8.46101E-16
   1210.00       9.94997E-16
   1220.00       1.16695E-15
   1230.00       1.36503E-15
   1240.00       1.59266E-15
   1250.00       1.85360E-15
   1260.00       2.15204E-15
   1270.00       2.49258E-15
   1280.00       2.88031E-15
   1290.00       3.32079E-15
   1300.00       3.82015E-15
   1310.00       4.38509E-15
   1320.00       5.02291E-15
   1330.00       5.74162E-15
   1340.00       6.54991E-15
   1350.00       7.45720E-15
   1360.00       8.47376E-15
   1370.00       9.61067E-15
   1380.00       1.08800E-14
   1390.00       1.22947E-14
   1400.00       1.38687E-14
   1410.00       1.56172E-14
   1420.00       1.75562E-14
   1430.00       1.97032E-14
   1440.00       2.20769E-14
   1450.00       2.46972E-14
   1460.00       2.75854E-14
   1470.00       3.07644E-14
   1480.00       3.42582E-14
   1490.00       3.80931E-14
   1500.00       4.22964E-14
   1510.00       4.68974E-14
   1520.00       5.19271E-14
   1530.00       5.74186E-14
   1540.00       6.34069E-14
   1550.00       6.99283E-14
   1560.00       7.70224E-14
   1570.00       8.47299E-14
   1580.00       9.30942E-14
   1590.00       1.02161E-13
   1600.00       1.11979E-13
   1610.00       1.22598E-13
   1620.00       1.34072E-13
   1630.00       1.46456E-13
   1640.00       1.59808E-13
   1650.00       1.74190E-13
   1660.00       1.89666E-13
   1670.00       2.06303E-13
   1680.00       2.24171E-13
   1690.00       2.43343E-13
   1700.00       2.63894E-13
   1710.00       2.85905E-13
   1720.00       3.09459E-13
   1730.00       3.34640E-13
   1740.00       3.61540E-13
   1750.00       3.90251E-13
   1760.00       4.20868E-13
   1770.00       4.53494E-13
   1780.00       4.88231E-13
   1790.00       5.25188E-13
   1800.00       5.64476E-13
   1810.00       6.06209E-13
   1820.00       6.50508E-13
   1830.00       6.97497E-13
   1840.00       7.47300E-13
   1850.00       8.00052E-13
   1860.00       8.55888E-13
   1870.00       9.14946E-13
   1880.00       9.77370E-13
   1890.00       1.04331E-12
   1900.00       1.11292E-12
   1910.00       1.18635E-12
   1920.00       1.26377E-12
   1930.00       1.34535E-12
   1940.00       1.43124E-12
   1950.00       1.52164E-12
   1960.00       1.61671E-12
   1970.00       1.71664E-12
   1980.00       1.82162E-12
   1990.00       1.93184E-12
   2000.00       2.04751E-12
   2010.00       2.16881E-12
   2020.00       2.29597E-12
   2030.00       2.42918E-12
   2040.00       2.56868E-12
   2050.00       2.71467E-12
   2060.00       2.86739E-12
   2070.00       3.02706E-12
   2080.00       3.19392E-12
   2090.00       3.36821E-12
   2100.00       3.55017E-12
   2110.00       3.74005E-12
   2120.00       3.93810E-12
   2130.00       4.14460E-12
   2140.00       4.35979E-12
   2150.00       4.58394E-12
   2160.00       4.81732E-12
   2170.00       5.06022E-12
   2180.00       5.31290E-12
   2190.00       5.57567E-12
   2200.00       5.84881E-12
   2210.00       6.13260E-12
   2220.00       6.42735E-12
   2230.00       6.73336E-12
   2240.00       7.05095E-12
   2250.00       7.38041E-12
   2260.00       7.72208E-12
   2270.00       8.07625E-12
   2280.00       8.44327E-12
   2290.00       8.82345E-12
   2300.00       9.21714E-12
   2310.00       9.62464E-12
   2320.00       1.00463E-11
   2330.00       1.04826E-11
   2340.00       1.09336E-11
   2350.00       1.13999E-11
   2360.00       1.18818E-11
   2370.00       1.23796E-11
   2380.00       1.28936E-11
   2390.00       1.34244E-11
   2400.00       1.39722E-11
   2410.00       1.45373E-11
   2420.00       1.51202E-11
   2430.00       1.57213E-11
   2440.00       1.63409E-11
   2450.00       1.69795E-11
   2460.00       1.76373E-11
   2470.00       1.83148E-11
   2480.00       1.90124E-11
   2490.00       1.97305E-11
   2500.00       2.04695E-11
   2510.00       2.12297E-11
   2520.00       2.20117E-11
   2530.00       2.28157E-11
   2540.00       2.36423E-11
   2550.00       2.44917E-11
   2560.00       2.53645E-11
   2570.00       2.62610E-11
   2580.00       2.71817E-11
   2590.00       2.81269E-11
   2600.00       2.90972E-11
   2610.00       3.00929E-11
   2620.00       3.11144E-11
   2630.00       3.21622E-11
   2640.00       3.32366E-11
   2650.00       3.43382E-11
   2660.00       3.54674E-11
   2670.00       3.66245E-11
   2680.00       3.78101E-11
   2690.00       3.90245E-11
   2700.00       4.02683E-11
   2710.00       4.15417E-11
   2720.00       4.28453E-11
   2730.00       4.41794E-11
   2740.00       4.55447E-11
   2750.00       4.69415E-11
   2760.00       4.83701E-11
   2770.00       4.98310E-11
   2780.00       5.13248E-11
   2790.00       5.28518E-11
   2800.00       5.44124E-11
   2810.00       5.60073E-11
   2820.00       5.76367E-11
   2830.00       5.93009E-11
   2840.00       6.10007E-11
   2850.00       6.27364E-11
   2860.00       6.45084E-11
   2870.00       6.63171E-11
   2880.00       6.81631E-11
   2890.00       7.00466E-11
   2900.00       7.19682E-11
   2910.00       7.39284E-11
   2920.00       7.59275E-11
   2930.00       7.79659E-11
   2940.00       8.00443E-11
   2950.00       8.21628E-11
   2960.00       8.43220E-11
   2970.00       8.65223E-11
   2980.00       8.87643E-11
   2990.00       9.10481E-11
   3000.00       9.33744E-11
   3010.00       9.57436E-11
   3020.00       9.81558E-11
   3030.00       1.00612E-10
   3040.00       1.03112E-10
   3050.00       1.05657E-10
   3060.00       1.08246E-10
   3070.00       1.10881E-10
   3080.00       1.13562E-10
   3090.00       1.16289E-10
   3100.00       1.19063E-10
   3110.00       1.21883E-10
   3120.00       1.24751E-10
   3130.00       1.27667E-10
   3140.00       1.30631E-10
   3150.00       1.33644E-10
   3160.00       1.36705E-10
   3170.00       1.39816E-10
   3180.00       1.42977E-10
   3190.00       1.46189E-10
   3200.00       1.49450E-10
   3210.00       1.52763E-10
   3220.00       1.56127E-10
   3230.00       1.59543E-10
   3240.00       1.63011E-10
   3250.00       1.66532E-10
   3260.00       1.70105E-10
   3270.00       1.73732E-10
   3280.00       1.77412E-10
   3290.00       1.81146E-10
   3300.00       1.84935E-10
   3310.00       1.88778E-10
   3320.00       1.92676E-10
   3330.00       1.96630E-10
   3340.00       2.00640E-10
   3350.00       2.04706E-10
   3360.00       2.08828E-10
   3370.00       2.13007E-10
   3380.00       2.17243E-10
   3390.00       2.21537E-10
   3400.00       2.25888E-10
   3410.00       2.30298E-10
   3420.00       2.34766E-10
   3430.00       2.39293E-10
   3440.00       2.43879E-10
   3450.00       2.48524E-10
   3460.00       2.53229E-10
   3470.00       2.57994E-10
   3480.00       2.62820E-10
   3490.00       2.67706E-10
   3500.00       2.72653E-10
   3510.00       2.77661E-10
   3520.00       2.82731E-10
   3530.00       2.87863E-10
   3540.00       2.93057E-10
   3550.00       2.98313E-10
   3560.00       3.03632E-10
   3570.00       3.09014E-10
   3580.00       3.14459E-10
   3590.00       3.19967E-10
   3600.00       3.25540E-10
   3610.00       3.31176E-10
   3620.00       3.36876E-10
   3630.00       3.42641E-10
   3640.00       3.48471E-10
   3650.00       3.54365E-10
   3660.00       3.60326E-10
   3670.00       3.66351E-10
   3680.00       3.72442E-10
   3690.00       3.78599E-10
   3700.00       3.84822E-10
   3710.00       3.91112E-10
   3720.00       3.97468E-10
   3730.00       4.03891E-10
   3740.00       4.10382E-10
   3750.00       4.16939E-10
   3760.00       4.23563E-10
   3770.00       4.30255E-10
   3780.00       4.37016E-10
   3790.00       4.43844E-10
   3800.00       4.50740E-10
   3810.00       4.57705E-10
   3820.00       4.64738E-10
   3830.00       4.71841E-10
   3840.00       4.79011E-10
   3850.00       4.86252E-10
   3860.00       4.93562E-10
   3870.00       5.00940E-10
   3880.00       5.08389E-10
   3890.00       5.15907E-10
   3900.00       5.23495E-10
   3910.00       5.31153E-10
   3920.00       5.38881E-10
   3930.00       5.46680E-10
   3940.00       5.54549E-10
   3950.00       5.62488E-10
   3960.00       5.70499E-10
   3970.00       5.78580E-10
   3980.00       5.86732E-10
   3990.00       5.94955E-10
   4000.00       6.03250E-10
   4010.00       6.11616E-10
   4020.00       6.20053E-10
   4030.00       6.28561E-10
   4040.00       6.37142E-10
   4050.00       6.45794E-10
   4060.00       6.54518E-10
   4070.00       6.63313E-10
   4080.00       6.72181E-10
   4090.00       6.81121E-10
   4100.00       6.90133E-10
   4110.00       6.99217E-10
   4120.00       7.08374E-10
   4130.00       7.17602E-10
   4140.00       7.26903E-10
   4150.00       7.36277E-10
   4160.00       7.45723E-10
   4170.00       7.55242E-10
   4180.00       7.64833E-10
   4190.00       7.74498E-10
   4200.00       7.84234E-10
   4210.00       7.94044E-10
   4220.00       8.03926E-10
   4230.00       8.13882E-10
   4240.00       8.23910E-10
   4250.00       8.34012E-10
   4260.00       8.44186E-10
   4270.00       8.54433E-10
   4280.00       8.64753E-10
   4290.00       8.75146E-10
   4300.00       8.85612E-10
   4310.00       8.96152E-10
   4320.00       9.06763E-10
   4330.00       9.17449E-10
   4340.00       9.28207E-10
   4350.00       9.39038E-10
   4360.00       9.49942E-10
   4370.00       9.60920E-10
   4380.00       9.71970E-10
   4390.00       9.83093E-10
   4400.00       9.94289E-10
   4410.00       1.00556E-09
   4420.00       1.01690E-09
   4430.00       1.02831E-09
   4440.00       1.03980E-09
   4450.00       1.05136E-09
   4460.00       1.06300E-09
   4470.00       1.07470E-09
   4480.00       1.08648E-09
   4490.00       1.09833E-09
   4500.00       1.11026E-09
   4510.00       1.12225E-09
   4520.00       1.13432E-09
   4530.00       1.14647E-09
   4540.00       1.15868E-09
   4550.00       1.17097E-09
   4560.00       1.18332E-09
   4570.00       1.19576E-09
   4580.00       1.20826E-09
   4590.00       1.22083E-09
   4600.00       1.23348E-09
   4610.00       1.24620E-09
   4620.00       1.25899E-09
   4630.00       1.27185E-09
   4640.00       1.28479E-09
   4650.00       1.29779E-09
   4660.00       1.31087E-09
   4670.00       1.32402E-09
   4680.00       1.33724E-09
   4690.00       1.35053E-09
   4700.00       1.36389E-09
   4710.00       1.37733E-09
   4720.00       1.39083E-09
   4730.00       1.40441E-09
   4740.00       1.41805E-09
   4750.00       1.43177E-09
   4760.00       1.44556E-09
   4770.00       1.45941E-09
   4780.00       1.47334E-09
   4790.00       1.48734E-09
   4800.00       1.50141E-09
   4810.00       1.51555E-09
   4820.00       1.52976E-09
   4830.00       1.54403E-09
   4840.00       1.55838E-09
   4850.00       1.57280E-09
   4860.00       1.58728E-09
   4870.00       1.60184E-09
   4880.00       1.61646E-09
   4890.00       1.63115E-09
   4900.00       1.64591E-09
   4910.00       1.66074E-09
   4920.00       1.67564E-09
   4930.00       1.69061E-09
   4940.00       1.70564E-09
   4950.00       1.72074E-09
   4960.00       1.73592E-09
   4970.00       1.75115E-09
   4980.00       1.76646E-09
   4990.00       1.78183E-09
   5000.00       1.79727E-09
   5010.00       1.81278E-09
   5020.00       1.82835E-09
   5030.00       1.84400E-09
   5040.00       1.85970E-09
   5050.00       1.87548E-09
   5060.00       1.89132E-09
   5070.00       1.90722E-09
   5080.00       1.92320E-09
   5090.00       1.93923E-09
   6000.00       3.64787E-09
   7000.00       5.95410E-09
   8000.00       8.48659E-09
   9000.00       1.10557E-08
  10000.00       1.35281E-08
