    0     -108.5059     -108.1472     -108.0982     -108.0694     -108.0662     -108.0407     -107.9941     -107.9778     -107.9706     -107.9197
     -107.8899     -107.8526     -107.8250     -108.4969     -108.0881     -108.0389     -108.0061     -107.9916     -107.9916     -107.9728
     -107.9593     -107.9252     -108.4969     -108.0881     -108.0389     -108.0061     -107.9916     -107.9916     -107.9728     -107.9593
     -107.9252     -108.0982     -108.0818     -108.0694     -108.0471     -108.0407     -107.9941     -107.9706     -107.9578     -107.8913
     -107.8899     -107.8250     -107.8120     -108.3753     -108.2504     -108.2465     -108.2345     -108.0384     -107.9204     -107.9193
     -107.8853     -107.8461     -107.8195     -107.8024     -107.7979     -107.7787     -108.3024     -108.2563     -108.2396     -108.2221
     -108.1020     -107.9267     -107.9005     -107.8417     -107.8414     -107.8091     -107.7995     -107.7874     -108.3024     -108.2563
     -108.2396     -108.2221     -108.1020     -107.9267     -107.9005     -107.8417     -107.8414     -107.8091     -107.7995     -107.7874
     -108.2504     -108.2501     -108.2345     -108.2214     -107.9204     -107.8933     -107.8488     -107.8461     -107.8024     -107.7979
     -108.2422     -108.1816     -108.1268     -108.0995     -107.9724     -107.9472     -107.8324     -107.7757     -107.7731     -108.1737
     -108.0796     -108.0532     -107.8568     -107.7889     -108.1737     -108.0796     -108.0532     -107.8568     -107.7889     -108.1816
     -108.1603     -108.1268     -108.0876     -107.9472     -107.9355     -107.7757     -108.3840     -108.3250     -107.9575     -107.9053
     -107.8794     -107.8695     -108.3365     -108.0010     -107.9798     -107.9101     -107.8951     -107.8643     -107.8500     -108.3365
     -108.0010     -107.9798     -107.9101     -107.8951     -107.8643     -107.8500     -108.3250     -108.2999     -107.9786     -107.9575
     -107.9177     -107.8794     -107.8617     -107.8119
