    100.00       0.00000E+00
    110.00       0.00000E+00
    120.00       0.00000E+00
    130.00       0.00000E+00
    140.00       0.00000E+00
    150.00       0.00000E+00
    160.00       0.00000E+00
    170.00       0.00000E+00
    180.00       0.00000E+00
    190.00       0.00000E+00
    200.00       0.00000E+00
    210.00       0.00000E+00
    220.00       0.00000E+00
    230.00       0.00000E+00
    240.00       0.00000E+00
    250.00       0.00000E+00
    260.00       0.00000E+00
    270.00       0.00000E+00
    280.00       0.00000E+00
    290.00       0.00000E+00
    300.00       0.00000E+00
    310.00       0.00000E+00
    320.00       0.00000E+00
    330.00       0.00000E+00
    340.00       0.00000E+00
    350.00       0.00000E+00
    360.00       0.00000E+00
    370.00       0.00000E+00
    380.00       0.00000E+00
    390.00       0.00000E+00
    400.00       0.00000E+00
    410.00       0.00000E+00
    420.00       0.00000E+00
    430.00       0.00000E+00
    440.00       0.00000E+00
    450.00       0.00000E+00
    460.00       0.00000E+00
    470.00       0.00000E+00
    480.00       0.00000E+00
    490.00       0.00000E+00
    500.00       0.00000E+00
    510.00       0.00000E+00
    520.00       0.00000E+00
    530.00       0.00000E+00
    540.00       0.00000E+00
    550.00       0.00000E+00
    560.00       0.00000E+00
    570.00       0.00000E+00
    580.00       0.00000E+00
    590.00       0.00000E+00
    600.00       0.00000E+00
    610.00       0.00000E+00
    620.00       0.00000E+00
    630.00       0.00000E+00
    640.00       0.00000E+00
    650.00       0.00000E+00
    660.00       0.00000E+00
    670.00       0.00000E+00
    680.00       0.00000E+00
    690.00       0.00000E+00
    700.00       0.00000E+00
    710.00       0.00000E+00
    720.00       0.00000E+00
    730.00       0.00000E+00
    740.00       0.00000E+00
    750.00       0.00000E+00
    760.00       0.00000E+00
    770.00       0.00000E+00
    780.00       0.00000E+00
    790.00       0.00000E+00
    800.00       0.00000E+00
    810.00       0.00000E+00
    820.00       0.00000E+00
    830.00       0.00000E+00
    840.00       0.00000E+00
    850.00       0.00000E+00
    860.00       0.00000E+00
    870.00       0.00000E+00
    880.00       0.00000E+00
    890.00       0.00000E+00
    900.00       0.00000E+00
    910.00       0.00000E+00
    920.00       0.00000E+00
    930.00       0.00000E+00
    940.00       0.00000E+00
    950.00       0.00000E+00
    960.00       0.00000E+00
    970.00       0.00000E+00
    980.00       0.00000E+00
    990.00       0.00000E+00
   1000.00       0.00000E+00
   1010.00       0.00000E+00
   1020.00       0.00000E+00
   1030.00       0.00000E+00
   1040.00       0.00000E+00
   1050.00       0.00000E+00
   1060.00       0.00000E+00
   1070.00       0.00000E+00
   1080.00       0.00000E+00
   1090.00       0.00000E+00
   1100.00       0.00000E+00
   1110.00       0.00000E+00
   1120.00       0.00000E+00
   1130.00       0.00000E+00
   1140.00       0.00000E+00
   1150.00       0.00000E+00
   1160.00       0.00000E+00
   1170.00       0.00000E+00
   1180.00       0.00000E+00
   1190.00       0.00000E+00
   1200.00       0.00000E+00
   1210.00       0.00000E+00
   1220.00       0.00000E+00
   1230.00       0.00000E+00
   1240.00       0.00000E+00
   1250.00       0.00000E+00
   1260.00       0.00000E+00
   1270.00       0.00000E+00
   1280.00       0.00000E+00
   1290.00       0.00000E+00
   1300.00       0.00000E+00
   1310.00       0.00000E+00
   1320.00       0.00000E+00
   1330.00       0.00000E+00
   1340.00       0.00000E+00
   1350.00       0.00000E+00
   1360.00       0.00000E+00
   1370.00       0.00000E+00
   1380.00       0.00000E+00
   1390.00       0.00000E+00
   1400.00       0.00000E+00
   1410.00       0.00000E+00
   1420.00       0.00000E+00
   1430.00       0.00000E+00
   1440.00       0.00000E+00
   1450.00       0.00000E+00
   1460.00       0.00000E+00
   1470.00       0.00000E+00
   1480.00       0.00000E+00
   1490.00       0.00000E+00
   1500.00       0.00000E+00
   1510.00       0.00000E+00
   1520.00       0.00000E+00
   1530.00       0.00000E+00
   1540.00       0.00000E+00
   1550.00       0.00000E+00
   1560.00       0.00000E+00
   1570.00       0.00000E+00
   1580.00       0.00000E+00
   1590.00       0.00000E+00
   1600.00       0.00000E+00
   1610.00       0.00000E+00
   1620.00       0.00000E+00
   1630.00       0.00000E+00
   1640.00       0.00000E+00
   1650.00       0.00000E+00
   1660.00       0.00000E+00
   1670.00       0.00000E+00
   1680.00       0.00000E+00
   1690.00       0.00000E+00
   1700.00       0.00000E+00
   1710.00       0.00000E+00
   1720.00       0.00000E+00
   1730.00       0.00000E+00
   1740.00       0.00000E+00
   1750.00       0.00000E+00
   1760.00       0.00000E+00
   1770.00       0.00000E+00
   1780.00       0.00000E+00
   1790.00       0.00000E+00
   1800.00       0.00000E+00
   1810.00       0.00000E+00
   1820.00       0.00000E+00
   1830.00       0.00000E+00
   1840.00       0.00000E+00
   1850.00       0.00000E+00
   1860.00       0.00000E+00
   1870.00       0.00000E+00
   1880.00       0.00000E+00
   1890.00       0.00000E+00
   1900.00       0.00000E+00
   1910.00       0.00000E+00
   1920.00       0.00000E+00
   1930.00       0.00000E+00
   1940.00       0.00000E+00
   1950.00       0.00000E+00
   1960.00       0.00000E+00
   1970.00       0.00000E+00
   1980.00       0.00000E+00
   1990.00       0.00000E+00
   2000.00       0.00000E+00
   2010.00       0.00000E+00
   2020.00       0.00000E+00
   2030.00       0.00000E+00
   2040.00       0.00000E+00
   2050.00       0.00000E+00
   2060.00       0.00000E+00
   2070.00       0.00000E+00
   2080.00       0.00000E+00
   2090.00       0.00000E+00
   2100.00       0.00000E+00
   2110.00       0.00000E+00
   2120.00       0.00000E+00
   2130.00       0.00000E+00
   2140.00       0.00000E+00
   2150.00       0.00000E+00
   2160.00       0.00000E+00
   2170.00       0.00000E+00
   2180.00       0.00000E+00
   2190.00       0.00000E+00
   2200.00       0.00000E+00
   2210.00       0.00000E+00
   2220.00       0.00000E+00
   2230.00       0.00000E+00
   2240.00       0.00000E+00
   2250.00       0.00000E+00
   2260.00       0.00000E+00
   2270.00       0.00000E+00
   2280.00       0.00000E+00
   2290.00       0.00000E+00
   2300.00       0.00000E+00
   2310.00       0.00000E+00
   2320.00       0.00000E+00
   2330.00       0.00000E+00
   2340.00       0.00000E+00
   2350.00       0.00000E+00
   2360.00       0.00000E+00
   2370.00       0.00000E+00
   2380.00       0.00000E+00
   2390.00       0.00000E+00
   2400.00       0.00000E+00
   2410.00       0.00000E+00
   2420.00       0.00000E+00
   2430.00       0.00000E+00
   2440.00       0.00000E+00
   2450.00       0.00000E+00
   2460.00       0.00000E+00
   2470.00       0.00000E+00
   2480.00       0.00000E+00
   2490.00       0.00000E+00
   2500.00       0.00000E+00
   2510.00       0.00000E+00
   2520.00       0.00000E+00
   2530.00       0.00000E+00
   2540.00       0.00000E+00
   2550.00       0.00000E+00
   2560.00       0.00000E+00
   2570.00       1.50961E-38
   2580.00       1.95453E-38
   2590.00       2.52555E-38
   2600.00       3.25702E-38
   2610.00       4.19219E-38
   2620.00       5.38550E-38
   2630.00       6.90539E-38
   2640.00       8.83754E-38
   2650.00       1.12896E-37
   2660.00       1.43952E-37
   2670.00       1.83222E-37
   2680.00       2.32788E-37
   2690.00       2.95235E-37
   2700.00       3.73783E-37
   2710.00       4.72401E-37
   2720.00       5.96027E-37
   2730.00       7.50716E-37
   2740.00       9.43980E-37
   2750.00       1.18504E-36
   2760.00       1.48519E-36
   2770.00       1.85836E-36
   2780.00       2.32157E-36
   2790.00       2.89562E-36
   2800.00       3.60593E-36
   2810.00       4.48356E-36
   2820.00       5.56622E-36
   2830.00       6.89970E-36
   2840.00       8.53989E-36
   2850.00       1.05542E-35
   2860.00       1.30244E-35
   2870.00       1.60493E-35
   2880.00       1.97483E-35
   2890.00       2.42650E-35
   2900.00       2.97725E-35
   2910.00       3.64793E-35
   2920.00       4.46347E-35
   2930.00       5.45388E-35
   2940.00       6.65505E-35
   2950.00       8.10977E-35
   2960.00       9.86937E-35
   2970.00       1.19949E-34
   2980.00       1.45595E-34
   2990.00       1.76493E-34
   3000.00       2.13677E-34
   3010.00       2.58370E-34
   3020.00       3.12014E-34
   3030.00       3.76337E-34
   3040.00       4.53354E-34
   3050.00       5.45480E-34
   3060.00       6.55527E-34
   3070.00       7.86846E-34
   3080.00       9.43359E-34
   3090.00       1.12967E-33
   3100.00       1.35123E-33
   3110.00       1.61437E-33
   3120.00       1.92660E-33
   3130.00       2.29659E-33
   3140.00       2.73463E-33
   3150.00       3.25260E-33
   3160.00       3.86445E-33
   3170.00       4.58648E-33
   3180.00       5.43751E-33
   3190.00       6.43966E-33
   3200.00       7.61848E-33
   3210.00       9.00374E-33
   3220.00       1.06298E-32
   3230.00       1.25367E-32
   3240.00       1.47708E-32
   3250.00       1.73856E-32
   3260.00       2.04428E-32
   3270.00       2.40140E-32
   3280.00       2.81813E-32
   3290.00       3.30402E-32
   3300.00       3.86994E-32
   3310.00       4.52850E-32
   3320.00       5.29412E-32
   3330.00       6.18343E-32
   3340.00       7.21544E-32
   3350.00       8.41198E-32
   3360.00       9.79806E-32
   3370.00       1.14022E-31
   3380.00       1.32572E-31
   3390.00       1.54002E-31
   3400.00       1.78743E-31
   3410.00       2.07275E-31
   3420.00       2.40155E-31
   3430.00       2.78014E-31
   3440.00       3.21569E-31
   3450.00       3.71636E-31
   3460.00       4.29138E-31
   3470.00       4.95131E-31
   3480.00       5.70808E-31
   3490.00       6.57514E-31
   3500.00       7.56784E-31
   3510.00       8.70341E-31
   3520.00       1.00016E-30
   3530.00       1.14844E-30
   3540.00       1.31767E-30
   3550.00       1.51068E-30
   3560.00       1.73063E-30
   3570.00       1.98112E-30
   3580.00       2.26616E-30
   3590.00       2.59027E-30
   3600.00       2.95856E-30
   3610.00       3.37674E-30
   3620.00       3.85121E-30
   3630.00       4.38919E-30
   3640.00       4.99878E-30
   3650.00       5.68896E-30
   3660.00       6.46994E-30
   3670.00       7.35292E-30
   3680.00       8.35069E-30
   3690.00       9.47739E-30
   3700.00       1.07487E-29
   3710.00       1.21823E-29
   3720.00       1.37981E-29
   3730.00       1.56176E-29
   3740.00       1.76655E-29
   3750.00       1.99688E-29
   3760.00       2.25579E-29
   3770.00       2.54661E-29
   3780.00       2.87312E-29
   3790.00       3.23942E-29
   3800.00       3.65015E-29
   3810.00       4.11037E-29
   3820.00       4.62577E-29
   3830.00       5.20261E-29
   3840.00       5.84777E-29
   3850.00       6.56904E-29
   3860.00       7.37487E-29
   3870.00       8.27456E-29
   3880.00       9.27856E-29
   3890.00       1.03983E-28
   3900.00       1.16464E-28
   3910.00       1.30367E-28
   3920.00       1.45848E-28
   3930.00       1.63074E-28
   3940.00       1.82232E-28
   3950.00       2.03526E-28
   3960.00       2.27183E-28
   3970.00       2.53450E-28
   3980.00       2.82600E-28
   3990.00       3.14931E-28
   4000.00       3.50773E-28
   4010.00       3.90485E-28
   4020.00       4.34462E-28
   4030.00       4.83136E-28
   4040.00       5.36986E-28
   4050.00       5.96530E-28
   4060.00       6.62329E-28
   4070.00       7.35011E-28
   4080.00       8.15260E-28
   4090.00       9.03814E-28
   4100.00       1.00149E-27
   4110.00       1.10916E-27
   4120.00       1.22781E-27
   4130.00       1.35848E-27
   4140.00       1.50234E-27
   4150.00       1.66062E-27
   4160.00       1.83471E-27
   4170.00       2.02608E-27
   4180.00       2.23636E-27
   4190.00       2.46730E-27
   4200.00       2.72083E-27
   4210.00       2.99903E-27
   4220.00       3.30415E-27
   4230.00       3.63867E-27
   4240.00       4.00523E-27
   4250.00       4.40676E-27
   4260.00       4.84638E-27
   4270.00       5.32746E-27
   4280.00       5.85381E-27
   4290.00       6.42925E-27
   4300.00       7.05829E-27
   4310.00       7.74552E-27
   4320.00       8.49596E-27
   4330.00       9.31523E-27
   4340.00       1.02092E-26
   4350.00       1.11842E-26
   4360.00       1.22473E-26
   4370.00       1.34059E-26
   4380.00       1.46681E-26
   4390.00       1.60426E-26
   4400.00       1.75388E-26
   4410.00       1.91668E-26
   4420.00       2.09376E-26
   4430.00       2.28629E-26
   4440.00       2.49555E-26
   4450.00       2.72291E-26
   4460.00       2.96980E-26
   4470.00       3.23785E-26
   4480.00       3.52873E-26
   4490.00       3.84428E-26
   4500.00       4.18648E-26
   4510.00       4.55742E-26
   4520.00       4.95936E-26
   4530.00       5.39477E-26
   4540.00       5.86624E-26
   4550.00       6.37658E-26
   4560.00       6.92881E-26
   4570.00       7.52614E-26
   4580.00       8.17201E-26
   4590.00       8.87020E-26
   4600.00       9.62458E-26
   4610.00       1.04395E-25
   4620.00       1.13194E-25
   4630.00       1.22692E-25
   4640.00       1.32942E-25
   4650.00       1.43998E-25
   4660.00       1.55921E-25
   4670.00       1.68774E-25
   4680.00       1.82626E-25
   4690.00       1.97547E-25
   4700.00       2.13618E-25
   4710.00       2.30920E-25
   4720.00       2.49539E-25
   4730.00       2.69574E-25
   4740.00       2.91124E-25
   4750.00       3.14294E-25
   4760.00       3.39200E-25
   4770.00       3.65964E-25
   4780.00       3.94717E-25
   4790.00       4.25593E-25
   4800.00       4.58742E-25
   4810.00       4.94319E-25
   4820.00       5.32494E-25
   4830.00       5.73439E-25
   4840.00       6.17346E-25
   4850.00       6.64411E-25
   4860.00       7.14852E-25
   4870.00       7.68896E-25
   4880.00       8.26777E-25
   4890.00       8.88753E-25
   4900.00       9.55103E-25
   4910.00       1.02610E-24
   4920.00       1.10205E-24
   4930.00       1.18329E-24
   4940.00       1.27015E-24
   4950.00       1.36301E-24
   4960.00       1.46224E-24
   4970.00       1.56826E-24
   4980.00       1.68149E-24
   4990.00       1.80239E-24
   5000.00       1.93146E-24
   5010.00       2.06920E-24
   5020.00       2.21616E-24
   5030.00       2.37292E-24
   5040.00       2.54008E-24
   5050.00       2.71829E-24
   5060.00       2.90823E-24
   5070.00       3.11062E-24
   5080.00       3.32621E-24
   5090.00       3.55583E-24
   6000.00       6.13125E-22
   7000.00       3.80147E-20
   8000.00       8.47886E-19
   9000.00       9.55478E-18
  10000.00       6.67122E-17
