    100.00       0.00000E+00
    110.00       0.00000E+00
    120.00       0.00000E+00
    130.00       0.00000E+00
    140.00       0.00000E+00
    150.00       0.00000E+00
    160.00       0.00000E+00
    170.00       0.00000E+00
    180.00       0.00000E+00
    190.00       0.00000E+00
    200.00       0.00000E+00
    210.00       0.00000E+00
    220.00       0.00000E+00
    230.00       0.00000E+00
    240.00       0.00000E+00
    250.00       0.00000E+00
    260.00       0.00000E+00
    270.00       0.00000E+00
    280.00       0.00000E+00
    290.00       0.00000E+00
    300.00       0.00000E+00
    310.00       0.00000E+00
    320.00       0.00000E+00
    330.00       0.00000E+00
    340.00       0.00000E+00
    350.00       0.00000E+00
    360.00       0.00000E+00
    370.00       0.00000E+00
    380.00       1.82940E-38
    390.00       1.40180E-37
    400.00       9.69214E-37
    410.00       6.09258E-36
    420.00       3.50586E-35
    430.00       1.85816E-34
    440.00       9.12239E-34
    450.00       4.16965E-33
    460.00       1.78271E-32
    470.00       7.16009E-32
    480.00       2.71212E-31
    490.00       9.72347E-31
    500.00       3.31048E-30
    510.00       1.07360E-29
    520.00       3.32583E-29
    530.00       9.86721E-29
    540.00       2.81043E-28
    550.00       7.70207E-28
    560.00       2.03513E-27
    570.00       5.19486E-27
    580.00       1.28329E-26
    590.00       3.07306E-26
    600.00       7.14499E-26
    610.00       1.61525E-25
    620.00       3.55534E-25
    630.00       7.62924E-25
    640.00       1.59794E-24
    650.00       3.27043E-24
    660.00       6.54745E-24
    670.00       1.28352E-23
    680.00       2.46597E-23
    690.00       4.64748E-23
    700.00       8.59903E-23
    710.00       1.56325E-22
    720.00       2.79429E-22
    730.00       4.91450E-22
    740.00       8.51025E-22
    750.00       1.45188E-21
    760.00       2.44174E-21
    770.00       4.05043E-21
    780.00       6.63063E-21
    790.00       1.07173E-20
    800.00       1.71120E-20
    810.00       2.70024E-20
    820.00       4.21282E-20
    830.00       6.50125E-20
    840.00       9.92754E-20
    850.00       1.50062E-19
    860.00       2.24616E-19
    870.00       3.33040E-19
    880.00       4.89307E-19
    890.00       7.12572E-19
    900.00       1.02890E-18
    910.00       1.47342E-18
    920.00       2.09323E-18
    930.00       2.95089E-18
    940.00       4.12895E-18
    950.00       5.73571E-18
    960.00       7.91199E-18
    970.00       1.08403E-17
    980.00       1.47548E-17
    990.00       1.99552E-17
   1000.00       2.68220E-17
   1010.00       3.58361E-17
   1020.00       4.76014E-17
   1030.00       6.28732E-17
   1040.00       8.25896E-17
   1050.00       1.07912E-16
   1060.00       1.40271E-16
   1070.00       1.81418E-16
   1080.00       2.33488E-16
   1090.00       2.99080E-16
   1100.00       3.81331E-16
   1110.00       4.84017E-16
   1120.00       6.11674E-16
   1130.00       7.69715E-16
   1140.00       9.64583E-16
   1150.00       1.20391E-15
   1160.00       1.49672E-15
   1170.00       1.85364E-15
   1180.00       2.28711E-15
   1190.00       2.81172E-15
   1200.00       3.44443E-15
   1210.00       4.20495E-15
   1220.00       5.11611E-15
   1230.00       6.20428E-15
   1240.00       7.49982E-15
   1250.00       9.03756E-15
   1260.00       1.08574E-14
   1270.00       1.30048E-14
   1280.00       1.55317E-14
   1290.00       1.84969E-14
   1300.00       2.19671E-14
   1310.00       2.60178E-14
   1320.00       3.07338E-14
   1330.00       3.62109E-14
   1340.00       4.25562E-14
   1350.00       4.98899E-14
   1360.00       5.83460E-14
   1370.00       6.80740E-14
   1380.00       7.92408E-14
   1390.00       9.20309E-14
   1400.00       1.06649E-13
   1410.00       1.23322E-13
   1420.00       1.42299E-13
   1430.00       1.63856E-13
   1440.00       1.88297E-13
   1450.00       2.15952E-13
   1460.00       2.47189E-13
   1470.00       2.82405E-13
   1480.00       3.22034E-13
   1490.00       3.66555E-13
   1500.00       4.16482E-13
   1510.00       4.72380E-13
   1520.00       5.34858E-13
   1530.00       6.04581E-13
   1540.00       6.82265E-13
   1550.00       7.68678E-13
   1560.00       8.64663E-13
   1570.00       9.71119E-13
   1580.00       1.08901E-12
   1590.00       1.21939E-12
   1600.00       1.36336E-12
   1610.00       1.52214E-12
   1620.00       1.69701E-12
   1630.00       1.88933E-12
   1640.00       2.10058E-12
   1650.00       2.33233E-12
   1660.00       2.58625E-12
   1670.00       2.86410E-12
   1680.00       3.16779E-12
   1690.00       3.49934E-12
   1700.00       3.86084E-12
   1710.00       4.25459E-12
   1720.00       4.68297E-12
   1730.00       5.14851E-12
   1740.00       5.65389E-12
   1750.00       6.20195E-12
   1760.00       6.79564E-12
   1770.00       7.43813E-12
   1780.00       8.13272E-12
   1790.00       8.88291E-12
   1800.00       9.69235E-12
   1810.00       1.05649E-11
   1820.00       1.15045E-11
   1830.00       1.25156E-11
   1840.00       1.36023E-11
   1850.00       1.47696E-11
   1860.00       1.60221E-11
   1870.00       1.73650E-11
   1880.00       1.88035E-11
   1890.00       2.03433E-11
   1900.00       2.19900E-11
   1910.00       2.37496E-11
   1920.00       2.56284E-11
   1930.00       2.76331E-11
   1940.00       2.97701E-11
   1950.00       3.20468E-11
   1960.00       3.44702E-11
   1970.00       3.70481E-11
   1980.00       3.97882E-11
   1990.00       4.26989E-11
   2000.00       4.57883E-11
   2010.00       4.90654E-11
   2020.00       5.25393E-11
   2030.00       5.62191E-11
   2040.00       6.01145E-11
   2050.00       6.42356E-11
   2060.00       6.85928E-11
   2070.00       7.31964E-11
   2080.00       7.80576E-11
   2090.00       8.31878E-11
   2100.00       8.85982E-11
   2110.00       9.43011E-11
   2120.00       1.00309E-10
   2130.00       1.06634E-10
   2140.00       1.13289E-10
   2150.00       1.20289E-10
   2160.00       1.27645E-10
   2170.00       1.35373E-10
   2180.00       1.43488E-10
   2190.00       1.52003E-10
   2200.00       1.60934E-10
   2210.00       1.70297E-10
   2220.00       1.80107E-10
   2230.00       1.90381E-10
   2240.00       2.01136E-10
   2250.00       2.12388E-10
   2260.00       2.24155E-10
   2270.00       2.36455E-10
   2280.00       2.49307E-10
   2290.00       2.62727E-10
   2300.00       2.76736E-10
   2310.00       2.91352E-10
   2320.00       3.06597E-10
   2330.00       3.22489E-10
   2340.00       3.39049E-10
   2350.00       3.56298E-10
   2360.00       3.74257E-10
   2370.00       3.92948E-10
   2380.00       4.12392E-10
   2390.00       4.32614E-10
   2400.00       4.53633E-10
   2410.00       4.75475E-10
   2420.00       4.98162E-10
   2430.00       5.21717E-10
   2440.00       5.46168E-10
   2450.00       5.71536E-10
   2460.00       5.97846E-10
   2470.00       6.25124E-10
   2480.00       6.53397E-10
   2490.00       6.82689E-10
   2500.00       7.13028E-10
   2510.00       7.44439E-10
   2520.00       7.76950E-10
   2530.00       8.10589E-10
   2540.00       8.45380E-10
   2550.00       8.81358E-10
   2560.00       9.18545E-10
   2570.00       9.56971E-10
   2580.00       9.96667E-10
   2590.00       1.03766E-09
   2600.00       1.07998E-09
   2610.00       1.12366E-09
   2620.00       1.16872E-09
   2630.00       1.21521E-09
   2640.00       1.26314E-09
   2650.00       1.31255E-09
   2660.00       1.36348E-09
   2670.00       1.41594E-09
   2680.00       1.46998E-09
   2690.00       1.52563E-09
   2700.00       1.58292E-09
   2710.00       1.64187E-09
   2720.00       1.70253E-09
   2730.00       1.76493E-09
   2740.00       1.82910E-09
   2750.00       1.89507E-09
   2760.00       1.96288E-09
   2770.00       2.03256E-09
   2780.00       2.10414E-09
   2790.00       2.17766E-09
   2800.00       2.25316E-09
   2810.00       2.33067E-09
   2820.00       2.41022E-09
   2830.00       2.49184E-09
   2840.00       2.57559E-09
   2850.00       2.66148E-09
   2860.00       2.74955E-09
   2870.00       2.83984E-09
   2880.00       2.93239E-09
   2890.00       3.02723E-09
   2900.00       3.12439E-09
   2910.00       3.22391E-09
   2920.00       3.32584E-09
   2930.00       3.43020E-09
   2940.00       3.53703E-09
   2950.00       3.64636E-09
   2960.00       3.75824E-09
   2970.00       3.87269E-09
   2980.00       3.98978E-09
   2990.00       4.10950E-09
   3000.00       4.23192E-09
   3010.00       4.35706E-09
   3020.00       4.48496E-09
   3030.00       4.61567E-09
   3040.00       4.74920E-09
   3050.00       4.88562E-09
   3060.00       5.02493E-09
   3070.00       5.16720E-09
   3080.00       5.31245E-09
   3090.00       5.46071E-09
   3100.00       5.61203E-09
   3110.00       5.76644E-09
   3120.00       5.92399E-09
   3130.00       6.08468E-09
   3140.00       6.24859E-09
   3150.00       6.41573E-09
   3160.00       6.58614E-09
   3170.00       6.75987E-09
   3180.00       6.93693E-09
   3190.00       7.11739E-09
   3200.00       7.30125E-09
   3210.00       7.48857E-09
   3220.00       7.67937E-09
   3230.00       7.87369E-09
   3240.00       8.07159E-09
   3250.00       8.27307E-09
   3260.00       8.47818E-09
   3270.00       8.68695E-09
   3280.00       8.89941E-09
   3290.00       9.11563E-09
   3300.00       9.33560E-09
   3310.00       9.55938E-09
   3320.00       9.78699E-09
   3330.00       1.00185E-08
   3340.00       1.02538E-08
   3350.00       1.04932E-08
   3360.00       1.07365E-08
   3370.00       1.09838E-08
   3380.00       1.12351E-08
   3390.00       1.14905E-08
   3400.00       1.17500E-08
   3410.00       1.20137E-08
   3420.00       1.22815E-08
   3430.00       1.25535E-08
   3440.00       1.28297E-08
   3450.00       1.31102E-08
   3460.00       1.33950E-08
   3470.00       1.36841E-08
   3480.00       1.39776E-08
   3490.00       1.42754E-08
   3500.00       1.45777E-08
   3510.00       1.48844E-08
   3520.00       1.51956E-08
   3530.00       1.55113E-08
   3540.00       1.58315E-08
   3550.00       1.61563E-08
   3560.00       1.64856E-08
   3570.00       1.68196E-08
   3580.00       1.71583E-08
   3590.00       1.75016E-08
   3600.00       1.78496E-08
   3610.00       1.82024E-08
   3620.00       1.85598E-08
   3630.00       1.89221E-08
   3640.00       1.92892E-08
   3650.00       1.96611E-08
   3660.00       2.00379E-08
   3670.00       2.04196E-08
   3680.00       2.08061E-08
   3690.00       2.11976E-08
   3700.00       2.15941E-08
   3710.00       2.19956E-08
   3720.00       2.24020E-08
   3730.00       2.28135E-08
   3740.00       2.32300E-08
   3750.00       2.36516E-08
   3760.00       2.40783E-08
   3770.00       2.45101E-08
   3780.00       2.49471E-08
   3790.00       2.53892E-08
   3800.00       2.58365E-08
   3810.00       2.62890E-08
   3820.00       2.67468E-08
   3830.00       2.72097E-08
   3840.00       2.76779E-08
   3850.00       2.81515E-08
   3860.00       2.86303E-08
   3870.00       2.91144E-08
   3880.00       2.96039E-08
   3890.00       3.00988E-08
   3900.00       3.05990E-08
   3910.00       3.11045E-08
   3920.00       3.16155E-08
   3930.00       3.21320E-08
   3940.00       3.26538E-08
   3950.00       3.31812E-08
   3960.00       3.37139E-08
   3970.00       3.42522E-08
   3980.00       3.47960E-08
   3990.00       3.53453E-08
   4000.00       3.59001E-08
   4010.00       3.64605E-08
   4020.00       3.70264E-08
   4030.00       3.75978E-08
   4040.00       3.81749E-08
   4050.00       3.87576E-08
   4060.00       3.93458E-08
   4070.00       3.99397E-08
   4080.00       4.05392E-08
   4090.00       4.11444E-08
   4100.00       4.17551E-08
   4110.00       4.23716E-08
   4120.00       4.29937E-08
   4130.00       4.36215E-08
   4140.00       4.42550E-08
   4150.00       4.48942E-08
   4160.00       4.55390E-08
   4170.00       4.61897E-08
   4180.00       4.68460E-08
   4190.00       4.75080E-08
   4200.00       4.81758E-08
   4210.00       4.88493E-08
   4220.00       4.95285E-08
   4230.00       5.02136E-08
   4240.00       5.09043E-08
   4250.00       5.16009E-08
   4260.00       5.23032E-08
   4270.00       5.30112E-08
   4280.00       5.37251E-08
   4290.00       5.44447E-08
   4300.00       5.51702E-08
   4310.00       5.59014E-08
   4320.00       5.66383E-08
   4330.00       5.73812E-08
   4340.00       5.81297E-08
   4350.00       5.88841E-08
   4360.00       5.96443E-08
   4370.00       6.04103E-08
   4380.00       6.11821E-08
   4390.00       6.19596E-08
   4400.00       6.27431E-08
   4410.00       6.35322E-08
   4420.00       6.43272E-08
   4430.00       6.51280E-08
   4440.00       6.59346E-08
   4450.00       6.67470E-08
   4460.00       6.75652E-08
   4470.00       6.83892E-08
   4480.00       6.92189E-08
   4490.00       7.00545E-08
   4500.00       7.08959E-08
   4510.00       7.17431E-08
   4520.00       7.25960E-08
   4530.00       7.34547E-08
   4540.00       7.43192E-08
   4550.00       7.51895E-08
   4560.00       7.60656E-08
   4570.00       7.69473E-08
   4580.00       7.78348E-08
   4590.00       7.87282E-08
   4600.00       7.96272E-08
   4610.00       8.05320E-08
   4620.00       8.14425E-08
   4630.00       8.23588E-08
   4640.00       8.32808E-08
   4650.00       8.42084E-08
   4660.00       8.51418E-08
   4670.00       8.60809E-08
   4680.00       8.70257E-08
   4690.00       8.79762E-08
   4700.00       8.89324E-08
   4710.00       8.98943E-08
   4720.00       9.08615E-08
   4730.00       9.18347E-08
   4740.00       9.28135E-08
   4750.00       9.37980E-08
   4760.00       9.47879E-08
   4770.00       9.57835E-08
   4780.00       9.67848E-08
   4790.00       9.77916E-08
   4800.00       9.88040E-08
   4810.00       9.98220E-08
   4820.00       1.00846E-07
   4830.00       1.01875E-07
   4840.00       1.02909E-07
   4850.00       1.03949E-07
   4860.00       1.04995E-07
   4870.00       1.06046E-07
   4880.00       1.07103E-07
   4890.00       1.08165E-07
   4900.00       1.09233E-07
   4910.00       1.10306E-07
   4920.00       1.11384E-07
   4930.00       1.12468E-07
   4940.00       1.13557E-07
   4950.00       1.14652E-07
   4960.00       1.15752E-07
   4970.00       1.16857E-07
   4980.00       1.17968E-07
   4990.00       1.19084E-07
   5000.00       1.20206E-07
   5010.00       1.21332E-07
   5020.00       1.22465E-07
   5030.00       1.23602E-07
   5040.00       1.24744E-07
   5050.00       1.25892E-07
   5060.00       1.27045E-07
   5070.00       1.28204E-07
   5080.00       1.29367E-07
   5090.00       1.30536E-07
   6000.00       2.56071E-07
   7000.00       4.24290E-07
   8000.00       6.03500E-07
   9000.00       7.77631E-07
  10000.00       9.36950E-07
