    100.00       0.00000E+00
    110.00       0.00000E+00
    120.00       0.00000E+00
    130.00       0.00000E+00
    140.00       0.00000E+00
    150.00       0.00000E+00
    160.00       0.00000E+00
    170.00       0.00000E+00
    180.00       0.00000E+00
    190.00       0.00000E+00
    200.00       0.00000E+00
    210.00       0.00000E+00
    220.00       0.00000E+00
    230.00       0.00000E+00
    240.00       0.00000E+00
    250.00       0.00000E+00
    260.00       0.00000E+00
    270.00       0.00000E+00
    280.00       0.00000E+00
    290.00       0.00000E+00
    300.00       0.00000E+00
    310.00       0.00000E+00
    320.00       0.00000E+00
    330.00       0.00000E+00
    340.00       0.00000E+00
    350.00       0.00000E+00
    360.00       5.68326E-38
    370.00       4.24139E-37
    380.00       2.84505E-36
    390.00       1.72954E-35
    400.00       9.59896E-35
    410.00       4.89646E-34
    420.00       2.30959E-33
    430.00       1.01287E-32
    440.00       4.15057E-32
    450.00       1.59649E-31
    460.00       5.78797E-31
    470.00       1.98536E-30
    480.00       6.46554E-30
    490.00       2.00548E-29
    500.00       5.94222E-29
    510.00       1.68643E-28
    520.00       4.59581E-28
    530.00       1.20540E-27
    540.00       3.04932E-27
    550.00       7.45490E-27
    560.00       1.76456E-26
    570.00       4.05077E-26
    580.00       9.03295E-26
    590.00       1.95955E-25
    600.00       4.14122E-25
    610.00       8.53675E-25
    620.00       1.71864E-24
    630.00       3.38293E-24
    640.00       6.51745E-24
    650.00       1.23018E-23
    660.00       2.27706E-23
    670.00       4.13696E-23
    680.00       7.38314E-23
    690.00       1.29537E-22
    700.00       2.23594E-22
    710.00       3.79965E-22
    720.00       6.36100E-22
    730.00       1.04972E-21
    740.00       1.70860E-21
    750.00       2.74455E-21
    760.00       4.35301E-21
    770.00       6.82053E-21
    780.00       1.05621E-20
    790.00       1.61730E-20
    800.00       2.44974E-20
    810.00       3.67209E-20
    820.00       5.44925E-20
    830.00       8.00853E-20
    840.00       1.16603E-19
    850.00       1.68249E-19
    860.00       2.40668E-19
    870.00       3.41381E-19
    880.00       4.80327E-19
    890.00       6.70556E-19
    900.00       9.29066E-19
    910.00       1.27785E-18
    920.00       1.74517E-18
    930.00       2.36715E-18
    940.00       3.18956E-18
    950.00       4.27023E-18
    960.00       5.68160E-18
    970.00       7.51412E-18
    980.00       9.87981E-18
    990.00       1.29170E-17
   1000.00       1.67956E-17
   1010.00       2.17228E-17
   1020.00       2.79507E-17
   1030.00       3.57844E-17
   1040.00       4.55909E-17
   1050.00       5.78111E-17
   1060.00       7.29709E-17
   1070.00       9.16961E-17
   1080.00       1.14727E-16
   1090.00       1.42939E-16
   1100.00       1.77360E-16
   1110.00       2.19193E-16
   1120.00       2.69843E-16
   1130.00       3.30945E-16
   1140.00       4.04393E-16
   1150.00       4.92374E-16
   1160.00       5.97409E-16
   1170.00       7.22394E-16
   1180.00       8.70635E-16
   1190.00       1.04592E-15
   1200.00       1.25256E-15
   1210.00       1.49542E-15
   1220.00       1.78004E-15
   1230.00       2.11266E-15
   1240.00       2.50031E-15
   1250.00       2.95089E-15
   1260.00       3.47325E-15
   1270.00       4.07726E-15
   1280.00       4.77400E-15
   1290.00       5.57569E-15
   1300.00       6.49599E-15
   1310.00       7.55002E-15
   1320.00       8.75443E-15
   1330.00       1.01277E-14
   1340.00       1.16902E-14
   1350.00       1.34641E-14
   1360.00       1.54739E-14
   1370.00       1.77464E-14
   1380.00       2.03110E-14
   1390.00       2.31996E-14
   1400.00       2.64469E-14
   1410.00       3.00910E-14
   1420.00       3.41727E-14
   1430.00       3.87368E-14
   1440.00       4.38315E-14
   1450.00       4.95086E-14
   1460.00       5.58245E-14
   1470.00       6.28399E-14
   1480.00       7.06195E-14
   1490.00       7.92336E-14
   1500.00       8.87571E-14
   1510.00       9.92702E-14
   1520.00       1.10859E-13
   1530.00       1.23616E-13
   1540.00       1.37639E-13
   1550.00       1.53031E-13
   1560.00       1.69905E-13
   1570.00       1.88379E-13
   1580.00       2.08578E-13
   1590.00       2.30635E-13
   1600.00       2.54693E-13
   1610.00       2.80900E-13
   1620.00       3.09413E-13
   1630.00       3.40401E-13
   1640.00       3.74038E-13
   1650.00       4.10511E-13
   1660.00       4.50016E-13
   1670.00       4.92756E-13
   1680.00       5.38950E-13
   1690.00       5.88823E-13
   1700.00       6.42612E-13
   1710.00       7.00568E-13
   1720.00       7.62952E-13
   1730.00       8.30036E-13
   1740.00       9.02108E-13
   1750.00       9.79463E-13
   1760.00       1.06241E-12
   1770.00       1.15128E-12
   1780.00       1.24641E-12
   1790.00       1.34815E-12
   1800.00       1.45687E-12
   1810.00       1.57294E-12
   1820.00       1.69676E-12
   1830.00       1.82875E-12
   1840.00       1.96932E-12
   1850.00       2.11893E-12
   1860.00       2.27803E-12
   1870.00       2.44708E-12
   1880.00       2.62657E-12
   1890.00       2.81703E-12
   1900.00       3.01896E-12
   1910.00       3.23291E-12
   1920.00       3.45943E-12
   1930.00       3.69911E-12
   1940.00       3.95252E-12
   1950.00       4.22028E-12
   1960.00       4.50301E-12
   1970.00       4.80137E-12
   1980.00       5.11600E-12
   1990.00       5.44761E-12
   2000.00       5.79688E-12
   2010.00       6.16454E-12
   2020.00       6.55132E-12
   2030.00       6.95797E-12
   2040.00       7.38528E-12
   2050.00       7.83403E-12
   2060.00       8.30505E-12
   2070.00       8.79915E-12
   2080.00       9.31719E-12
   2090.00       9.86005E-12
   2100.00       1.04286E-11
   2110.00       1.10237E-11
   2120.00       1.16464E-11
   2130.00       1.22976E-11
   2140.00       1.29782E-11
   2150.00       1.36893E-11
   2160.00       1.44317E-11
   2170.00       1.52066E-11
   2180.00       1.60150E-11
   2190.00       1.68580E-11
   2200.00       1.77366E-11
   2210.00       1.86518E-11
   2220.00       1.96050E-11
   2230.00       2.05970E-11
   2240.00       2.16292E-11
   2250.00       2.27027E-11
   2260.00       2.38187E-11
   2270.00       2.49783E-11
   2280.00       2.61828E-11
   2290.00       2.74334E-11
   2300.00       2.87314E-11
   2310.00       3.00780E-11
   2320.00       3.14746E-11
   2330.00       3.29224E-11
   2340.00       3.44228E-11
   2350.00       3.59770E-11
   2360.00       3.75864E-11
   2370.00       3.92525E-11
   2380.00       4.09765E-11
   2390.00       4.27600E-11
   2400.00       4.46042E-11
   2410.00       4.65106E-11
   2420.00       4.84807E-11
   2430.00       5.05157E-11
   2440.00       5.26174E-11
   2450.00       5.47872E-11
   2460.00       5.70264E-11
   2470.00       5.93366E-11
   2480.00       6.17194E-11
   2490.00       6.41763E-11
   2500.00       6.67087E-11
   2510.00       6.93182E-11
   2520.00       7.20064E-11
   2530.00       7.47749E-11
   2540.00       7.76251E-11
   2550.00       8.05588E-11
   2560.00       8.35776E-11
   2570.00       8.66827E-11
   2580.00       8.98763E-11
   2590.00       9.31595E-11
   2600.00       9.65342E-11
   2610.00       1.00002E-10
   2620.00       1.03565E-10
   2630.00       1.07224E-10
   2640.00       1.10980E-10
   2650.00       1.14837E-10
   2660.00       1.18795E-10
   2670.00       1.22856E-10
   2680.00       1.27021E-10
   2690.00       1.31293E-10
   2700.00       1.35673E-10
   2710.00       1.40163E-10
   2720.00       1.44764E-10
   2730.00       1.49478E-10
   2740.00       1.54306E-10
   2750.00       1.59252E-10
   2760.00       1.64315E-10
   2770.00       1.69498E-10
   2780.00       1.74803E-10
   2790.00       1.80230E-10
   2800.00       1.85783E-10
   2810.00       1.91462E-10
   2820.00       1.97270E-10
   2830.00       2.03207E-10
   2840.00       2.09276E-10
   2850.00       2.15479E-10
   2860.00       2.21816E-10
   2870.00       2.28290E-10
   2880.00       2.34903E-10
   2890.00       2.41655E-10
   2900.00       2.48549E-10
   2910.00       2.55587E-10
   2920.00       2.62769E-10
   2930.00       2.70098E-10
   2940.00       2.77576E-10
   2950.00       2.85203E-10
   2960.00       2.92982E-10
   2970.00       3.00913E-10
   2980.00       3.09001E-10
   2990.00       3.17244E-10
   3000.00       3.25645E-10
   3010.00       3.34207E-10
   3020.00       3.42928E-10
   3030.00       3.51814E-10
   3040.00       3.60863E-10
   3050.00       3.70079E-10
   3060.00       3.79462E-10
   3070.00       3.89014E-10
   3080.00       3.98737E-10
   3090.00       4.08631E-10
   3100.00       4.18700E-10
   3110.00       4.28943E-10
   3120.00       4.39364E-10
   3130.00       4.49962E-10
   3140.00       4.60740E-10
   3150.00       4.71699E-10
   3160.00       4.82841E-10
   3170.00       4.94167E-10
   3180.00       5.05677E-10
   3190.00       5.17375E-10
   3200.00       5.29261E-10
   3210.00       5.41337E-10
   3220.00       5.53604E-10
   3230.00       5.66062E-10
   3240.00       5.78716E-10
   3250.00       5.91564E-10
   3260.00       6.04607E-10
   3270.00       6.17849E-10
   3280.00       6.31289E-10
   3290.00       6.44931E-10
   3300.00       6.58773E-10
   3310.00       6.72819E-10
   3320.00       6.87068E-10
   3330.00       7.01522E-10
   3340.00       7.16183E-10
   3350.00       7.31052E-10
   3360.00       7.46129E-10
   3370.00       7.61416E-10
   3380.00       7.76915E-10
   3390.00       7.92625E-10
   3400.00       8.08550E-10
   3410.00       8.24688E-10
   3420.00       8.41042E-10
   3430.00       8.57612E-10
   3440.00       8.74401E-10
   3450.00       8.91408E-10
   3460.00       9.08634E-10
   3470.00       9.26081E-10
   3480.00       9.43751E-10
   3490.00       9.61643E-10
   3500.00       9.79758E-10
   3510.00       9.98096E-10
   3520.00       1.01666E-09
   3530.00       1.03545E-09
   3540.00       1.05447E-09
   3550.00       1.07372E-09
   3560.00       1.09320E-09
   3570.00       1.11290E-09
   3580.00       1.13284E-09
   3590.00       1.15301E-09
   3600.00       1.17341E-09
   3610.00       1.19404E-09
   3620.00       1.21490E-09
   3630.00       1.23600E-09
   3640.00       1.25734E-09
   3650.00       1.27891E-09
   3660.00       1.30072E-09
   3670.00       1.32277E-09
   3680.00       1.34505E-09
   3690.00       1.36757E-09
   3700.00       1.39033E-09
   3710.00       1.41333E-09
   3720.00       1.43657E-09
   3730.00       1.46005E-09
   3740.00       1.48378E-09
   3750.00       1.50774E-09
   3760.00       1.53195E-09
   3770.00       1.55640E-09
   3780.00       1.58109E-09
   3790.00       1.60603E-09
   3800.00       1.63121E-09
   3810.00       1.65663E-09
   3820.00       1.68230E-09
   3830.00       1.70822E-09
   3840.00       1.73438E-09
   3850.00       1.76079E-09
   3860.00       1.78744E-09
   3870.00       1.81434E-09
   3880.00       1.84149E-09
   3890.00       1.86888E-09
   3900.00       1.89653E-09
   3910.00       1.92442E-09
   3920.00       1.95256E-09
   3930.00       1.98094E-09
   3940.00       2.00958E-09
   3950.00       2.03846E-09
   3960.00       2.06759E-09
   3970.00       2.09698E-09
   3980.00       2.12661E-09
   3990.00       2.15649E-09
   4000.00       2.18662E-09
   4010.00       2.21700E-09
   4020.00       2.24763E-09
   4030.00       2.27850E-09
   4040.00       2.30963E-09
   4050.00       2.34101E-09
   4060.00       2.37264E-09
   4070.00       2.40451E-09
   4080.00       2.43664E-09
   4090.00       2.46902E-09
   4100.00       2.50165E-09
   4110.00       2.53452E-09
   4120.00       2.56765E-09
   4130.00       2.60102E-09
   4140.00       2.63465E-09
   4150.00       2.66852E-09
   4160.00       2.70264E-09
   4170.00       2.73701E-09
   4180.00       2.77163E-09
   4190.00       2.80650E-09
   4200.00       2.84162E-09
   4210.00       2.87698E-09
   4220.00       2.91259E-09
   4230.00       2.94846E-09
   4240.00       2.98456E-09
   4250.00       3.02092E-09
   4260.00       3.05752E-09
   4270.00       3.09437E-09
   4280.00       3.13147E-09
   4290.00       3.16881E-09
   4300.00       3.20640E-09
   4310.00       3.24423E-09
   4320.00       3.28230E-09
   4330.00       3.32063E-09
   4340.00       3.35919E-09
   4350.00       3.39801E-09
   4360.00       3.43706E-09
   4370.00       3.47636E-09
   4380.00       3.51590E-09
   4390.00       3.55568E-09
   4400.00       3.59570E-09
   4410.00       3.63597E-09
   4420.00       3.67647E-09
   4430.00       3.71722E-09
   4440.00       3.75821E-09
   4450.00       3.79944E-09
   4460.00       3.84090E-09
   4470.00       3.88261E-09
   4480.00       3.92455E-09
   4490.00       3.96673E-09
   4500.00       4.00914E-09
   4510.00       4.05180E-09
   4520.00       4.09469E-09
   4530.00       4.13781E-09
   4540.00       4.18117E-09
   4550.00       4.22476E-09
   4560.00       4.26859E-09
   4570.00       4.31264E-09
   4580.00       4.35693E-09
   4590.00       4.40146E-09
   4600.00       4.44621E-09
   4610.00       4.49119E-09
   4620.00       4.53640E-09
   4630.00       4.58184E-09
   4640.00       4.62751E-09
   4650.00       4.67341E-09
   4660.00       4.71953E-09
   4670.00       4.76588E-09
   4680.00       4.81245E-09
   4690.00       4.85925E-09
   4700.00       4.90628E-09
   4710.00       4.95353E-09
   4720.00       5.00099E-09
   4730.00       5.04868E-09
   4740.00       5.09659E-09
   4750.00       5.14472E-09
   4760.00       5.19307E-09
   4770.00       5.24164E-09
   4780.00       5.29043E-09
   4790.00       5.33943E-09
   4800.00       5.38865E-09
   4810.00       5.43809E-09
   4820.00       5.48774E-09
   4830.00       5.53760E-09
   4840.00       5.58768E-09
   4850.00       5.63796E-09
   4860.00       5.68846E-09
   4870.00       5.73917E-09
   4880.00       5.79009E-09
   4890.00       5.84122E-09
   4900.00       5.89256E-09
   4910.00       5.94410E-09
   4920.00       5.99584E-09
   4930.00       6.04780E-09
   4940.00       6.09995E-09
   4950.00       6.15231E-09
   4960.00       6.20488E-09
   4970.00       6.25765E-09
   4980.00       6.31061E-09
   4990.00       6.36377E-09
   5000.00       6.41714E-09
   5010.00       6.47070E-09
   5020.00       6.52446E-09
   5030.00       6.57842E-09
   5040.00       6.63256E-09
   5050.00       6.68691E-09
   5060.00       6.74144E-09
   5070.00       6.79617E-09
   5080.00       6.85109E-09
   5090.00       6.90620E-09
   6000.00       1.25867E-08
   7000.00       1.97318E-08
   8000.00       2.69934E-08
   9000.00       3.38070E-08
  10000.00       3.98734E-08
