    100.00       0.00000E+00
    110.00       0.00000E+00
    120.00       0.00000E+00
    130.00       0.00000E+00
    140.00       0.00000E+00
    150.00       0.00000E+00
    160.00       0.00000E+00
    170.00       0.00000E+00
    180.00       0.00000E+00
    190.00       0.00000E+00
    200.00       0.00000E+00
    210.00       0.00000E+00
    220.00       0.00000E+00
    230.00       0.00000E+00
    240.00       0.00000E+00
    250.00       0.00000E+00
    260.00       0.00000E+00
    270.00       0.00000E+00
    280.00       0.00000E+00
    290.00       0.00000E+00
    300.00       0.00000E+00
    310.00       0.00000E+00
    320.00       0.00000E+00
    330.00       0.00000E+00
    340.00       0.00000E+00
    350.00       0.00000E+00
    360.00       0.00000E+00
    370.00       0.00000E+00
    380.00       0.00000E+00
    390.00       0.00000E+00
    400.00       0.00000E+00
    410.00       0.00000E+00
    420.00       0.00000E+00
    430.00       0.00000E+00
    440.00       0.00000E+00
    450.00       0.00000E+00
    460.00       0.00000E+00
    470.00       2.22896E-38
    480.00       1.09468E-37
    490.00       5.03530E-37
    500.00       2.17786E-36
    510.00       8.88938E-36
    520.00       3.43568E-35
    530.00       1.26123E-34
    540.00       4.41031E-34
    550.00       1.47295E-33
    560.00       4.70998E-33
    570.00       1.44533E-32
    580.00       4.26535E-32
    590.00       1.21296E-31
    600.00       3.33011E-31
    610.00       8.84164E-31
    620.00       2.27396E-30
    630.00       5.67375E-30
    640.00       1.37535E-29
    650.00       3.24329E-29
    660.00       7.44973E-29
    670.00       1.66876E-28
    680.00       3.64941E-28
    690.00       7.79977E-28
    700.00       1.63080E-27
    710.00       3.33879E-27
    720.00       6.69924E-27
    730.00       1.31846E-26
    740.00       2.54720E-26
    750.00       4.83427E-26
    760.00       9.01944E-26
    770.00       1.65540E-25
    780.00       2.99067E-25
    790.00       5.32157E-25
    800.00       9.33189E-25
    810.00       1.61358E-24
    820.00       2.75250E-24
    830.00       4.63442E-24
    840.00       7.70543E-24
    850.00       1.26569E-23
    860.00       2.05478E-23
    870.00       3.29834E-23
    880.00       5.23696E-23
    890.00       8.22779E-23
    900.00       1.27955E-22
    910.00       1.97038E-22
    920.00       3.00538E-22
    930.00       4.54195E-22
    940.00       6.80308E-22
    950.00       1.01021E-21
    960.00       1.48758E-21
    970.00       2.17284E-21
    980.00       3.14887E-21
    990.00       4.52869E-21
   1000.00       6.46513E-21
   1010.00       9.16361E-21
   1020.00       1.28982E-20
   1030.00       1.80327E-20
   1040.00       2.50459E-20
   1050.00       3.45658E-20
   1060.00       4.74097E-20
   1070.00       6.46364E-20
   1080.00       8.76076E-20
   1090.00       1.18070E-19
   1100.00       1.58246E-19
   1110.00       2.10954E-19
   1120.00       2.79751E-19
   1130.00       3.69098E-19
   1140.00       4.84570E-19
   1150.00       6.33100E-19
   1160.00       8.23277E-19
   1170.00       1.06568E-18
   1180.00       1.37331E-18
   1190.00       1.76206E-18
   1200.00       2.25129E-18
   1210.00       2.86447E-18
   1220.00       3.62996E-18
   1230.00       4.58196E-18
   1240.00       5.76149E-18
   1250.00       7.21754E-18
   1260.00       9.00858E-18
   1270.00       1.12039E-17
   1280.00       1.38859E-17
   1290.00       1.71513E-17
   1300.00       2.11143E-17
   1310.00       2.59086E-17
   1320.00       3.16908E-17
   1330.00       3.86434E-17
   1340.00       4.69788E-17
   1350.00       5.69430E-17
   1360.00       6.88209E-17
   1370.00       8.29407E-17
   1380.00       9.96812E-17
   1390.00       1.19476E-16
   1400.00       1.42821E-16
   1410.00       1.70287E-16
   1420.00       2.02518E-16
   1430.00       2.40252E-16
   1440.00       2.84324E-16
   1450.00       3.35678E-16
   1460.00       3.95384E-16
   1470.00       4.64647E-16
   1480.00       5.44818E-16
   1490.00       6.37425E-16
   1500.00       7.44170E-16
   1510.00       8.66962E-16
   1520.00       1.00793E-15
   1530.00       1.16945E-15
   1540.00       1.35417E-15
   1550.00       1.56502E-15
   1560.00       1.80524E-15
   1570.00       2.07845E-15
   1580.00       2.38860E-15
   1590.00       2.74011E-15
   1600.00       3.13781E-15
   1610.00       3.58700E-15
   1620.00       4.09352E-15
   1630.00       4.66377E-15
   1640.00       5.30477E-15
   1650.00       6.02418E-15
   1660.00       6.83035E-15
   1670.00       7.73241E-15
   1680.00       8.74030E-15
   1690.00       9.86480E-15
   1700.00       1.11176E-14
   1710.00       1.25115E-14
   1720.00       1.40602E-14
   1730.00       1.57786E-14
   1740.00       1.76829E-14
   1750.00       1.97903E-14
   1760.00       2.21196E-14
   1770.00       2.46910E-14
   1780.00       2.75262E-14
   1790.00       3.06485E-14
   1800.00       3.40829E-14
   1810.00       3.78562E-14
   1820.00       4.19971E-14
   1830.00       4.65363E-14
   1840.00       5.15067E-14
   1850.00       5.69433E-14
   1860.00       6.28836E-14
   1870.00       6.93673E-14
   1880.00       7.64367E-14
   1890.00       8.41373E-14
   1900.00       9.25168E-14
   1910.00       1.01626E-13
   1920.00       1.11519E-13
   1930.00       1.22254E-13
   1940.00       1.33890E-13
   1950.00       1.46492E-13
   1960.00       1.60128E-13
   1970.00       1.74869E-13
   1980.00       1.90791E-13
   1990.00       2.07974E-13
   2000.00       2.26501E-13
   2010.00       2.46462E-13
   2020.00       2.67950E-13
   2030.00       2.91061E-13
   2040.00       3.15900E-13
   2050.00       3.42575E-13
   2060.00       3.71199E-13
   2070.00       4.01889E-13
   2080.00       4.34773E-13
   2090.00       4.69980E-13
   2100.00       5.07645E-13
   2110.00       5.47913E-13
   2120.00       5.90932E-13
   2130.00       6.36861E-13
   2140.00       6.85859E-13
   2150.00       7.38096E-13
   2160.00       7.93749E-13
   2170.00       8.53005E-13
   2180.00       9.16053E-13
   2190.00       9.83097E-13
   2200.00       1.05434E-12
   2210.00       1.13000E-12
   2220.00       1.21030E-12
   2230.00       1.29548E-12
   2240.00       1.38578E-12
   2250.00       1.48144E-12
   2260.00       1.58274E-12
   2270.00       1.68993E-12
   2280.00       1.80330E-12
   2290.00       1.92313E-12
   2300.00       2.04973E-12
   2310.00       2.18341E-12
   2320.00       2.32449E-12
   2330.00       2.47329E-12
   2340.00       2.63016E-12
   2350.00       2.79545E-12
   2360.00       2.96952E-12
   2370.00       3.15276E-12
   2380.00       3.34553E-12
   2390.00       3.54827E-12
   2400.00       3.76135E-12
   2410.00       3.98521E-12
   2420.00       4.22028E-12
   2430.00       4.46701E-12
   2440.00       4.72587E-12
   2450.00       4.99733E-12
   2460.00       5.28184E-12
   2470.00       5.57995E-12
   2480.00       5.89215E-12
   2490.00       6.21898E-12
   2500.00       6.56095E-12
   2510.00       6.91864E-12
   2520.00       7.29261E-12
   2530.00       7.68345E-12
   2540.00       8.09171E-12
   2550.00       8.51808E-12
   2560.00       8.96313E-12
   2570.00       9.42749E-12
   2580.00       9.91186E-12
   2590.00       1.04169E-11
   2600.00       1.09432E-11
   2610.00       1.14916E-11
   2620.00       1.20627E-11
   2630.00       1.26574E-11
   2640.00       1.32762E-11
   2650.00       1.39200E-11
   2660.00       1.45896E-11
   2670.00       1.52857E-11
   2680.00       1.60092E-11
   2690.00       1.67609E-11
   2700.00       1.75416E-11
   2710.00       1.83521E-11
   2720.00       1.91935E-11
   2730.00       2.00664E-11
   2740.00       2.09719E-11
   2750.00       2.19108E-11
   2760.00       2.28841E-11
   2770.00       2.38927E-11
   2780.00       2.49377E-11
   2790.00       2.60199E-11
   2800.00       2.71404E-11
   2810.00       2.83002E-11
   2820.00       2.95004E-11
   2830.00       3.07418E-11
   2840.00       3.20257E-11
   2850.00       3.33532E-11
   2860.00       3.47252E-11
   2870.00       3.61430E-11
   2880.00       3.76077E-11
   2890.00       3.91203E-11
   2900.00       4.06820E-11
   2910.00       4.22941E-11
   2920.00       4.39577E-11
   2930.00       4.56740E-11
   2940.00       4.74443E-11
   2950.00       4.92697E-11
   2960.00       5.11515E-11
   2970.00       5.30910E-11
   2980.00       5.50896E-11
   2990.00       5.71483E-11
   3000.00       5.92687E-11
   3010.00       6.14522E-11
   3020.00       6.36996E-11
   3030.00       6.60129E-11
   3040.00       6.83930E-11
   3050.00       7.08417E-11
   3060.00       7.33599E-11
   3070.00       7.59495E-11
   3080.00       7.86117E-11
   3090.00       8.13478E-11
   3100.00       8.41597E-11
   3110.00       8.70483E-11
   3120.00       9.00157E-11
   3130.00       9.30629E-11
   3140.00       9.61917E-11
   3150.00       9.94034E-11
   3160.00       1.02700E-10
   3170.00       1.06082E-10
   3180.00       1.09552E-10
   3190.00       1.13111E-10
   3200.00       1.16762E-10
   3210.00       1.20504E-10
   3220.00       1.24341E-10
   3230.00       1.28273E-10
   3240.00       1.32303E-10
   3250.00       1.36431E-10
   3260.00       1.40660E-10
   3270.00       1.44991E-10
   3280.00       1.49427E-10
   3290.00       1.53968E-10
   3300.00       1.58616E-10
   3310.00       1.63373E-10
   3320.00       1.68241E-10
   3330.00       1.73222E-10
   3340.00       1.78316E-10
   3350.00       1.83527E-10
   3360.00       1.88856E-10
   3370.00       1.94303E-10
   3380.00       1.99873E-10
   3390.00       2.05565E-10
   3400.00       2.11382E-10
   3410.00       2.17325E-10
   3420.00       2.23397E-10
   3430.00       2.29600E-10
   3440.00       2.35934E-10
   3450.00       2.42402E-10
   3460.00       2.49006E-10
   3470.00       2.55747E-10
   3480.00       2.62628E-10
   3490.00       2.69650E-10
   3500.00       2.76815E-10
   3510.00       2.84125E-10
   3520.00       2.91582E-10
   3530.00       2.99187E-10
   3540.00       3.06943E-10
   3550.00       3.14852E-10
   3560.00       3.22914E-10
   3570.00       3.31133E-10
   3580.00       3.39510E-10
   3590.00       3.48047E-10
   3600.00       3.56746E-10
   3610.00       3.65609E-10
   3620.00       3.74637E-10
   3630.00       3.83832E-10
   3640.00       3.93198E-10
   3650.00       4.02734E-10
   3660.00       4.12445E-10
   3670.00       4.22329E-10
   3680.00       4.32392E-10
   3690.00       4.42633E-10
   3700.00       4.53055E-10
   3710.00       4.63660E-10
   3720.00       4.74450E-10
   3730.00       4.85427E-10
   3740.00       4.96592E-10
   3750.00       5.07948E-10
   3760.00       5.19495E-10
   3770.00       5.31237E-10
   3780.00       5.43176E-10
   3790.00       5.55313E-10
   3800.00       5.67650E-10
   3810.00       5.80189E-10
   3820.00       5.92931E-10
   3830.00       6.05880E-10
   3840.00       6.19035E-10
   3850.00       6.32401E-10
   3860.00       6.45979E-10
   3870.00       6.59768E-10
   3880.00       6.73774E-10
   3890.00       6.87996E-10
   3900.00       7.02438E-10
   3910.00       7.17100E-10
   3920.00       7.31984E-10
   3930.00       7.47095E-10
   3940.00       7.62431E-10
   3950.00       7.77995E-10
   3960.00       7.93789E-10
   3970.00       8.09816E-10
   3980.00       8.26076E-10
   3990.00       8.42572E-10
   4000.00       8.59305E-10
   4010.00       8.76278E-10
   4020.00       8.93492E-10
   4030.00       9.10948E-10
   4040.00       9.28649E-10
   4050.00       9.46598E-10
   4060.00       9.64793E-10
   4070.00       9.83238E-10
   4080.00       1.00194E-09
   4090.00       1.02089E-09
   4100.00       1.04010E-09
   4110.00       1.05956E-09
   4120.00       1.07928E-09
   4130.00       1.09926E-09
   4140.00       1.11951E-09
   4150.00       1.14002E-09
   4160.00       1.16079E-09
   4170.00       1.18184E-09
   4180.00       1.20315E-09
   4190.00       1.22473E-09
   4200.00       1.24658E-09
   4210.00       1.26871E-09
   4220.00       1.29112E-09
   4230.00       1.31380E-09
   4240.00       1.33676E-09
   4250.00       1.36000E-09
   4260.00       1.38352E-09
   4270.00       1.40733E-09
   4280.00       1.43142E-09
   4290.00       1.45580E-09
   4300.00       1.48047E-09
   4310.00       1.50543E-09
   4320.00       1.53068E-09
   4330.00       1.55622E-09
   4340.00       1.58206E-09
   4350.00       1.60819E-09
   4360.00       1.63462E-09
   4370.00       1.66135E-09
   4380.00       1.68838E-09
   4390.00       1.71571E-09
   4400.00       1.74335E-09
   4410.00       1.77129E-09
   4420.00       1.79953E-09
   4430.00       1.82809E-09
   4440.00       1.85695E-09
   4450.00       1.88613E-09
   4460.00       1.91561E-09
   4470.00       1.94541E-09
   4480.00       1.97553E-09
   4490.00       2.00596E-09
   4500.00       2.03670E-09
   4510.00       2.06777E-09
   4520.00       2.09915E-09
   4530.00       2.13086E-09
   4540.00       2.16289E-09
   4550.00       2.19524E-09
   4560.00       2.22792E-09
   4570.00       2.26092E-09
   4580.00       2.29425E-09
   4590.00       2.32791E-09
   4600.00       2.36190E-09
   4610.00       2.39622E-09
   4620.00       2.43086E-09
   4630.00       2.46585E-09
   4640.00       2.50117E-09
   4650.00       2.53682E-09
   4660.00       2.57281E-09
   4670.00       2.60914E-09
   4680.00       2.64581E-09
   4690.00       2.68281E-09
   4700.00       2.72016E-09
   4710.00       2.75785E-09
   4720.00       2.79587E-09
   4730.00       2.83425E-09
   4740.00       2.87297E-09
   4750.00       2.91203E-09
   4760.00       2.95144E-09
   4770.00       2.99120E-09
   4780.00       3.03131E-09
   4790.00       3.07177E-09
   4800.00       3.11258E-09
   4810.00       3.15373E-09
   4820.00       3.19524E-09
   4830.00       3.23711E-09
   4840.00       3.27932E-09
   4850.00       3.32189E-09
   4860.00       3.36482E-09
   4870.00       3.40810E-09
   4880.00       3.45174E-09
   4890.00       3.49574E-09
   4900.00       3.54010E-09
   4910.00       3.58481E-09
   4920.00       3.62988E-09
   4930.00       3.67532E-09
   4940.00       3.72112E-09
   4950.00       3.76727E-09
   4960.00       3.81380E-09
   4970.00       3.86068E-09
   4980.00       3.90793E-09
   4990.00       3.95554E-09
   5000.00       4.00352E-09
   5010.00       4.05187E-09
   5020.00       4.10058E-09
   5030.00       4.14966E-09
   5040.00       4.19910E-09
   5050.00       4.24891E-09
   5060.00       4.29909E-09
   5070.00       4.34964E-09
   5080.00       4.40056E-09
   5090.00       4.45185E-09
   6000.00       1.06870E-08
   7000.00       2.08761E-08
   8000.00       3.36739E-08
   9000.00       4.79268E-08
  10000.00       6.25995E-08
