    100.00       2.17622E-10
    110.00       5.45487E-10
    120.00       1.16397E-09
    130.00       2.19761E-09
    140.00       3.77312E-09
    150.00       6.00933E-09
    160.00       9.01015E-09
    170.00       1.28606E-08
    180.00       1.76250E-08
    190.00       2.33476E-08
    200.00       3.00534E-08
    210.00       3.77500E-08
    220.00       4.64300E-08
    230.00       5.60732E-08
    240.00       6.66487E-08
    250.00       7.81174E-08
    260.00       9.04329E-08
    270.00       1.03544E-07
    280.00       1.17397E-07
    290.00       1.31935E-07
    300.00       1.47099E-07
    310.00       1.62832E-07
    320.00       1.79075E-07
    330.00       1.95774E-07
    340.00       2.12872E-07
    350.00       2.30317E-07
    360.00       2.48058E-07
    370.00       2.66047E-07
    380.00       2.84239E-07
    390.00       3.02591E-07
    400.00       3.21062E-07
    410.00       3.39615E-07
    420.00       3.58215E-07
    430.00       3.76830E-07
    440.00       3.95430E-07
    450.00       4.13988E-07
    460.00       4.32478E-07
    470.00       4.50879E-07
    480.00       4.69167E-07
    490.00       4.87326E-07
    500.00       5.05338E-07
    510.00       5.23188E-07
    520.00       5.40861E-07
    530.00       5.58346E-07
    540.00       5.75632E-07
    550.00       5.92710E-07
    560.00       6.09571E-07
    570.00       6.26208E-07
    580.00       6.42614E-07
    590.00       6.58786E-07
    600.00       6.74718E-07
    610.00       6.90407E-07
    620.00       7.05850E-07
    630.00       7.21045E-07
    640.00       7.35990E-07
    650.00       7.50685E-07
    660.00       7.65130E-07
    670.00       7.79323E-07
    680.00       7.93266E-07
    690.00       8.06960E-07
    700.00       8.20405E-07
    710.00       8.33603E-07
    720.00       8.46557E-07
    730.00       8.59267E-07
    740.00       8.71736E-07
    750.00       8.83966E-07
    760.00       8.95961E-07
    770.00       9.07723E-07
    780.00       9.19254E-07
    790.00       9.30558E-07
    800.00       9.41637E-07
    810.00       9.52496E-07
    820.00       9.63135E-07
    830.00       9.73561E-07
    840.00       9.83776E-07
    850.00       9.93782E-07
    860.00       1.00358E-06
    870.00       1.01318E-06
    880.00       1.02259E-06
    890.00       1.03179E-06
    900.00       1.04081E-06
    910.00       1.04964E-06
    920.00       1.05829E-06
    930.00       1.06675E-06
    940.00       1.07504E-06
    950.00       1.08315E-06
    960.00       1.09109E-06
    970.00       1.09887E-06
    980.00       1.10647E-06
    990.00       1.11392E-06
   1000.00       1.12121E-06
   1010.00       1.12835E-06
   1020.00       1.13533E-06
   1030.00       1.14216E-06
   1040.00       1.14885E-06
   1050.00       1.15539E-06
   1060.00       1.16180E-06
   1070.00       1.16807E-06
   1080.00       1.17420E-06
   1090.00       1.18020E-06
   1100.00       1.18607E-06
   1110.00       1.19181E-06
   1120.00       1.19743E-06
   1130.00       1.20293E-06
   1140.00       1.20831E-06
   1150.00       1.21357E-06
   1160.00       1.21872E-06
   1170.00       1.22376E-06
   1180.00       1.22868E-06
   1190.00       1.23350E-06
   1200.00       1.23822E-06
   1210.00       1.24283E-06
   1220.00       1.24734E-06
   1230.00       1.25176E-06
   1240.00       1.25607E-06
   1250.00       1.26029E-06
   1260.00       1.26442E-06
   1270.00       1.26846E-06
   1280.00       1.27241E-06
   1290.00       1.27627E-06
   1300.00       1.28005E-06
   1310.00       1.28374E-06
   1320.00       1.28735E-06
   1330.00       1.29089E-06
   1340.00       1.29434E-06
   1350.00       1.29772E-06
   1360.00       1.30102E-06
   1370.00       1.30424E-06
   1380.00       1.30740E-06
   1390.00       1.31048E-06
   1400.00       1.31350E-06
   1410.00       1.31645E-06
   1420.00       1.31933E-06
   1430.00       1.32214E-06
   1440.00       1.32490E-06
   1450.00       1.32759E-06
   1460.00       1.33021E-06
   1470.00       1.33278E-06
   1480.00       1.33529E-06
   1490.00       1.33774E-06
   1500.00       1.34014E-06
   1510.00       1.34248E-06
   1520.00       1.34477E-06
   1530.00       1.34700E-06
   1540.00       1.34918E-06
   1550.00       1.35131E-06
   1560.00       1.35339E-06
   1570.00       1.35542E-06
   1580.00       1.35741E-06
   1590.00       1.35934E-06
   1600.00       1.36123E-06
   1610.00       1.36308E-06
   1620.00       1.36488E-06
   1630.00       1.36664E-06
   1640.00       1.36835E-06
   1650.00       1.37002E-06
   1660.00       1.37166E-06
   1670.00       1.37325E-06
   1680.00       1.37480E-06
   1690.00       1.37632E-06
   1700.00       1.37779E-06
   1710.00       1.37923E-06
   1720.00       1.38063E-06
   1730.00       1.38200E-06
   1740.00       1.38333E-06
   1750.00       1.38463E-06
   1760.00       1.38589E-06
   1770.00       1.38712E-06
   1780.00       1.38832E-06
   1790.00       1.38949E-06
   1800.00       1.39062E-06
   1810.00       1.39173E-06
   1820.00       1.39280E-06
   1830.00       1.39385E-06
   1840.00       1.39486E-06
   1850.00       1.39585E-06
   1860.00       1.39681E-06
   1870.00       1.39775E-06
   1880.00       1.39865E-06
   1890.00       1.39953E-06
   1900.00       1.40039E-06
   1910.00       1.40121E-06
   1920.00       1.40202E-06
   1930.00       1.40280E-06
   1940.00       1.40355E-06
   1950.00       1.40429E-06
   1960.00       1.40499E-06
   1970.00       1.40568E-06
   1980.00       1.40634E-06
   1990.00       1.40699E-06
   2000.00       1.40761E-06
   2010.00       1.40821E-06
   2020.00       1.40878E-06
   2030.00       1.40934E-06
   2040.00       1.40988E-06
   2050.00       1.41040E-06
   2060.00       1.41090E-06
   2070.00       1.41138E-06
   2080.00       1.41184E-06
   2090.00       1.41229E-06
   2100.00       1.41271E-06
   2110.00       1.41312E-06
   2120.00       1.41351E-06
   2130.00       1.41389E-06
   2140.00       1.41425E-06
   2150.00       1.41459E-06
   2160.00       1.41491E-06
   2170.00       1.41522E-06
   2180.00       1.41552E-06
   2190.00       1.41579E-06
   2200.00       1.41606E-06
   2210.00       1.41631E-06
   2220.00       1.41654E-06
   2230.00       1.41676E-06
   2240.00       1.41697E-06
   2250.00       1.41716E-06
   2260.00       1.41734E-06
   2270.00       1.41750E-06
   2280.00       1.41766E-06
   2290.00       1.41780E-06
   2300.00       1.41792E-06
   2310.00       1.41804E-06
   2320.00       1.41814E-06
   2330.00       1.41823E-06
   2340.00       1.41831E-06
   2350.00       1.41838E-06
   2360.00       1.41844E-06
   2370.00       1.41848E-06
   2380.00       1.41851E-06
   2390.00       1.41854E-06
   2400.00       1.41855E-06
   2410.00       1.41855E-06
   2420.00       1.41854E-06
   2430.00       1.41853E-06
   2440.00       1.41850E-06
   2450.00       1.41846E-06
   2460.00       1.41841E-06
   2470.00       1.41836E-06
   2480.00       1.41829E-06
   2490.00       1.41821E-06
   2500.00       1.41813E-06
   2510.00       1.41804E-06
   2520.00       1.41794E-06
   2530.00       1.41783E-06
   2540.00       1.41771E-06
   2550.00       1.41758E-06
   2560.00       1.41744E-06
   2570.00       1.41730E-06
   2580.00       1.41715E-06
   2590.00       1.41699E-06
   2600.00       1.41683E-06
   2610.00       1.41665E-06
   2620.00       1.41647E-06
   2630.00       1.41628E-06
   2640.00       1.41609E-06
   2650.00       1.41589E-06
   2660.00       1.41568E-06
   2670.00       1.41546E-06
   2680.00       1.41524E-06
   2690.00       1.41501E-06
   2700.00       1.41477E-06
   2710.00       1.41453E-06
   2720.00       1.41428E-06
   2730.00       1.41403E-06
   2740.00       1.41377E-06
   2750.00       1.41350E-06
   2760.00       1.41323E-06
   2770.00       1.41295E-06
   2780.00       1.41267E-06
   2790.00       1.41238E-06
   2800.00       1.41209E-06
   2810.00       1.41179E-06
   2820.00       1.41148E-06
   2830.00       1.41117E-06
   2840.00       1.41086E-06
   2850.00       1.41054E-06
   2860.00       1.41021E-06
   2870.00       1.40988E-06
   2880.00       1.40955E-06
   2890.00       1.40921E-06
   2900.00       1.40886E-06
   2910.00       1.40851E-06
   2920.00       1.40816E-06
   2930.00       1.40780E-06
   2940.00       1.40744E-06
   2950.00       1.40707E-06
   2960.00       1.40670E-06
   2970.00       1.40633E-06
   2980.00       1.40595E-06
   2990.00       1.40557E-06
   3000.00       1.40518E-06
   3010.00       1.40479E-06
   3020.00       1.40439E-06
   3030.00       1.40400E-06
   3040.00       1.40359E-06
   3050.00       1.40319E-06
   3060.00       1.40278E-06
   3070.00       1.40237E-06
   3080.00       1.40195E-06
   3090.00       1.40153E-06
   3100.00       1.40111E-06
   3110.00       1.40068E-06
   3120.00       1.40025E-06
   3130.00       1.39982E-06
   3140.00       1.39938E-06
   3150.00       1.39895E-06
   3160.00       1.39850E-06
   3170.00       1.39806E-06
   3180.00       1.39761E-06
   3190.00       1.39716E-06
   3200.00       1.39671E-06
   3210.00       1.39625E-06
   3220.00       1.39579E-06
   3230.00       1.39533E-06
   3240.00       1.39487E-06
   3250.00       1.39440E-06
   3260.00       1.39393E-06
   3270.00       1.39346E-06
   3280.00       1.39299E-06
   3290.00       1.39251E-06
   3300.00       1.39203E-06
   3310.00       1.39155E-06
   3320.00       1.39106E-06
   3330.00       1.39058E-06
   3340.00       1.39009E-06
   3350.00       1.38960E-06
   3360.00       1.38911E-06
   3370.00       1.38861E-06
   3380.00       1.38812E-06
   3390.00       1.38762E-06
   3400.00       1.38712E-06
   3410.00       1.38661E-06
   3420.00       1.38611E-06
   3430.00       1.38560E-06
   3440.00       1.38509E-06
   3450.00       1.38458E-06
   3460.00       1.38407E-06
   3470.00       1.38355E-06
   3480.00       1.38304E-06
   3490.00       1.38252E-06
   3500.00       1.38200E-06
   3510.00       1.38148E-06
   3520.00       1.38096E-06
   3530.00       1.38043E-06
   3540.00       1.37991E-06
   3550.00       1.37938E-06
   3560.00       1.37885E-06
   3570.00       1.37832E-06
   3580.00       1.37779E-06
   3590.00       1.37726E-06
   3600.00       1.37672E-06
   3610.00       1.37619E-06
   3620.00       1.37565E-06
   3630.00       1.37511E-06
   3640.00       1.37457E-06
   3650.00       1.37403E-06
   3660.00       1.37349E-06
   3670.00       1.37294E-06
   3680.00       1.37240E-06
   3690.00       1.37185E-06
   3700.00       1.37130E-06
   3710.00       1.37076E-06
   3720.00       1.37021E-06
   3730.00       1.36966E-06
   3740.00       1.36910E-06
   3750.00       1.36855E-06
   3760.00       1.36800E-06
   3770.00       1.36744E-06
   3780.00       1.36689E-06
   3790.00       1.36633E-06
   3800.00       1.36577E-06
   3810.00       1.36521E-06
   3820.00       1.36465E-06
   3830.00       1.36409E-06
   3840.00       1.36353E-06
   3850.00       1.36297E-06
   3860.00       1.36241E-06
   3870.00       1.36184E-06
   3880.00       1.36128E-06
   3890.00       1.36071E-06
   3900.00       1.36015E-06
   3910.00       1.35958E-06
   3920.00       1.35901E-06
   3930.00       1.35844E-06
   3940.00       1.35788E-06
   3950.00       1.35731E-06
   3960.00       1.35673E-06
   3970.00       1.35616E-06
   3980.00       1.35559E-06
   3990.00       1.35502E-06
   4000.00       1.35445E-06
   4010.00       1.35387E-06
   4020.00       1.35330E-06
   4030.00       1.35273E-06
   4040.00       1.35215E-06
   4050.00       1.35157E-06
   4060.00       1.35100E-06
   4070.00       1.35042E-06
   4080.00       1.34984E-06
   4090.00       1.34927E-06
   4100.00       1.34869E-06
   4110.00       1.34811E-06
   4120.00       1.34753E-06
   4130.00       1.34695E-06
   4140.00       1.34637E-06
   4150.00       1.34579E-06
   4160.00       1.34521E-06
   4170.00       1.34463E-06
   4180.00       1.34405E-06
   4190.00       1.34347E-06
   4200.00       1.34289E-06
   4210.00       1.34230E-06
   4220.00       1.34172E-06
   4230.00       1.34114E-06
   4240.00       1.34055E-06
   4250.00       1.33997E-06
   4260.00       1.33939E-06
   4270.00       1.33880E-06
   4280.00       1.33822E-06
   4290.00       1.33763E-06
   4300.00       1.33705E-06
   4310.00       1.33647E-06
   4320.00       1.33588E-06
   4330.00       1.33529E-06
   4340.00       1.33471E-06
   4350.00       1.33412E-06
   4360.00       1.33354E-06
   4370.00       1.33295E-06
   4380.00       1.33236E-06
   4390.00       1.33178E-06
   4400.00       1.33119E-06
   4410.00       1.33061E-06
   4420.00       1.33002E-06
   4430.00       1.32943E-06
   4440.00       1.32884E-06
   4450.00       1.32826E-06
   4460.00       1.32767E-06
   4470.00       1.32708E-06
   4480.00       1.32650E-06
   4490.00       1.32591E-06
   4500.00       1.32532E-06
   4510.00       1.32474E-06
   4520.00       1.32415E-06
   4530.00       1.32356E-06
   4540.00       1.32297E-06
   4550.00       1.32238E-06
   4560.00       1.32180E-06
   4570.00       1.32121E-06
   4580.00       1.32062E-06
   4590.00       1.32004E-06
   4600.00       1.31945E-06
   4610.00       1.31886E-06
   4620.00       1.31827E-06
   4630.00       1.31769E-06
   4640.00       1.31710E-06
   4650.00       1.31651E-06
   4660.00       1.31592E-06
   4670.00       1.31534E-06
   4680.00       1.31475E-06
   4690.00       1.31416E-06
   4700.00       1.31358E-06
   4710.00       1.31299E-06
   4720.00       1.31240E-06
   4730.00       1.31182E-06
   4740.00       1.31123E-06
   4750.00       1.31064E-06
   4760.00       1.31006E-06
   4770.00       1.30947E-06
   4780.00       1.30889E-06
   4790.00       1.30830E-06
   4800.00       1.30771E-06
   4810.00       1.30713E-06
   4820.00       1.30654E-06
   4830.00       1.30596E-06
   4840.00       1.30537E-06
   4850.00       1.30479E-06
   4860.00       1.30420E-06
   4870.00       1.30362E-06
   4880.00       1.30304E-06
   4890.00       1.30245E-06
   4900.00       1.30187E-06
   4910.00       1.30128E-06
   4920.00       1.30070E-06
   4930.00       1.30012E-06
   4940.00       1.29953E-06
   4950.00       1.29895E-06
   4960.00       1.29837E-06
   4970.00       1.29779E-06
   4980.00       1.29720E-06
   4990.00       1.29662E-06
   5000.00       1.29604E-06
   5010.00       1.29546E-06
   5020.00       1.29488E-06
   5030.00       1.29430E-06
   5040.00       1.29371E-06
   5050.00       1.29313E-06
   5060.00       1.29255E-06
   5070.00       1.29197E-06
   5080.00       1.29139E-06
   5090.00       1.29081E-06
   6000.00       1.23953E-06
   7000.00       1.18727E-06
   8000.00       1.13945E-06
   9000.00       1.09566E-06
  10000.00       1.05531E-06
