         0.16902E+02          0.00000E+00
         0.16912E+02          0.00000E+00
         0.16922E+02          0.00000E+00
         0.16932E+02          0.00000E+00
         0.16942E+02          0.00000E+00
         0.16952E+02          0.00000E+00
         0.16962E+02          0.00000E+00
         0.16972E+02          0.00000E+00
         0.16982E+02          0.00000E+00
         0.16992E+02          0.00000E+00
         0.17002E+02          0.00000E+00
         0.17012E+02          0.00000E+00
         0.17022E+02          0.00000E+00
         0.17032E+02          0.00000E+00
         0.17042E+02          0.00000E+00
         0.17052E+02          0.00000E+00
         0.17062E+02          0.00000E+00
         0.17072E+02          0.00000E+00
         0.17082E+02          0.00000E+00
         0.17092E+02          0.00000E+00
         0.17102E+02          0.00000E+00
         0.17112E+02          0.00000E+00
         0.17122E+02          0.00000E+00
         0.17132E+02          0.00000E+00
         0.17142E+02          0.00000E+00
         0.17152E+02          0.00000E+00
         0.17162E+02          0.00000E+00
         0.17172E+02          0.00000E+00
         0.17182E+02          0.00000E+00
         0.17192E+02          0.00000E+00
         0.17202E+02          0.00000E+00
         0.17212E+02          0.00000E+00
         0.17222E+02          0.00000E+00
         0.17232E+02          0.00000E+00
         0.17242E+02          0.00000E+00
         0.17252E+02          0.00000E+00
         0.17262E+02          0.00000E+00
         0.17272E+02          0.00000E+00
         0.17282E+02          0.00000E+00
         0.17292E+02          0.00000E+00
         0.17302E+02          0.00000E+00
         0.17312E+02          0.00000E+00
         0.17322E+02          0.00000E+00
         0.17332E+02          0.00000E+00
         0.17342E+02          0.00000E+00
         0.17352E+02          0.00000E+00
         0.17362E+02          0.00000E+00
         0.17372E+02          0.00000E+00
         0.17382E+02          0.00000E+00
         0.17392E+02          0.00000E+00
         0.17402E+02          0.00000E+00
         0.17412E+02          0.00000E+00
         0.17422E+02          0.00000E+00
         0.17432E+02          0.00000E+00
         0.17442E+02          0.00000E+00
         0.17452E+02          0.00000E+00
         0.17462E+02          0.00000E+00
         0.17472E+02          0.00000E+00
         0.17482E+02          0.00000E+00
         0.17492E+02          0.00000E+00
         0.17502E+02          0.00000E+00
         0.17512E+02          0.00000E+00
         0.17522E+02          0.00000E+00
         0.17532E+02          0.00000E+00
         0.17542E+02          0.00000E+00
         0.17552E+02          0.00000E+00
         0.17562E+02          0.00000E+00
         0.17572E+02          0.00000E+00
         0.17582E+02          0.00000E+00
         0.17592E+02          0.00000E+00
         0.17602E+02          0.00000E+00
         0.17612E+02          0.00000E+00
         0.17622E+02          0.00000E+00
         0.17632E+02          0.00000E+00
         0.17642E+02          0.00000E+00
         0.17652E+02          0.00000E+00
         0.17662E+02          0.00000E+00
         0.17672E+02          0.00000E+00
         0.17682E+02          0.00000E+00
         0.17692E+02          0.00000E+00
         0.17702E+02          0.11907E+02
         0.17712E+02          0.11904E+02
         0.17722E+02          0.11900E+02
         0.17732E+02          0.11897E+02
         0.17742E+02          0.11893E+02
         0.17752E+02          0.11890E+02
         0.17762E+02          0.11886E+02
         0.17772E+02          0.11882E+02
         0.17782E+02          0.11878E+02
         0.17792E+02          0.11874E+02
         0.17802E+02          0.11870E+02
         0.17812E+02          0.11865E+02
         0.17822E+02          0.11861E+02
         0.17832E+02          0.11856E+02
         0.17842E+02          0.11851E+02
         0.17852E+02          0.11847E+02
         0.17862E+02          0.11842E+02
         0.17872E+02          0.11837E+02
         0.17882E+02          0.11832E+02
         0.17892E+02          0.11826E+02
         0.17902E+02          0.11821E+02
         0.17912E+02          0.11816E+02
         0.17922E+02          0.11810E+02
         0.17932E+02          0.11805E+02
         0.17942E+02          0.11799E+02
         0.17952E+02          0.11793E+02
         0.17962E+02          0.11787E+02
         0.17972E+02          0.11782E+02
         0.17982E+02          0.11776E+02
         0.17992E+02          0.11769E+02
         0.18002E+02          0.11763E+02
         0.18012E+02          0.11757E+02
         0.18022E+02          0.11751E+02
         0.18032E+02          0.11744E+02
         0.18042E+02          0.11738E+02
         0.18052E+02          0.11731E+02
         0.18062E+02          0.11725E+02
         0.18072E+02          0.11718E+02
         0.18082E+02          0.11711E+02
         0.18092E+02          0.11704E+02
         0.18102E+02          0.11697E+02
         0.18112E+02          0.11690E+02
         0.18122E+02          0.11683E+02
         0.18132E+02          0.11676E+02
         0.18142E+02          0.11669E+02
         0.18152E+02          0.11662E+02
         0.18162E+02          0.11654E+02
         0.18172E+02          0.11647E+02
         0.18182E+02          0.11640E+02
         0.18192E+02          0.11632E+02
         0.18202E+02          0.11624E+02
         0.18212E+02          0.11617E+02
         0.18222E+02          0.11609E+02
         0.18232E+02          0.11601E+02
         0.18242E+02          0.11594E+02
         0.18252E+02          0.11586E+02
         0.18262E+02          0.11578E+02
         0.18272E+02          0.11570E+02
         0.18282E+02          0.11562E+02
         0.18292E+02          0.11554E+02
         0.18302E+02          0.11546E+02
         0.18312E+02          0.11538E+02
         0.18322E+02          0.11529E+02
         0.18332E+02          0.11521E+02
         0.18342E+02          0.11513E+02
         0.18352E+02          0.11505E+02
         0.18362E+02          0.11496E+02
         0.18372E+02          0.11488E+02
         0.18382E+02          0.11479E+02
         0.18392E+02          0.11471E+02
         0.18402E+02          0.11462E+02
         0.18412E+02          0.11454E+02
         0.18422E+02          0.11445E+02
         0.18432E+02          0.11436E+02
         0.18442E+02          0.11427E+02
         0.18452E+02          0.11419E+02
         0.18462E+02          0.11410E+02
         0.18472E+02          0.11401E+02
         0.18482E+02          0.11392E+02
         0.18492E+02          0.11383E+02
         0.18502E+02          0.11374E+02
         0.18512E+02          0.11365E+02
         0.18522E+02          0.11356E+02
         0.18532E+02          0.11347E+02
         0.18542E+02          0.11338E+02
         0.18552E+02          0.11329E+02
         0.18562E+02          0.11320E+02
         0.18572E+02          0.11311E+02
         0.18582E+02          0.11302E+02
         0.18592E+02          0.11292E+02
         0.18602E+02          0.11283E+02
         0.18612E+02          0.11274E+02
         0.18622E+02          0.11264E+02
         0.18632E+02          0.11255E+02
         0.18642E+02          0.11246E+02
         0.18652E+02          0.11236E+02
         0.18662E+02          0.11227E+02
         0.18672E+02          0.11217E+02
         0.18682E+02          0.11208E+02
         0.18692E+02          0.11198E+02
         0.18702E+02          0.11189E+02
         0.18712E+02          0.11179E+02
         0.18722E+02          0.11170E+02
         0.18732E+02          0.11160E+02
         0.18742E+02          0.11151E+02
         0.18752E+02          0.11141E+02
         0.18762E+02          0.11131E+02
         0.18772E+02          0.11122E+02
         0.18782E+02          0.11112E+02
         0.18792E+02          0.11102E+02
         0.18802E+02          0.11092E+02
         0.18812E+02          0.11083E+02
         0.18822E+02          0.11073E+02
         0.18832E+02          0.11063E+02
         0.18842E+02          0.11053E+02
         0.18852E+02          0.11043E+02
         0.18862E+02          0.11034E+02
         0.18872E+02          0.11024E+02
         0.18882E+02          0.11014E+02
         0.18892E+02          0.11004E+02
         0.18902E+02          0.10994E+02
         0.18912E+02          0.10984E+02
         0.18922E+02          0.10974E+02
         0.18932E+02          0.10964E+02
         0.18942E+02          0.10954E+02
         0.18952E+02          0.10944E+02
         0.18962E+02          0.10934E+02
         0.18972E+02          0.10924E+02
         0.18982E+02          0.10914E+02
         0.18992E+02          0.10904E+02
         0.19002E+02          0.10894E+02
         0.19012E+02          0.10884E+02
         0.19022E+02          0.10874E+02
         0.19032E+02          0.10864E+02
         0.19042E+02          0.10854E+02
         0.19052E+02          0.10844E+02
         0.19062E+02          0.10834E+02
         0.19072E+02          0.10823E+02
         0.19082E+02          0.10813E+02
         0.19092E+02          0.10803E+02
         0.19102E+02          0.10793E+02
         0.19112E+02          0.10783E+02
         0.19122E+02          0.10773E+02
         0.19132E+02          0.10762E+02
         0.19142E+02          0.10752E+02
         0.19152E+02          0.10742E+02
         0.19162E+02          0.10732E+02
         0.19172E+02          0.10722E+02
         0.19182E+02          0.10712E+02
         0.19192E+02          0.10701E+02
         0.19202E+02          0.10691E+02
         0.19212E+02          0.10681E+02
         0.19222E+02          0.10671E+02
         0.19232E+02          0.10660E+02
         0.19242E+02          0.10650E+02
         0.19252E+02          0.10640E+02
         0.19262E+02          0.10630E+02
         0.19272E+02          0.10620E+02
         0.19282E+02          0.10609E+02
         0.19292E+02          0.10599E+02
         0.19302E+02          0.10589E+02
         0.19312E+02          0.10579E+02
         0.19322E+02          0.10568E+02
         0.19332E+02          0.10558E+02
         0.19342E+02          0.10548E+02
         0.19352E+02          0.10538E+02
         0.19362E+02          0.10527E+02
         0.19372E+02          0.10517E+02
         0.19382E+02          0.10507E+02
         0.19392E+02          0.10497E+02
         0.19402E+02          0.10486E+02
         0.19412E+02          0.10476E+02
         0.19422E+02          0.10466E+02
         0.19432E+02          0.10456E+02
         0.19442E+02          0.10445E+02
         0.19452E+02          0.10435E+02
         0.19462E+02          0.10425E+02
         0.19472E+02          0.10415E+02
         0.19482E+02          0.10404E+02
         0.19492E+02          0.10394E+02
         0.19502E+02          0.10384E+02
         0.19512E+02          0.10374E+02
         0.19522E+02          0.10364E+02
         0.19532E+02          0.10353E+02
         0.19542E+02          0.10343E+02
         0.19552E+02          0.10333E+02
         0.19562E+02          0.10323E+02
         0.19572E+02          0.10312E+02
         0.19582E+02          0.10302E+02
         0.19592E+02          0.10292E+02
         0.19602E+02          0.10282E+02
         0.19612E+02          0.10272E+02
         0.19622E+02          0.10262E+02
         0.19632E+02          0.10251E+02
         0.19642E+02          0.10241E+02
         0.19652E+02          0.10231E+02
         0.19662E+02          0.10221E+02
         0.19672E+02          0.10211E+02
         0.19682E+02          0.10201E+02
         0.19692E+02          0.10191E+02
         0.19702E+02          0.10180E+02
         0.19712E+02          0.10170E+02
         0.19722E+02          0.10160E+02
         0.19732E+02          0.10150E+02
         0.19742E+02          0.10140E+02
         0.19752E+02          0.10130E+02
         0.19762E+02          0.10120E+02
         0.19772E+02          0.10110E+02
         0.19782E+02          0.10100E+02
         0.19792E+02          0.10090E+02
         0.19802E+02          0.10080E+02
         0.19812E+02          0.10070E+02
         0.19822E+02          0.10060E+02
         0.19832E+02          0.10050E+02
         0.19842E+02          0.10040E+02
         0.19852E+02          0.10030E+02
         0.19862E+02          0.10020E+02
         0.19872E+02          0.10010E+02
         0.19882E+02          0.10000E+02
         0.19892E+02          0.99902E+01
         0.19902E+02          0.99802E+01
         0.19912E+02          0.99703E+01
         0.19922E+02          0.99605E+01
         0.19932E+02          0.99506E+01
         0.19942E+02          0.99407E+01
         0.19952E+02          0.99309E+01
         0.19962E+02          0.99210E+01
         0.19972E+02          0.99112E+01
         0.19982E+02          0.99014E+01
         0.19992E+02          0.98916E+01
         0.20002E+02          0.98818E+01
         0.20012E+02          0.98721E+01
         0.20022E+02          0.98623E+01
         0.20032E+02          0.98526E+01
         0.20042E+02          0.98429E+01
         0.20052E+02          0.98331E+01
         0.20062E+02          0.98234E+01
         0.20072E+02          0.98138E+01
         0.20082E+02          0.98041E+01
         0.20092E+02          0.97944E+01
         0.20102E+02          0.97848E+01
         0.20112E+02          0.97752E+01
         0.20122E+02          0.97656E+01
         0.20132E+02          0.97560E+01
         0.20142E+02          0.97464E+01
         0.20152E+02          0.97368E+01
         0.20162E+02          0.97273E+01
         0.20172E+02          0.97178E+01
         0.20182E+02          0.97083E+01
         0.20192E+02          0.96988E+01
         0.20202E+02          0.96893E+01
         0.20212E+02          0.96798E+01
         0.20222E+02          0.96704E+01
         0.20232E+02          0.96609E+01
         0.20242E+02          0.96515E+01
         0.20252E+02          0.96421E+01
         0.20262E+02          0.96327E+01
         0.20272E+02          0.96234E+01
         0.20282E+02          0.96140E+01
         0.20292E+02          0.96047E+01
         0.20302E+02          0.95954E+01
         0.20312E+02          0.95861E+01
         0.20322E+02          0.95768E+01
         0.20332E+02          0.95676E+01
         0.20342E+02          0.95583E+01
         0.20352E+02          0.95491E+01
         0.20362E+02          0.95399E+01
         0.20372E+02          0.95307E+01
         0.20382E+02          0.95215E+01
         0.20392E+02          0.95124E+01
         0.20402E+02          0.95032E+01
         0.20412E+02          0.94941E+01
         0.20422E+02          0.94850E+01
         0.20432E+02          0.94760E+01
         0.20442E+02          0.94669E+01
         0.20452E+02          0.94579E+01
         0.20462E+02          0.94488E+01
         0.20472E+02          0.94398E+01
         0.20482E+02          0.94308E+01
         0.20492E+02          0.94219E+01
         0.20502E+02          0.94129E+01
         0.20512E+02          0.94040E+01
         0.20522E+02          0.93951E+01
         0.20532E+02          0.93862E+01
         0.20542E+02          0.93773E+01
         0.20552E+02          0.93685E+01
         0.20562E+02          0.93596E+01
         0.20572E+02          0.93508E+01
         0.20582E+02          0.93420E+01
         0.20592E+02          0.93332E+01
         0.20602E+02          0.93245E+01
         0.20612E+02          0.93158E+01
         0.20622E+02          0.93070E+01
         0.20632E+02          0.92983E+01
         0.20642E+02          0.92897E+01
         0.20652E+02          0.92810E+01
         0.20662E+02          0.92724E+01
         0.20672E+02          0.92637E+01
         0.20682E+02          0.92551E+01
         0.20692E+02          0.92466E+01
         0.20702E+02          0.92380E+01
         0.20712E+02          0.92294E+01
         0.20722E+02          0.92209E+01
         0.20732E+02          0.92124E+01
         0.20742E+02          0.92039E+01
         0.20752E+02          0.91955E+01
         0.20762E+02          0.91870E+01
         0.20772E+02          0.91786E+01
         0.20782E+02          0.91702E+01
         0.20792E+02          0.91618E+01
         0.20802E+02          0.91535E+01
         0.20812E+02          0.91451E+01
         0.20822E+02          0.91368E+01
         0.20832E+02          0.91285E+01
         0.20842E+02          0.91202E+01
         0.20852E+02          0.91119E+01
         0.20862E+02          0.91037E+01
         0.20872E+02          0.90955E+01
         0.20882E+02          0.90873E+01
         0.20892E+02          0.90791E+01
         0.20902E+02          0.90709E+01
         0.20912E+02          0.90628E+01
         0.20922E+02          0.90546E+01
         0.20932E+02          0.90465E+01
         0.20942E+02          0.90385E+01
         0.20952E+02          0.90304E+01
         0.20962E+02          0.90224E+01
         0.20972E+02          0.90143E+01
         0.20982E+02          0.90063E+01
         0.20992E+02          0.89983E+01
         0.21002E+02          0.89904E+01
         0.21012E+02          0.89824E+01
         0.21022E+02          0.89745E+01
         0.21032E+02          0.89666E+01
         0.21042E+02          0.89587E+01
         0.21052E+02          0.89509E+01
         0.21062E+02          0.89430E+01
         0.21072E+02          0.89352E+01
         0.21082E+02          0.89274E+01
         0.21092E+02          0.89197E+01
         0.21102E+02          0.89119E+01
         0.21112E+02          0.89042E+01
         0.21122E+02          0.88964E+01
         0.21132E+02          0.88888E+01
         0.21142E+02          0.88811E+01
         0.21152E+02          0.88734E+01
         0.21162E+02          0.88658E+01
         0.21172E+02          0.88582E+01
         0.21182E+02          0.88506E+01
         0.21192E+02          0.88430E+01
         0.21202E+02          0.88355E+01
         0.21212E+02          0.88280E+01
         0.21222E+02          0.88205E+01
         0.21232E+02          0.88130E+01
         0.21242E+02          0.88055E+01
         0.21252E+02          0.87981E+01
         0.21262E+02          0.87907E+01
         0.21272E+02          0.87833E+01
         0.21282E+02          0.87759E+01
         0.21292E+02          0.87685E+01
         0.21302E+02          0.87612E+01
         0.21312E+02          0.87539E+01
         0.21322E+02          0.87466E+01
         0.21332E+02          0.87394E+01
         0.21342E+02          0.87321E+01
         0.21352E+02          0.87249E+01
         0.21362E+02          0.87177E+01
         0.21372E+02          0.87106E+01
         0.21382E+02          0.87034E+01
         0.21392E+02          0.86963E+01
         0.21402E+02          0.86892E+01
         0.21412E+02          0.86821E+01
         0.21422E+02          0.86751E+01
         0.21432E+02          0.86681E+01
         0.21442E+02          0.86611E+01
         0.21452E+02          0.86541E+01
         0.21462E+02          0.86472E+01
         0.21472E+02          0.86402E+01
         0.21482E+02          0.86334E+01
         0.21492E+02          0.86265E+01
         0.21502E+02          0.86197E+01
         0.21512E+02          0.86128E+01
         0.21522E+02          0.86061E+01
         0.21532E+02          0.85993E+01
         0.21542E+02          0.85926E+01
         0.21552E+02          0.85859E+01
         0.21562E+02          0.85793E+01
         0.21572E+02          0.85726E+01
         0.21582E+02          0.85660E+01
         0.21592E+02          0.85595E+01
         0.21602E+02          0.85529E+01
         0.21612E+02          0.85464E+01
         0.21622E+02          0.85400E+01
         0.21632E+02          0.85336E+01
         0.21642E+02          0.85272E+01
         0.21652E+02          0.85208E+01
         0.21662E+02          0.85145E+01
         0.21672E+02          0.85083E+01
         0.21682E+02          0.85020E+01
         0.21692E+02          0.84959E+01
         0.21702E+02          0.84897E+01
         0.21712E+02          0.84836E+01
         0.21722E+02          0.84776E+01
         0.21732E+02          0.84716E+01
         0.21742E+02          0.84657E+01
         0.21752E+02          0.84598E+01
         0.21762E+02          0.84539E+01
         0.21772E+02          0.84482E+01
         0.21782E+02          0.84424E+01
         0.21792E+02          0.84368E+01
         0.21802E+02          0.84312E+01
         0.21812E+02          0.84257E+01
         0.21822E+02          0.84202E+01
         0.21832E+02          0.84148E+01
         0.21842E+02          0.84095E+01
         0.21852E+02          0.84043E+01
         0.21862E+02          0.83992E+01
         0.21872E+02          0.83941E+01
         0.21882E+02          0.83892E+01
         0.21892E+02          0.83843E+01
         0.21902E+02          0.83795E+01
         0.21912E+02          0.83749E+01
         0.21922E+02          0.83703E+01
         0.21932E+02          0.83658E+01
         0.21942E+02          0.83615E+01
         0.21952E+02          0.83572E+01
         0.21962E+02          0.83530E+01
         0.21972E+02          0.83489E+01
         0.21982E+02          0.83449E+01
         0.21992E+02          0.83409E+01
         0.22002E+02          0.83368E+01
         0.22012E+02          0.83327E+01
         0.22022E+02          0.83284E+01
         0.22032E+02          0.83237E+01
         0.22042E+02          0.83185E+01
         0.22052E+02          0.83123E+01
         0.22062E+02          0.83046E+01
         0.22072E+02          0.82945E+01
         0.22082E+02          0.82806E+01
         0.22092E+02          0.82606E+01
         0.22102E+02          0.82304E+01
         0.22112E+02          0.81833E+01
         0.22122E+02          0.81069E+01
         0.22132E+02          0.79788E+01
         0.22142E+02          0.77598E+01
         0.22152E+02          0.73917E+01
         0.22162E+02          0.68415E+01
         0.22172E+02          0.62619E+01
         0.22182E+02          0.60231E+01
         0.22192E+02          0.62118E+01
         0.22202E+02          0.65573E+01
         0.22212E+02          0.68705E+01
         0.22222E+02          0.71090E+01
         0.22232E+02          0.72829E+01
         0.22242E+02          0.74098E+01
         0.22252E+02          0.75036E+01
         0.22262E+02          0.75743E+01
         0.22272E+02          0.76284E+01
         0.22282E+02          0.76705E+01
         0.22292E+02          0.77036E+01
         0.22302E+02          0.77299E+01
         0.22312E+02          0.77510E+01
         0.22322E+02          0.77679E+01
         0.22332E+02          0.77816E+01
         0.22342E+02          0.77926E+01
         0.22352E+02          0.78014E+01
         0.22362E+02          0.78085E+01
         0.22372E+02          0.78141E+01
         0.22382E+02          0.78185E+01
         0.22392E+02          0.78218E+01
         0.22402E+02          0.78242E+01
         0.22412E+02          0.78258E+01
         0.22422E+02          0.78268E+01
         0.22432E+02          0.78272E+01
         0.22442E+02          0.78271E+01
         0.22452E+02          0.78265E+01
         0.22462E+02          0.78256E+01
         0.22472E+02          0.78244E+01
         0.22482E+02          0.78228E+01
         0.22492E+02          0.78210E+01
         0.22502E+02          0.78190E+01
         0.22512E+02          0.78168E+01
         0.22522E+02          0.78144E+01
         0.22532E+02          0.78119E+01
         0.22542E+02          0.78092E+01
         0.22552E+02          0.78065E+01
         0.22562E+02          0.78036E+01
         0.22572E+02          0.78007E+01
         0.22582E+02          0.77978E+01
         0.22592E+02          0.77948E+01
         0.22602E+02          0.77918E+01
         0.22612E+02          0.77887E+01
         0.22622E+02          0.77858E+01
         0.22632E+02          0.77828E+01
         0.22642E+02          0.77799E+01
         0.22652E+02          0.77771E+01
         0.22662E+02          0.77745E+01
         0.22672E+02          0.77719E+01
         0.22682E+02          0.77696E+01
         0.22692E+02          0.77674E+01
         0.22702E+02          0.77656E+01
         0.22712E+02          0.77640E+01
         0.22722E+02          0.77628E+01
         0.22732E+02          0.77620E+01
         0.22742E+02          0.77616E+01
         0.22752E+02          0.77617E+01
         0.22762E+02          0.77620E+01
         0.22772E+02          0.77621E+01
         0.22782E+02          0.77607E+01
         0.22792E+02          0.77548E+01
         0.22802E+02          0.77374E+01
         0.22812E+02          0.76961E+01
         0.22822E+02          0.76212E+01
         0.22832E+02          0.75345E+01
         0.22842E+02          0.74818E+01
         0.22852E+02          0.74706E+01
         0.22862E+02          0.74794E+01
         0.22872E+02          0.74927E+01
         0.22882E+02          0.75047E+01
         0.22892E+02          0.75142E+01
         0.22902E+02          0.75211E+01
         0.22912E+02          0.75258E+01
         0.22922E+02          0.75288E+01
         0.22932E+02          0.75305E+01
         0.22942E+02          0.75311E+01
         0.22952E+02          0.75308E+01
         0.22962E+02          0.75298E+01
         0.22972E+02          0.75283E+01
         0.22982E+02          0.75263E+01
         0.22992E+02          0.75239E+01
         0.23002E+02          0.75212E+01
         0.23012E+02          0.75182E+01
         0.23022E+02          0.75150E+01
         0.23032E+02          0.75116E+01
         0.23042E+02          0.75080E+01
         0.23052E+02          0.75042E+01
         0.23062E+02          0.75004E+01
         0.23072E+02          0.74964E+01
         0.23082E+02          0.74923E+01
         0.23092E+02          0.74881E+01
         0.23102E+02          0.74839E+01
         0.23112E+02          0.74795E+01
         0.23122E+02          0.74751E+01
         0.23132E+02          0.74707E+01
         0.23142E+02          0.74662E+01
         0.23152E+02          0.74617E+01
         0.23162E+02          0.74571E+01
         0.23172E+02          0.74525E+01
         0.23182E+02          0.74479E+01
         0.23192E+02          0.74432E+01
         0.23202E+02          0.74385E+01
         0.23212E+02          0.74338E+01
         0.23222E+02          0.74290E+01
         0.23232E+02          0.74243E+01
         0.23242E+02          0.74195E+01
         0.23252E+02          0.74147E+01
         0.23262E+02          0.74099E+01
         0.23272E+02          0.74051E+01
         0.23282E+02          0.74003E+01
         0.23292E+02          0.73954E+01
         0.23302E+02          0.73906E+01
         0.23312E+02          0.73857E+01
         0.23322E+02          0.73809E+01
         0.23332E+02          0.73760E+01
         0.23342E+02          0.73712E+01
         0.23352E+02          0.73663E+01
         0.23362E+02          0.73615E+01
         0.23372E+02          0.73566E+01
         0.23382E+02          0.73517E+01
         0.23392E+02          0.73469E+01
         0.23402E+02          0.73420E+01
         0.23412E+02          0.73371E+01
         0.23422E+02          0.73323E+01
         0.23432E+02          0.73274E+01
         0.23442E+02          0.73226E+01
         0.23452E+02          0.73177E+01
         0.23462E+02          0.73129E+01
         0.23472E+02          0.73080E+01
         0.23482E+02          0.73032E+01
         0.23492E+02          0.72984E+01
         0.23502E+02          0.72936E+01
         0.23512E+02          0.72887E+01
         0.23522E+02          0.72839E+01
         0.23532E+02          0.72791E+01
         0.23542E+02          0.72743E+01
         0.23552E+02          0.72696E+01
         0.23562E+02          0.72648E+01
         0.23572E+02          0.72600E+01
         0.23582E+02          0.72553E+01
         0.23592E+02          0.72505E+01
         0.23602E+02          0.72458E+01
         0.23612E+02          0.72411E+01
         0.23622E+02          0.72364E+01
         0.23632E+02          0.72317E+01
         0.23642E+02          0.72270E+01
         0.23652E+02          0.72223E+01
         0.23662E+02          0.72176E+01
         0.23672E+02          0.72130E+01
         0.23682E+02          0.72083E+01
         0.23692E+02          0.72037E+01
         0.23702E+02          0.71991E+01
         0.23712E+02          0.71945E+01
         0.23722E+02          0.71899E+01
         0.23732E+02          0.71854E+01
         0.23742E+02          0.71808E+01
         0.23752E+02          0.71763E+01
         0.23762E+02          0.71718E+01
         0.23772E+02          0.71673E+01
         0.23782E+02          0.71628E+01
         0.23792E+02          0.71584E+01
         0.23802E+02          0.71539E+01
         0.23812E+02          0.71495E+01
         0.23822E+02          0.71451E+01
         0.23832E+02          0.71408E+01
         0.23842E+02          0.71364E+01
         0.23852E+02          0.71321E+01
         0.23862E+02          0.71278E+01
         0.23872E+02          0.71235E+01
         0.23882E+02          0.71192E+01
         0.23892E+02          0.71150E+01
         0.23902E+02          0.71108E+01
         0.23912E+02          0.71066E+01
         0.23922E+02          0.71025E+01
         0.23932E+02          0.70984E+01
         0.23942E+02          0.70943E+01
         0.23952E+02          0.70902E+01
         0.23962E+02          0.70862E+01
         0.23972E+02          0.70822E+01
         0.23982E+02          0.70783E+01
         0.23992E+02          0.70744E+01
         0.24002E+02          0.70705E+01
         0.24012E+02          0.70667E+01
         0.24022E+02          0.70629E+01
         0.24032E+02          0.70592E+01
         0.24042E+02          0.70555E+01
         0.24052E+02          0.70519E+01
         0.24062E+02          0.70483E+01
         0.24072E+02          0.70448E+01
         0.24082E+02          0.70413E+01
         0.24092E+02          0.70379E+01
         0.24102E+02          0.70346E+01
         0.24112E+02          0.70313E+01
         0.24122E+02          0.70282E+01
         0.24132E+02          0.70251E+01
         0.24142E+02          0.70221E+01
         0.24152E+02          0.70192E+01
         0.24162E+02          0.70164E+01
         0.24172E+02          0.70137E+01
         0.24182E+02          0.70111E+01
         0.24192E+02          0.70087E+01
         0.24202E+02          0.70063E+01
         0.24212E+02          0.70042E+01
         0.24222E+02          0.70022E+01
         0.24232E+02          0.70003E+01
         0.24242E+02          0.69987E+01
         0.24252E+02          0.69972E+01
         0.24262E+02          0.69959E+01
         0.24272E+02          0.69948E+01
         0.24282E+02          0.69937E+01
         0.24292E+02          0.69928E+01
         0.24302E+02          0.69916E+01
         0.24312E+02          0.69900E+01
         0.24322E+02          0.69871E+01
         0.24332E+02          0.69814E+01
         0.24342E+02          0.69695E+01
         0.24352E+02          0.69432E+01
         0.24362E+02          0.68809E+01
         0.24372E+02          0.67214E+01
         0.24382E+02          0.63084E+01
         0.24392E+02          0.56554E+01
         0.24402E+02          0.56886E+01
         0.24412E+02          0.61000E+01
         0.24422E+02          0.63700E+01
         0.24432E+02          0.65216E+01
         0.24442E+02          0.66115E+01
         0.24452E+02          0.66687E+01
         0.24462E+02          0.67075E+01
         0.24472E+02          0.67352E+01
         0.24482E+02          0.67558E+01
         0.24492E+02          0.67718E+01
         0.24502E+02          0.67846E+01
         0.24512E+02          0.67952E+01
         0.24522E+02          0.68043E+01
         0.24532E+02          0.68123E+01
         0.24542E+02          0.68197E+01
         0.24552E+02          0.68267E+01
         0.24562E+02          0.68336E+01
         0.24572E+02          0.68406E+01
         0.24582E+02          0.68478E+01
         0.24592E+02          0.68555E+01
         0.24602E+02          0.68639E+01
         0.24612E+02          0.68731E+01
         0.24622E+02          0.68835E+01
         0.24632E+02          0.68954E+01
         0.24642E+02          0.69091E+01
         0.24652E+02          0.69250E+01
         0.24662E+02          0.69437E+01
         0.24672E+02          0.69658E+01
         0.24682E+02          0.69919E+01
         0.24692E+02          0.70229E+01
         0.24702E+02          0.70587E+01
         0.24712E+02          0.70978E+01
         0.24722E+02          0.71325E+01
         0.24732E+02          0.71370E+01
         0.24742E+02          0.70370E+01
         0.24752E+02          0.66966E+01
         0.24762E+02          0.61585E+01
         0.24772E+02          0.58344E+01
         0.24782E+02          0.58132E+01
         0.24792E+02          0.59032E+01
         0.24802E+02          0.60028E+01
         0.24812E+02          0.60868E+01
         0.24822E+02          0.61535E+01
         0.24832E+02          0.62058E+01
         0.24842E+02          0.62471E+01
         0.24852E+02          0.62801E+01
         0.24862E+02          0.63066E+01
         0.24872E+02          0.63282E+01
         0.24882E+02          0.63460E+01
         0.24892E+02          0.63607E+01
         0.24902E+02          0.63729E+01
         0.24912E+02          0.63830E+01
         0.24922E+02          0.63915E+01
         0.24932E+02          0.63986E+01
         0.24942E+02          0.64045E+01
         0.24952E+02          0.64094E+01
         0.24962E+02          0.64134E+01
         0.24972E+02          0.64168E+01
         0.24982E+02          0.64194E+01
         0.24992E+02          0.64215E+01
         0.25002E+02          0.64232E+01
         0.25012E+02          0.64243E+01
         0.25022E+02          0.64251E+01
         0.25032E+02          0.64256E+01
         0.25042E+02          0.64257E+01
         0.25052E+02          0.64256E+01
         0.25062E+02          0.64252E+01
         0.25072E+02          0.64246E+01
         0.25082E+02          0.64238E+01
         0.25092E+02          0.64228E+01
         0.25102E+02          0.64217E+01
         0.25112E+02          0.64203E+01
         0.25122E+02          0.64189E+01
         0.25132E+02          0.64173E+01
         0.25142E+02          0.64156E+01
         0.25152E+02          0.64138E+01
         0.25162E+02          0.64118E+01
         0.25172E+02          0.64098E+01
         0.25182E+02          0.64077E+01
         0.25192E+02          0.64055E+01
         0.25202E+02          0.64033E+01
         0.25212E+02          0.64009E+01
         0.25222E+02          0.63985E+01
         0.25232E+02          0.63960E+01
         0.25242E+02          0.63935E+01
         0.25252E+02          0.63909E+01
         0.25262E+02          0.63883E+01
         0.25272E+02          0.63856E+01
         0.25282E+02          0.63829E+01
         0.25292E+02          0.63801E+01
         0.25302E+02          0.63773E+01
         0.25312E+02          0.63744E+01
         0.25322E+02          0.63716E+01
         0.25332E+02          0.63686E+01
         0.25342E+02          0.63657E+01
         0.25352E+02          0.63627E+01
         0.25362E+02          0.63597E+01
         0.25372E+02          0.63566E+01
         0.25382E+02          0.63535E+01
         0.25392E+02          0.63504E+01
         0.25402E+02          0.63473E+01
         0.25412E+02          0.63441E+01
         0.25422E+02          0.63409E+01
         0.25432E+02          0.63377E+01
         0.25442E+02          0.63345E+01
         0.25452E+02          0.63313E+01
         0.25462E+02          0.63280E+01
         0.25472E+02          0.63247E+01
         0.25482E+02          0.63214E+01
         0.25492E+02          0.63180E+01
         0.25502E+02          0.63147E+01
         0.25512E+02          0.63113E+01
         0.25522E+02          0.63079E+01
         0.25532E+02          0.63045E+01
         0.25542E+02          0.63011E+01
         0.25552E+02          0.62976E+01
         0.25562E+02          0.62942E+01
         0.25572E+02          0.62907E+01
         0.25582E+02          0.62872E+01
         0.25592E+02          0.62837E+01
         0.25602E+02          0.62801E+01
         0.25612E+02          0.62766E+01
         0.25622E+02          0.62730E+01
         0.25632E+02          0.62694E+01
         0.25642E+02          0.62658E+01
         0.25652E+02          0.62622E+01
         0.25662E+02          0.62585E+01
         0.25672E+02          0.62549E+01
         0.25682E+02          0.62512E+01
         0.25692E+02          0.62475E+01
         0.25702E+02          0.62439E+01
         0.25712E+02          0.62402E+01
         0.25722E+02          0.62367E+01
         0.25732E+02          0.62332E+01
         0.25742E+02          0.62300E+01
         0.25752E+02          0.62272E+01
         0.25762E+02          0.62251E+01
         0.25772E+02          0.62244E+01
         0.25782E+02          0.62266E+01
         0.25792E+02          0.62347E+01
         0.25802E+02          0.62534E+01
         0.25812E+02          0.62817E+01
         0.25822E+02          0.62959E+01
         0.25832E+02          0.62810E+01
         0.25842E+02          0.62577E+01
         0.25852E+02          0.62384E+01
         0.25862E+02          0.62240E+01
         0.25872E+02          0.62129E+01
         0.25882E+02          0.62040E+01
         0.25892E+02          0.61964E+01
         0.25902E+02          0.61898E+01
         0.25912E+02          0.61837E+01
         0.25922E+02          0.61781E+01
         0.25932E+02          0.61728E+01
         0.25942E+02          0.61676E+01
         0.25952E+02          0.61626E+01
         0.25962E+02          0.61577E+01
         0.25972E+02          0.61529E+01
         0.25982E+02          0.61482E+01
         0.25992E+02          0.61435E+01
         0.26002E+02          0.61388E+01
         0.26012E+02          0.61340E+01
         0.26022E+02          0.61293E+01
         0.26032E+02          0.61246E+01
         0.26042E+02          0.61198E+01
         0.26052E+02          0.61150E+01
         0.26062E+02          0.61101E+01
         0.26072E+02          0.61052E+01
         0.26082E+02          0.61002E+01
         0.26092E+02          0.60951E+01
         0.26102E+02          0.60899E+01
         0.26112E+02          0.60846E+01
         0.26122E+02          0.60791E+01
         0.26132E+02          0.60736E+01
         0.26142E+02          0.60678E+01
         0.26152E+02          0.60619E+01
         0.26162E+02          0.60558E+01
         0.26172E+02          0.60494E+01
         0.26182E+02          0.60427E+01
         0.26192E+02          0.60357E+01
         0.26202E+02          0.60283E+01
         0.26212E+02          0.60204E+01
         0.26222E+02          0.60119E+01
         0.26232E+02          0.60027E+01
         0.26242E+02          0.59927E+01
         0.26252E+02          0.59815E+01
         0.26262E+02          0.59690E+01
         0.26272E+02          0.59547E+01
         0.26282E+02          0.59380E+01
         0.26292E+02          0.59180E+01
         0.26302E+02          0.58932E+01
         0.26312E+02          0.58614E+01
         0.26322E+02          0.58186E+01
         0.26332E+02          0.57574E+01
         0.26342E+02          0.56647E+01
         0.26352E+02          0.55317E+01
         0.26362E+02          0.55983E+01
         0.26372E+02          0.64433E+01
         0.26382E+02          0.65193E+01
         0.26392E+02          0.64104E+01
         0.26402E+02          0.63441E+01
         0.26412E+02          0.63143E+01
         0.26422E+02          0.62889E+01
         0.26432E+02          0.62471E+01
         0.26442E+02          0.62036E+01
         0.26452E+02          0.61685E+01
         0.26462E+02          0.61415E+01
         0.26472E+02          0.61201E+01
         0.26482E+02          0.61025E+01
         0.26492E+02          0.60875E+01
         0.26502E+02          0.60743E+01
         0.26512E+02          0.60624E+01
         0.26522E+02          0.60517E+01
         0.26532E+02          0.60457E+01
         0.26542E+02          0.60232E+01
         0.26552E+02          0.60129E+01
         0.26562E+02          0.59981E+01
         0.26572E+02          0.59761E+01
         0.26582E+02          0.59399E+01
         0.26592E+02          0.62095E+01
         0.26602E+02          0.61197E+01
         0.26612E+02          0.60699E+01
         0.26622E+02          0.60506E+01
         0.26632E+02          0.60438E+01
         0.26642E+02          0.60500E+01
         0.26652E+02          0.60688E+01
         0.26662E+02          0.59192E+01
         0.26672E+02          0.59427E+01
         0.26682E+02          0.59503E+01
         0.26692E+02          0.59516E+01
         0.26702E+02          0.59506E+01
         0.26712E+02          0.59489E+01
         0.26722E+02          0.59474E+01
         0.26732E+02          0.59470E+01
         0.26742E+02          0.59509E+01
         0.26752E+02          0.59079E+01
         0.26762E+02          0.59252E+01
         0.26772E+02          0.59294E+01
         0.26782E+02          0.59342E+01
         0.26792E+02          0.59445E+01
         0.26802E+02          0.59725E+01
         0.26812E+02          0.60850E+01
         0.26822E+02          0.67382E+01
         0.26832E+02          0.58610E+01
         0.26842E+02          0.58431E+01
         0.26852E+02          0.58430E+01
         0.26862E+02          0.58425E+01
         0.26872E+02          0.58410E+01
         0.26882E+02          0.58386E+01
         0.26892E+02          0.58356E+01
         0.26902E+02          0.58321E+01
         0.26912E+02          0.58283E+01
         0.26922E+02          0.58243E+01
         0.26932E+02          0.58199E+01
         0.26942E+02          0.58154E+01
         0.26952E+02          0.58107E+01
         0.26962E+02          0.58058E+01
         0.26972E+02          0.58006E+01
         0.26982E+02          0.57952E+01
         0.26992E+02          0.57896E+01
         0.27002E+02          0.57836E+01
         0.27012E+02          0.57771E+01
         0.27022E+02          0.57701E+01
         0.27032E+02          0.57622E+01
         0.27042E+02          0.57532E+01
         0.27052E+02          0.57423E+01
         0.27062E+02          0.57284E+01
         0.27072E+02          0.57087E+01
         0.27082E+02          0.56768E+01
         0.27092E+02          0.56120E+01
         0.27102E+02          0.54190E+01
         0.27112E+02          0.45490E+01
         0.27122E+02          0.55400E+01
         0.27132E+02          0.57977E+01
         0.27142E+02          0.56021E+01
         0.27152E+02          0.56530E+01
         0.27162E+02          0.56886E+01
         0.27172E+02          0.56966E+01
         0.27182E+02          0.56958E+01
         0.27192E+02          0.56911E+01
         0.27202E+02          0.56841E+01
         0.27212E+02          0.56749E+01
         0.27222E+02          0.56635E+01
         0.27232E+02          0.56490E+01
         0.27242E+02          0.56307E+01
         0.27252E+02          0.56184E+01
         0.27262E+02          0.58208E+01
         0.27272E+02          0.59438E+01
         0.27282E+02          0.58049E+01
         0.27292E+02          0.57473E+01
         0.27302E+02          0.57157E+01
         0.27312E+02          0.56936E+01
         0.27322E+02          0.56753E+01
         0.27332E+02          0.56581E+01
         0.27342E+02          0.56397E+01
         0.27352E+02          0.56164E+01
         0.27362E+02          0.55762E+01
         0.27372E+02          0.54122E+01
         0.27382E+02          0.57450E+01
         0.27392E+02          0.56503E+01
         0.27402E+02          0.56145E+01
         0.27412E+02          0.55592E+01
         0.27422E+02          0.54927E+01
         0.27432E+02          0.52267E+01
         0.27442E+02          0.56467E+01
         0.27452E+02          0.64375E+01
         0.27462E+02          0.56591E+01
         0.27472E+02          0.56972E+01
         0.27482E+02          0.56930E+01
         0.27492E+02          0.56984E+01
         0.27502E+02          0.44536E+01
         0.27512E+02          0.55680E+01
         0.27522E+02          0.55926E+01
         0.27532E+02          0.55965E+01
         0.27542E+02          0.56034E+01
         0.27552E+02          0.56259E+01
         0.27562E+02          0.56212E+01
         0.27572E+02          0.55906E+01
         0.27582E+02          0.55710E+01
         0.27592E+02          0.55573E+01
         0.27602E+02          0.55458E+01
         0.27612E+02          0.55352E+01
         0.27622E+02          0.55247E+01
         0.27632E+02          0.55141E+01
         0.27642E+02          0.55030E+01
         0.27652E+02          0.54911E+01
         0.27662E+02          0.54779E+01
         0.27672E+02          0.54623E+01
         0.27682E+02          0.54419E+01
         0.27692E+02          0.54025E+01
         0.27702E+02          0.55642E+01
         0.27712E+02          0.54803E+01
         0.27722E+02          0.54090E+01
         0.27732E+02          0.53454E+01
         0.27742E+02          0.48630E+01
         0.27752E+02          0.54126E+01
         0.27762E+02          0.54170E+01
         0.27772E+02          0.53793E+01
         0.27782E+02          0.53334E+01
         0.27792E+02          0.52731E+01
         0.27802E+02          0.51723E+01
         0.27812E+02          0.48999E+01
         0.27822E+02          0.52664E+01
         0.27832E+02          0.54984E+01
         0.27842E+02          0.51908E+01
         0.27852E+02          0.60019E+01
         0.27862E+02          0.56249E+01
         0.27872E+02          0.54561E+01
         0.27882E+02          0.52949E+01
         0.27892E+02          0.48392E+01
         0.27902E+02          0.57292E+01
         0.27912E+02          0.55486E+01
         0.27922E+02          0.55620E+01
         0.27932E+02          0.54611E+01
         0.27942E+02          0.53805E+01
         0.27952E+02          0.52916E+01
         0.27962E+02          0.51688E+01
         0.27972E+02          0.49519E+01
         0.27982E+02          0.44532E+01
         0.27992E+02          0.51174E+01
         0.28002E+02          0.57935E+01
         0.28012E+02          0.54876E+01
         0.28022E+02          0.52624E+01
         0.28032E+02          0.47933E+01
         0.28042E+02          0.42154E+01
         0.28052E+02          0.53821E+01
         0.28062E+02          0.56563E+01
         0.28072E+02          0.54798E+01
         0.28082E+02          0.42151E+01
         0.28092E+02          0.54407E+01
         0.28102E+02          0.55683E+01
         0.28112E+02          0.54816E+01
         0.28122E+02          0.54612E+01
         0.28132E+02          0.54713E+01
         0.28142E+02          0.51179E+01
         0.28152E+02          0.48879E+01
         0.28162E+02          0.54868E+01
         0.28172E+02          0.46870E+01
         0.28182E+02          0.55430E+01
         0.28192E+02          0.54442E+01
         0.28202E+02          0.53937E+01
         0.28212E+02          0.54038E+01
         0.28222E+02          0.54462E+01
         0.28232E+02          0.53876E+01
         0.28242E+02          0.54304E+01
         0.28252E+02          0.54568E+01
         0.28262E+02          0.54652E+01
         0.28272E+02          0.55056E+01
         0.28282E+02          0.53488E+01
         0.28292E+02          0.53459E+01
         0.28302E+02          0.53407E+01
         0.28312E+02          0.53343E+01
         0.28322E+02          0.53271E+01
         0.28332E+02          0.53196E+01
         0.28342E+02          0.53137E+01
         0.28352E+02          0.51620E+01
         0.28362E+02          0.52150E+01
         0.28372E+02          0.51047E+01
         0.28382E+02          0.54513E+01
         0.28392E+02          0.54615E+01
         0.28402E+02          0.53114E+01
         0.28412E+02          0.52796E+01
         0.28422E+02          0.52889E+01
         0.28432E+02          0.52731E+01
         0.28442E+02          0.52158E+01
         0.28452E+02          0.50280E+01
         0.28462E+02          0.53249E+01
         0.28472E+02          0.53256E+01
         0.28482E+02          0.52076E+01
         0.28492E+02          0.49414E+01
         0.28502E+02          0.51873E+01
         0.28512E+02          0.51753E+01
         0.28522E+02          0.52993E+01
         0.28532E+02          0.52506E+01
         0.28542E+02          0.52183E+01
         0.28552E+02          0.51915E+01
         0.28562E+02          0.51535E+01
         0.28572E+02          0.50036E+01
         0.28582E+02          0.52133E+01
         0.28592E+02          0.51621E+01
         0.28602E+02          0.51314E+01
         0.28612E+02          0.50981E+01
         0.28622E+02          0.50503E+01
         0.28632E+02          0.49249E+01
         0.28642E+02          0.51904E+01
         0.28652E+02          0.50603E+01
         0.28662E+02          0.48935E+01
         0.28672E+02          0.52008E+01
         0.28682E+02          0.50130E+01
         0.28692E+02          0.48929E+01
         0.28702E+02          0.47709E+01
         0.28712E+02          0.45784E+01
         0.28722E+02          0.47034E+01
         0.28732E+02          0.51695E+01
         0.28742E+02          0.52289E+01
         0.28752E+02          0.50076E+01
         0.28762E+02          0.48658E+01
         0.28772E+02          0.49206E+01
         0.28782E+02          0.49811E+01
         0.28792E+02          0.48771E+01
         0.28802E+02          0.50281E+01
         0.28812E+02          0.48910E+01
         0.28822E+02          0.50379E+01
         0.28832E+02          0.49087E+01
         0.28842E+02          0.50911E+01
         0.28852E+02          0.47422E+01
         0.28862E+02          0.49636E+01
         0.28872E+02          0.51440E+01
         0.28882E+02          0.51084E+01
         0.28892E+02          0.51305E+01
         0.28902E+02          0.50455E+01
         0.28912E+02          0.50600E+01
         0.28922E+02          0.50191E+01
         0.28932E+02          0.51112E+01
         0.28942E+02          0.50828E+01
         0.28952E+02          0.50806E+01
         0.28962E+02          0.50183E+01
         0.28972E+02          0.50733E+01
         0.28982E+02          0.50274E+01
         0.28992E+02          0.51271E+01
         0.29002E+02          0.50765E+01
         0.29012E+02          0.50411E+01
         0.29022E+02          0.50765E+01
         0.29032E+02          0.48556E+01
         0.29042E+02          0.50214E+01
         0.29052E+02          0.50240E+01
         0.29062E+02          0.50070E+01
         0.29072E+02          0.50515E+01
         0.29082E+02          0.50766E+01
         0.29092E+02          0.49172E+01
         0.29102E+02          0.49963E+01
         0.29112E+02          0.49115E+01
         0.29132E+02          0.49096E+01
         0.29142E+02          0.48417E+01
         0.29152E+02          0.49690E+01
         0.29162E+02          0.49185E+01
         0.29172E+02          0.49015E+01
         0.29182E+02          0.49730E+01
         0.29192E+02          0.49796E+01
         0.29202E+02          0.49589E+01
         0.29212E+02          0.49485E+01
         0.29222E+02          0.49400E+01
         0.29232E+02          0.49425E+01
         0.29242E+02          0.49208E+01
         0.29252E+02          0.49187E+01
         0.29262E+02          0.48886E+01
         0.29272E+02          0.49196E+01
         0.29282E+02          0.49084E+01
         0.29292E+02          0.48930E+01
         0.29302E+02          0.48680E+01
         0.29312E+02          0.47886E+01
         0.29322E+02          0.46756E+01
         0.29332E+02          0.48692E+01
         0.29342E+02          0.48909E+01
         0.29352E+02          0.48736E+01
         0.29362E+02          0.48522E+01
         0.29372E+02          0.46754E+01
         0.29382E+02          0.48454E+01
         0.29392E+02          0.48091E+01
         0.29402E+02          0.47641E+01
         0.29412E+02          0.46987E+01
         0.29422E+02          0.46094E+01
         0.29432E+02          0.45178E+01
         0.29442E+02          0.45999E+01
         0.29452E+02          0.47366E+01
         0.29462E+02          0.48061E+01
         0.29472E+02          0.48387E+01
         0.29482E+02          0.48511E+01
         0.29492E+02          0.48093E+01
         0.29502E+02          0.48405E+01
         0.29512E+02          0.46898E+01
         0.29522E+02          0.47739E+01
         0.29532E+02          0.46733E+01
         0.29542E+02          0.45665E+01
         0.29552E+02          0.47141E+01
         0.29562E+02          0.47702E+01
         0.29572E+02          0.47944E+01
         0.29582E+02          0.48266E+01
         0.29592E+02          0.46971E+01
         0.29602E+02          0.46604E+01
         0.29612E+02          0.47058E+01
         0.29622E+02          0.45654E+01
         0.29632E+02          0.47084E+01
         0.29642E+02          0.47713E+01
         0.29652E+02          0.47820E+01
         0.29662E+02          0.45390E+01
         0.29672E+02          0.46533E+01
         0.29682E+02          0.46710E+01
         0.29692E+02          0.47476E+01
         0.29702E+02          0.46535E+01
         0.29712E+02          0.46449E+01
         0.29722E+02          0.47650E+01
         0.29732E+02          0.48304E+01
         0.29742E+02          0.46852E+01
         0.29752E+02          0.48180E+01
         0.29762E+02          0.47727E+01
         0.29772E+02          0.47872E+01
         0.29782E+02          0.46962E+01
         0.29792E+02          0.47603E+01
         0.29802E+02          0.46999E+01
         0.29812E+02          0.46460E+01
         0.29822E+02          0.47256E+01
         0.29832E+02          0.47203E+01
         0.29842E+02          0.47128E+01
         0.29852E+02          0.46954E+01
         0.29862E+02          0.46780E+01
         0.29872E+02          0.46643E+01
         0.29882E+02          0.47447E+01
         0.29892E+02          0.47037E+01
         0.29902E+02          0.46910E+01
         0.29912E+02          0.46043E+01
         0.29922E+02          0.46090E+01
         0.29932E+02          0.46159E+01
         0.29942E+02          0.45909E+01
         0.29952E+02          0.46025E+01
         0.29962E+02          0.45840E+01
         0.29972E+02          0.45507E+01
         0.29982E+02          0.45601E+01
         0.29992E+02          0.45806E+01
         0.30002E+02          0.45553E+01
         0.30012E+02          0.45950E+01
         0.30022E+02          0.45977E+01
         0.30032E+02          0.45931E+01
         0.30042E+02          0.45976E+01
         0.30052E+02          0.45978E+01
         0.30062E+02          0.45974E+01
         0.30072E+02          0.45965E+01
         0.30082E+02          0.45915E+01
         0.30092E+02          0.45928E+01
         0.30102E+02          0.45923E+01
         0.30112E+02          0.45899E+01
         0.30122E+02          0.45874E+01
         0.30132E+02          0.45885E+01
         0.30142E+02          0.45881E+01
         0.30152E+02          0.45830E+01
         0.30162E+02          0.45837E+01
         0.30172E+02          0.46026E+01
         0.30182E+02          0.45901E+01
         0.30192E+02          0.45740E+01
         0.30202E+02          0.45184E+01
         0.30212E+02          0.44667E+01
         0.30222E+02          0.44815E+01
         0.30232E+02          0.45030E+01
         0.30242E+02          0.45129E+01
         0.30252E+02          0.45162E+01
         0.30262E+02          0.45229E+01
         0.30272E+02          0.45249E+01
         0.30282E+02          0.45257E+01
         0.30292E+02          0.45265E+01
         0.30302E+02          0.45272E+01
         0.30312E+02          0.45280E+01
         0.30322E+02          0.45292E+01
         0.30332E+02          0.45289E+01
         0.30342E+02          0.45355E+01
         0.30352E+02          0.45011E+01
         0.30362E+02          0.44214E+01
         0.30372E+02          0.44571E+01
         0.30382E+02          0.44748E+01
         0.30392E+02          0.44829E+01
         0.30402E+02          0.44873E+01
         0.30412E+02          0.44905E+01
         0.30422E+02          0.44938E+01
         0.30432E+02          0.44973E+01
         0.30442E+02          0.45016E+01
         0.30452E+02          0.43922E+01
         0.30462E+02          0.44413E+01
         0.30472E+02          0.44585E+01
         0.30482E+02          0.44662E+01
         0.30492E+02          0.44725E+01
         0.30502E+02          0.44837E+01
         0.30512E+02          0.43750E+01
         0.30522E+02          0.44356E+01
         0.30532E+02          0.44507E+01
         0.30542E+02          0.44614E+01
         0.30552E+02          0.43820E+01
         0.30562E+02          0.44291E+01
         0.30572E+02          0.44467E+01
         0.30582E+02          0.43828E+01
         0.30592E+02          0.44284E+01
         0.30602E+02          0.44534E+01
         0.30612E+02          0.44224E+01
         0.30622E+02          0.43472E+01
         0.30632E+02          0.44354E+01
         0.30642E+02          0.44255E+01
         0.30652E+02          0.44269E+01
         0.30662E+02          0.43481E+01
         0.30672E+02          0.44252E+01
         0.30682E+02          0.44134E+01
         0.30692E+02          0.43688E+01
         0.30702E+02          0.44108E+01
         0.30712E+02          0.43815E+01
         0.30722E+02          0.43862E+01
         0.30732E+02          0.43834E+01
         0.30742E+02          0.43806E+01
         0.30752E+02          0.43778E+01
         0.30762E+02          0.43750E+01
         0.30772E+02          0.43722E+01
         0.30782E+02          0.43695E+01
         0.30792E+02          0.43667E+01
         0.30802E+02          0.43640E+01
         0.30812E+02          0.43612E+01
         0.30822E+02          0.43585E+01
         0.30832E+02          0.43557E+01
         0.30842E+02          0.43530E+01
         0.30852E+02          0.43503E+01
         0.30862E+02          0.43476E+01
         0.30872E+02          0.43449E+01
         0.30882E+02          0.43422E+01
         0.30892E+02          0.43395E+01
         0.30902E+02          0.43368E+01
         0.30912E+02          0.43341E+01
         0.30922E+02          0.43314E+01
         0.30932E+02          0.43287E+01
         0.30942E+02          0.43260E+01
         0.30952E+02          0.43233E+01
         0.30962E+02          0.43206E+01
         0.30972E+02          0.43179E+01
         0.30982E+02          0.43152E+01
         0.30992E+02          0.43124E+01
         0.31002E+02          0.43097E+01
         0.31012E+02          0.43069E+01
         0.31022E+02          0.43041E+01
         0.31032E+02          0.43012E+01
         0.31042E+02          0.42983E+01
         0.31052E+02          0.42954E+01
         0.31062E+02          0.42924E+01
         0.31072E+02          0.42894E+01
         0.31082E+02          0.42865E+01
         0.31092E+02          0.42844E+01
         0.31102E+02          0.42852E+01
         0.31112E+02          0.42956E+01
         0.31122E+02          0.43120E+01
         0.31132E+02          0.43031E+01
         0.31142E+02          0.42848E+01
         0.31152E+02          0.42689E+01
         0.31162E+02          0.43005E+01
         0.31172E+02          0.43052E+01
         0.31182E+02          0.42916E+01
         0.31192E+02          0.42645E+01
         0.31202E+02          0.42678E+01
         0.31212E+02          0.42673E+01
         0.31222E+02          0.42654E+01
         0.31232E+02          0.42631E+01
         0.31242E+02          0.42606E+01
         0.31252E+02          0.42582E+01
         0.31262E+02          0.42557E+01
         0.31272E+02          0.42533E+01
         0.31282E+02          0.42508E+01
         0.31292E+02          0.42484E+01
         0.31302E+02          0.42461E+01
         0.31312E+02          0.42437E+01
         0.31322E+02          0.42414E+01
         0.31332E+02          0.42391E+01
         0.31342E+02          0.42368E+01
         0.31352E+02          0.42345E+01
         0.31362E+02          0.42323E+01
         0.31372E+02          0.42300E+01
         0.31382E+02          0.42278E+01
         0.31392E+02          0.42256E+01
         0.31402E+02          0.42234E+01
         0.31412E+02          0.42212E+01
         0.31422E+02          0.42191E+01
         0.31432E+02          0.42169E+01
         0.31442E+02          0.42148E+01
         0.31452E+02          0.42127E+01
         0.31462E+02          0.42106E+01
         0.31472E+02          0.42086E+01
         0.31482E+02          0.42066E+01
         0.31492E+02          0.42048E+01
         0.31502E+02          0.42042E+01
         0.31512E+02          0.41892E+01
         0.31522E+02          0.41962E+01
         0.31532E+02          0.41946E+01
         0.31542E+02          0.41926E+01
         0.31552E+02          0.41905E+01
         0.31562E+02          0.41883E+01
         0.31572E+02          0.41860E+01
         0.31582E+02          0.41836E+01
         0.31592E+02          0.41811E+01
         0.31602E+02          0.41783E+01
         0.31612E+02          0.41754E+01
         0.31622E+02          0.41750E+01
         0.31632E+02          0.42016E+01
         0.31642E+02          0.41779E+01
         0.31652E+02          0.42044E+01
         0.31662E+02          0.41737E+01
         0.31672E+02          0.41723E+01
         0.31682E+02          0.41716E+01
         0.31692E+02          0.41696E+01
         0.31702E+02          0.41674E+01
         0.31712E+02          0.41653E+01
         0.31722E+02          0.41633E+01
         0.31732E+02          0.41613E+01
         0.31742E+02          0.41593E+01
         0.31752E+02          0.41574E+01
         0.31762E+02          0.41555E+01
         0.31772E+02          0.41536E+01
         0.31782E+02          0.41518E+01
         0.31792E+02          0.41501E+01
         0.31802E+02          0.41486E+01
         0.31812E+02          0.41494E+01
         0.31822E+02          0.41421E+01
         0.31832E+02          0.41410E+01
         0.31842E+02          0.41391E+01
         0.31852E+02          0.41369E+01
         0.31862E+02          0.41342E+01
         0.31872E+02          0.41311E+01
         0.31882E+02          0.41572E+01
         0.31892E+02          0.41610E+01
         0.31902E+02          0.41326E+01
         0.31912E+02          0.41326E+01
         0.31922E+02          0.41305E+01
         0.31932E+02          0.41285E+01
         0.31942E+02          0.41266E+01
         0.31952E+02          0.41248E+01
         0.31962E+02          0.41231E+01
         0.31972E+02          0.41217E+01
         0.31982E+02          0.41302E+01
         0.31992E+02          0.41161E+01
         0.32002E+02          0.41141E+01
         0.32012E+02          0.41108E+01
         0.32022E+02          0.41304E+01
         0.32032E+02          0.41085E+01
         0.32042E+02          0.41127E+01
         0.32052E+02          0.41106E+01
         0.32062E+02          0.41087E+01
         0.32072E+02          0.41071E+01
         0.32082E+02          0.41157E+01
         0.32092E+02          0.41017E+01
         0.32102E+02          0.40982E+01
         0.32112E+02          0.41237E+01
         0.32122E+02          0.41013E+01
         0.32132E+02          0.40992E+01
         0.32142E+02          0.40976E+01
         0.32152E+02          0.40937E+01
         0.32162E+02          0.40899E+01
         0.32172E+02          0.40948E+01
         0.32182E+02          0.40925E+01
         0.32192E+02          0.41018E+01
         0.32202E+02          0.40849E+01
         0.32212E+02          0.40893E+01
         0.32222E+02          0.40875E+01
         0.32232E+02          0.40823E+01
         0.32242E+02          0.40849E+01
         0.32252E+02          0.40800E+01
         0.32262E+02          0.40823E+01
         0.32272E+02          0.40992E+01
         0.32282E+02          0.40768E+01
         0.32292E+02          0.40760E+01
         0.32302E+02          0.40729E+01
         0.32312E+02          0.40762E+01
         0.32322E+02          0.40751E+01
         0.32332E+02          0.40775E+01
         0.32342E+02          0.40725E+01
         0.32352E+02          0.40711E+01
         0.32362E+02          0.40708E+01
         0.32372E+02          0.40696E+01
         0.32382E+02          0.40685E+01
         0.32392E+02          0.40674E+01
         0.32402E+02          0.40663E+01
         0.32412E+02          0.40652E+01
         0.32422E+02          0.40641E+01
         0.32432E+02          0.40630E+01
         0.32442E+02          0.40620E+01
         0.32452E+02          0.40609E+01
         0.32462E+02          0.40598E+01
         0.32472E+02          0.40588E+01
         0.32482E+02          0.40578E+01
         0.32492E+02          0.40567E+01
         0.32502E+02          0.40557E+01
         0.32512E+02          0.40547E+01
         0.32522E+02          0.40537E+01
         0.32532E+02          0.40527E+01
         0.32542E+02          0.40517E+01
         0.32552E+02          0.40508E+01
         0.32562E+02          0.40498E+01
         0.32572E+02          0.40488E+01
         0.32582E+02          0.40479E+01
         0.32592E+02          0.40470E+01
         0.32602E+02          0.40460E+01
         0.32612E+02          0.40451E+01
         0.32622E+02          0.40442E+01
         0.32632E+02          0.40433E+01
         0.32642E+02          0.40424E+01
         0.32652E+02          0.40415E+01
         0.32662E+02          0.40406E+01
         0.32672E+02          0.40397E+01
         0.32682E+02          0.40389E+01
         0.32692E+02          0.40380E+01
         0.32702E+02          0.40372E+01
         0.32712E+02          0.40363E+01
         0.32722E+02          0.40355E+01
         0.32732E+02          0.40347E+01
         0.32742E+02          0.40338E+01
         0.32752E+02          0.40330E+01
         0.32762E+02          0.40322E+01
         0.32772E+02          0.40314E+01
         0.32782E+02          0.40307E+01
         0.32792E+02          0.40299E+01
         0.32802E+02          0.40291E+01
         0.32812E+02          0.40283E+01
         0.32822E+02          0.40276E+01
         0.32832E+02          0.40268E+01
         0.32842E+02          0.40261E+01
         0.32852E+02          0.40254E+01
         0.32862E+02          0.40247E+01
         0.32872E+02          0.40239E+01
         0.32882E+02          0.40232E+01
         0.32892E+02          0.40225E+01
         0.32902E+02          0.40218E+01
         0.32912E+02          0.40212E+01
         0.32922E+02          0.40205E+01
         0.32932E+02          0.40198E+01
         0.32942E+02          0.40192E+01
         0.32952E+02          0.40185E+01
         0.32962E+02          0.40179E+01
         0.32972E+02          0.40172E+01
         0.32982E+02          0.40166E+01
         0.32992E+02          0.40160E+01
         0.33002E+02          0.40154E+01
         0.33012E+02          0.40147E+01
         0.33022E+02          0.40141E+01
         0.33032E+02          0.40135E+01
         0.33042E+02          0.40130E+01
         0.33052E+02          0.40124E+01
         0.33062E+02          0.40118E+01
         0.33072E+02          0.40112E+01
         0.33082E+02          0.40107E+01
         0.33092E+02          0.40101E+01
         0.33102E+02          0.40096E+01
         0.33112E+02          0.40091E+01
         0.33122E+02          0.40085E+01
         0.33132E+02          0.40080E+01
         0.33142E+02          0.40075E+01
         0.33152E+02          0.40070E+01
         0.33162E+02          0.40065E+01
         0.33172E+02          0.40060E+01
         0.33182E+02          0.40055E+01
         0.33192E+02          0.40050E+01
         0.33202E+02          0.40045E+01
         0.33212E+02          0.40041E+01
         0.33222E+02          0.40036E+01
         0.33232E+02          0.40032E+01
         0.33242E+02          0.40027E+01
         0.33252E+02          0.40023E+01
         0.33262E+02          0.40018E+01
         0.33272E+02          0.40014E+01
         0.33282E+02          0.40010E+01
         0.33292E+02          0.40006E+01
         0.33302E+02          0.40002E+01
         0.33312E+02          0.39998E+01
         0.33322E+02          0.39994E+01
         0.33332E+02          0.39990E+01
         0.33342E+02          0.39986E+01
         0.33352E+02          0.39983E+01
         0.33362E+02          0.39979E+01
         0.33372E+02          0.39975E+01
         0.33382E+02          0.39972E+01
         0.33392E+02          0.39968E+01
         0.33402E+02          0.39965E+01
         0.33412E+02          0.39962E+01
         0.33422E+02          0.39958E+01
         0.33432E+02          0.39955E+01
         0.33442E+02          0.39952E+01
         0.33452E+02          0.39949E+01
         0.33462E+02          0.39946E+01
         0.33472E+02          0.39943E+01
         0.33482E+02          0.39940E+01
         0.33492E+02          0.39937E+01
         0.33502E+02          0.39935E+01
         0.33512E+02          0.39932E+01
         0.33522E+02          0.39930E+01
         0.33532E+02          0.39927E+01
         0.33542E+02          0.39925E+01
         0.33552E+02          0.39922E+01
         0.33562E+02          0.39920E+01
         0.33572E+02          0.39918E+01
         0.33582E+02          0.39915E+01
         0.33592E+02          0.39913E+01
         0.33602E+02          0.39911E+01
         0.33612E+02          0.39909E+01
         0.33622E+02          0.39907E+01
         0.33632E+02          0.39906E+01
         0.33642E+02          0.39904E+01
         0.33652E+02          0.39902E+01
         0.33662E+02          0.39901E+01
         0.33672E+02          0.39899E+01
         0.33682E+02          0.39897E+01
         0.33692E+02          0.39896E+01
         0.33702E+02          0.39895E+01
         0.33712E+02          0.39894E+01
         0.33722E+02          0.39892E+01
         0.33732E+02          0.39891E+01
         0.33742E+02          0.39890E+01
         0.33752E+02          0.39889E+01
         0.33762E+02          0.39888E+01
         0.33772E+02          0.39888E+01
         0.33782E+02          0.39887E+01
         0.33792E+02          0.39886E+01
         0.33802E+02          0.39886E+01
         0.33812E+02          0.39885E+01
         0.33822E+02          0.39885E+01
         0.33832E+02          0.39885E+01
         0.33842E+02          0.39884E+01
         0.33852E+02          0.39884E+01
         0.33862E+02          0.39884E+01
         0.33872E+02          0.39884E+01
         0.33882E+02          0.39884E+01
         0.33892E+02          0.39885E+01
         0.33902E+02          0.39885E+01
         0.33912E+02          0.39885E+01
         0.33922E+02          0.39886E+01
         0.33932E+02          0.39887E+01
         0.33942E+02          0.39887E+01
         0.33952E+02          0.39888E+01
         0.33962E+02          0.39889E+01
         0.33972E+02          0.39890E+01
         0.33982E+02          0.39892E+01
         0.33992E+02          0.39893E+01
         0.34002E+02          0.39894E+01
         0.34012E+02          0.39896E+01
         0.34022E+02          0.39898E+01
         0.34032E+02          0.39900E+01
         0.34042E+02          0.39902E+01
         0.34052E+02          0.39904E+01
         0.34062E+02          0.39906E+01
         0.34072E+02          0.39908E+01
         0.34082E+02          0.39911E+01
         0.34092E+02          0.39914E+01
         0.34102E+02          0.39917E+01
         0.34112E+02          0.39920E+01
         0.34122E+02          0.39923E+01
         0.34132E+02          0.39926E+01
         0.34142E+02          0.39930E+01
         0.34152E+02          0.39934E+01
         0.34162E+02          0.39938E+01
         0.34172E+02          0.39942E+01
         0.34182E+02          0.39946E+01
         0.34192E+02          0.39951E+01
         0.34202E+02          0.39956E+01
         0.34212E+02          0.39961E+01
         0.34222E+02          0.39966E+01
         0.34232E+02          0.39972E+01
         0.34242E+02          0.39978E+01
         0.34252E+02          0.39984E+01
         0.34262E+02          0.39991E+01
         0.34272E+02          0.39998E+01
         0.34282E+02          0.40005E+01
         0.34292E+02          0.40013E+01
         0.34302E+02          0.40020E+01
         0.34312E+02          0.40029E+01
         0.34322E+02          0.40037E+01
         0.34332E+02          0.40046E+01
         0.34342E+02          0.40056E+01
         0.34352E+02          0.40066E+01
         0.34362E+02          0.40076E+01
         0.34372E+02          0.40087E+01
         0.34382E+02          0.40099E+01
         0.34392E+02          0.40111E+01
         0.34402E+02          0.40124E+01
         0.34412E+02          0.40137E+01
         0.34422E+02          0.40151E+01
         0.34432E+02          0.40166E+01
         0.34442E+02          0.40181E+01
         0.34452E+02          0.40197E+01
         0.34462E+02          0.40214E+01
         0.34472E+02          0.40232E+01
         0.34482E+02          0.40251E+01
         0.34492E+02          0.40270E+01
         0.34502E+02          0.40291E+01
         0.34512E+02          0.40313E+01
         0.34522E+02          0.40336E+01
         0.34532E+02          0.40361E+01
         0.34542E+02          0.40387E+01
         0.34552E+02          0.40414E+01
         0.34562E+02          0.40442E+01
         0.34572E+02          0.40473E+01
         0.34582E+02          0.40505E+01
         0.34592E+02          0.40539E+01
         0.34602E+02          0.40576E+01
         0.34612E+02          0.40614E+01
         0.34622E+02          0.40655E+01
         0.34632E+02          0.40698E+01
         0.34642E+02          0.40745E+01
         0.34652E+02          0.40794E+01
         0.34662E+02          0.40847E+01
         0.34672E+02          0.40903E+01
         0.34682E+02          0.40963E+01
         0.34692E+02          0.41028E+01
         0.34702E+02          0.41097E+01
         0.34712E+02          0.41172E+01
         0.34722E+02          0.41252E+01
         0.34732E+02          0.41339E+01
         0.34742E+02          0.41432E+01
         0.34752E+02          0.41534E+01
         0.34762E+02          0.41644E+01
         0.34772E+02          0.41764E+01
         0.34782E+02          0.41894E+01
         0.34792E+02          0.42037E+01
         0.34802E+02          0.42194E+01
         0.34812E+02          0.42366E+01
         0.34822E+02          0.42556E+01
         0.34832E+02          0.42767E+01
         0.34842E+02          0.43000E+01
         0.34852E+02          0.43261E+01
         0.34862E+02          0.43552E+01
         0.34872E+02          0.43878E+01
         0.34882E+02          0.44246E+01
         0.34892E+02          0.44662E+01
         0.34902E+02          0.45135E+01
         0.34912E+02          0.45672E+01
         0.34922E+02          0.46285E+01
         0.34932E+02          0.46985E+01
         0.34942E+02          0.47781E+01
         0.34952E+02          0.48681E+01
         0.34962E+02          0.49687E+01
         0.34972E+02          0.50785E+01
         0.34982E+02          0.51935E+01
         0.34992E+02          0.53058E+01
         0.35002E+02          0.54024E+01
         0.35012E+02          0.54656E+01
         0.35022E+02          0.54775E+01
         0.35032E+02          0.54277E+01
         0.35042E+02          0.53204E+01
         0.35052E+02          0.51748E+01
         0.35062E+02          0.50167E+01
         0.35072E+02          0.48689E+01
         0.35082E+02          0.47462E+01
         0.35092E+02          0.46553E+01
         0.35102E+02          0.45982E+01
         0.35112E+02          0.45747E+01
         0.35122E+02          0.45840E+01
         0.35132E+02          0.46244E+01
         0.35142E+02          0.46904E+01
         0.35152E+02          0.47641E+01
         0.35162E+02          0.48044E+01
         0.35172E+02          0.47581E+01
         0.35182E+02          0.46161E+01
         0.35192E+02          0.44411E+01
         0.35202E+02          0.42992E+01
         0.35212E+02          0.42117E+01
         0.35222E+02          0.41719E+01
         0.35232E+02          0.41674E+01
         0.35242E+02          0.41887E+01
         0.35252E+02          0.42300E+01
         0.35262E+02          0.42882E+01
         0.35272E+02          0.43617E+01
         0.35282E+02          0.44502E+01
         0.35292E+02          0.45537E+01
         0.35302E+02          0.46722E+01
         0.35312E+02          0.48052E+01
         0.35322E+02          0.49517E+01
         0.35332E+02          0.51090E+01
         0.35342E+02          0.52727E+01
         0.35352E+02          0.54367E+01
         0.35362E+02          0.55933E+01
         0.35372E+02          0.57341E+01
         0.35382E+02          0.58523E+01
         0.35392E+02          0.59435E+01
         0.35402E+02          0.60019E+01
         0.35412E+02          0.59990E+01
         0.35422E+02          0.59068E+01
         0.35432E+02          0.57839E+01
         0.35442E+02          0.56683E+01
         0.35452E+02          0.55569E+01
         0.35462E+02          0.54468E+01
         0.35472E+02          0.53388E+01
         0.35482E+02          0.52346E+01
         0.35492E+02          0.51357E+01
         0.35502E+02          0.50431E+01
         0.35512E+02          0.49571E+01
         0.35522E+02          0.48779E+01
         0.35532E+02          0.48053E+01
         0.35542E+02          0.47390E+01
         0.35552E+02          0.46784E+01
         0.35562E+02          0.46231E+01
         0.35572E+02          0.45727E+01
         0.35582E+02          0.45266E+01
         0.35592E+02          0.44845E+01
         0.35602E+02          0.44460E+01
         0.35612E+02          0.44107E+01
         0.35622E+02          0.43782E+01
         0.35632E+02          0.43483E+01
         0.35642E+02          0.43208E+01
         0.35652E+02          0.42953E+01
         0.35662E+02          0.42718E+01
         0.35672E+02          0.42499E+01
         0.35682E+02          0.42296E+01
         0.35692E+02          0.42106E+01
         0.35702E+02          0.41930E+01
         0.35712E+02          0.41764E+01
         0.35722E+02          0.41609E+01
         0.35732E+02          0.41464E+01
         0.35742E+02          0.41327E+01
         0.35752E+02          0.41198E+01
         0.35762E+02          0.41077E+01
         0.35772E+02          0.40962E+01
         0.35782E+02          0.40853E+01
         0.35792E+02          0.40750E+01
         0.35802E+02          0.40652E+01
         0.35812E+02          0.40559E+01
         0.35822E+02          0.40470E+01
         0.35832E+02          0.40385E+01
         0.35842E+02          0.40304E+01
         0.35852E+02          0.40227E+01
         0.35862E+02          0.40152E+01
         0.35872E+02          0.40081E+01
         0.35882E+02          0.40013E+01
         0.35892E+02          0.39947E+01
         0.35902E+02          0.39884E+01
         0.35912E+02          0.39823E+01
         0.35922E+02          0.39765E+01
         0.35932E+02          0.39708E+01
         0.35942E+02          0.39654E+01
         0.35952E+02          0.39601E+01
         0.35962E+02          0.39550E+01
         0.35972E+02          0.39501E+01
         0.35982E+02          0.39454E+01
         0.35992E+02          0.39409E+01
         0.36002E+02          0.39366E+01
         0.36012E+02          0.39325E+01
         0.36022E+02          0.39286E+01
         0.36032E+02          0.39252E+01
         0.36042E+02          0.39223E+01
         0.36052E+02          0.39205E+01
         0.36062E+02          0.39209E+01
         0.36072E+02          0.39219E+01
         0.36082E+02          0.39031E+01
         0.36092E+02          0.38921E+01
         0.36102E+02          0.38884E+01
         0.36112E+02          0.38854E+01
         0.36122E+02          0.38825E+01
         0.36132E+02          0.38795E+01
         0.36142E+02          0.38764E+01
         0.36152E+02          0.38733E+01
         0.36162E+02          0.38702E+01
         0.36172E+02          0.38672E+01
         0.36182E+02          0.38641E+01
         0.36192E+02          0.38611E+01
         0.36202E+02          0.38581E+01
         0.36212E+02          0.38551E+01
         0.36222E+02          0.38521E+01
         0.36232E+02          0.38505E+01
         0.36242E+02          0.38510E+01
         0.36252E+02          0.38463E+01
         0.36262E+02          0.38432E+01
         0.36272E+02          0.38404E+01
         0.36282E+02          0.38378E+01
         0.36292E+02          0.38354E+01
         0.36302E+02          0.38331E+01
         0.36312E+02          0.38309E+01
         0.36322E+02          0.38288E+01
         0.36332E+02          0.38269E+01
         0.36342E+02          0.38251E+01
         0.36352E+02          0.38235E+01
         0.36362E+02          0.38220E+01
         0.36372E+02          0.38208E+01
         0.36382E+02          0.38198E+01
         0.36392E+02          0.38190E+01
         0.36402E+02          0.38186E+01
         0.36412E+02          0.38186E+01
         0.36422E+02          0.38189E+01
         0.36432E+02          0.38199E+01
         0.36442E+02          0.38214E+01
         0.36452E+02          0.38237E+01
         0.36462E+02          0.38269E+01
         0.36472E+02          0.38313E+01
         0.36482E+02          0.38372E+01
         0.36492E+02          0.38450E+01
         0.36502E+02          0.38552E+01
         0.36512E+02          0.38686E+01
         0.36522E+02          0.38864E+01
         0.36532E+02          0.39103E+01
         0.36542E+02          0.39428E+01
         0.36552E+02          0.39881E+01
         0.36562E+02          0.40530E+01
         0.36572E+02          0.41496E+01
         0.36582E+02          0.43008E+01
         0.36592E+02          0.45519E+01
         0.36602E+02          0.49978E+01
         0.36612E+02          0.57999E+01
         0.36622E+02          0.67108E+01
         0.36632E+02          0.64439E+01
         0.36642E+02          0.54597E+01
         0.36652E+02          0.46435E+01
         0.36662E+02          0.42049E+01
         0.36672E+02          0.39998E+01
         0.36682E+02          0.39393E+01
         0.36692E+02          0.40142E+01
         0.36702E+02          0.43192E+01
         0.36712E+02          0.45382E+01
         0.36722E+02          0.42354E+01
         0.36732E+02          0.40711E+01
         0.36742E+02          0.39481E+01
         0.36752E+02          0.38582E+01
         0.36762E+02          0.37914E+01
         0.36772E+02          0.37389E+01
         0.36782E+02          0.36937E+01
         0.36792E+02          0.37255E+01
         0.16802E+02          0.00000E+00
