         0.73356E+02          0.00000E+00
         0.73312E+02          0.00000E+00
         0.73269E+02          0.00000E+00
         0.73226E+02          0.00000E+00
         0.73183E+02          0.00000E+00
         0.73140E+02          0.00000E+00
         0.73096E+02          0.00000E+00
         0.73053E+02          0.00000E+00
         0.73010E+02          0.00000E+00
         0.72967E+02          0.00000E+00
         0.72924E+02          0.00000E+00
         0.72882E+02          0.00000E+00
         0.72839E+02          0.00000E+00
         0.72796E+02          0.00000E+00
         0.72753E+02          0.00000E+00
         0.72711E+02          0.00000E+00
         0.72668E+02          0.00000E+00
         0.72625E+02          0.00000E+00
         0.72583E+02          0.00000E+00
         0.72540E+02          0.00000E+00
         0.72498E+02          0.00000E+00
         0.72456E+02          0.00000E+00
         0.72413E+02          0.00000E+00
         0.72371E+02          0.00000E+00
         0.72329E+02          0.00000E+00
         0.72287E+02          0.00000E+00
         0.72245E+02          0.00000E+00
         0.72202E+02          0.00000E+00
         0.72160E+02          0.00000E+00
         0.72118E+02          0.00000E+00
         0.72077E+02          0.00000E+00
         0.72035E+02          0.00000E+00
         0.71993E+02          0.00000E+00
         0.71951E+02          0.00000E+00
         0.71909E+02          0.00000E+00
         0.71868E+02          0.00000E+00
         0.71826E+02          0.00000E+00
         0.71784E+02          0.00000E+00
         0.71743E+02          0.00000E+00
         0.71701E+02          0.00000E+00
         0.71660E+02          0.00000E+00
         0.71619E+02          0.00000E+00
         0.71577E+02          0.00000E+00
         0.71536E+02          0.00000E+00
         0.71495E+02          0.00000E+00
         0.71453E+02          0.00000E+00
         0.71412E+02          0.00000E+00
         0.71371E+02          0.00000E+00
         0.71330E+02          0.00000E+00
         0.71289E+02          0.00000E+00
         0.71248E+02          0.00000E+00
         0.71207E+02          0.00000E+00
         0.71166E+02          0.00000E+00
         0.71126E+02          0.00000E+00
         0.71085E+02          0.00000E+00
         0.71044E+02          0.00000E+00
         0.71003E+02          0.00000E+00
         0.70963E+02          0.00000E+00
         0.70922E+02          0.00000E+00
         0.70882E+02          0.00000E+00
         0.70841E+02          0.00000E+00
         0.70801E+02          0.00000E+00
         0.70760E+02          0.00000E+00
         0.70720E+02          0.00000E+00
         0.70680E+02          0.00000E+00
         0.70639E+02          0.00000E+00
         0.70599E+02          0.00000E+00
         0.70559E+02          0.00000E+00
         0.70519E+02          0.00000E+00
         0.70479E+02          0.00000E+00
         0.70439E+02          0.00000E+00
         0.70399E+02          0.00000E+00
         0.70359E+02          0.00000E+00
         0.70319E+02          0.00000E+00
         0.70279E+02          0.00000E+00
         0.70239E+02          0.00000E+00
         0.70199E+02          0.00000E+00
         0.70160E+02          0.00000E+00
         0.70120E+02          0.00000E+00
         0.70080E+02          0.00000E+00
         0.70041E+02          0.11907E+02
         0.70001E+02          0.11904E+02
         0.69962E+02          0.11900E+02
         0.69922E+02          0.11897E+02
         0.69883E+02          0.11893E+02
         0.69843E+02          0.11890E+02
         0.69804E+02          0.11886E+02
         0.69765E+02          0.11882E+02
         0.69726E+02          0.11878E+02
         0.69686E+02          0.11874E+02
         0.69647E+02          0.11870E+02
         0.69608E+02          0.11865E+02
         0.69569E+02          0.11861E+02
         0.69530E+02          0.11856E+02
         0.69491E+02          0.11851E+02
         0.69452E+02          0.11847E+02
         0.69413E+02          0.11842E+02
         0.69374E+02          0.11837E+02
         0.69336E+02          0.11832E+02
         0.69297E+02          0.11826E+02
         0.69258E+02          0.11821E+02
         0.69219E+02          0.11816E+02
         0.69181E+02          0.11810E+02
         0.69142E+02          0.11805E+02
         0.69104E+02          0.11799E+02
         0.69065E+02          0.11793E+02
         0.69027E+02          0.11787E+02
         0.68988E+02          0.11782E+02
         0.68950E+02          0.11776E+02
         0.68912E+02          0.11769E+02
         0.68873E+02          0.11763E+02
         0.68835E+02          0.11757E+02
         0.68797E+02          0.11751E+02
         0.68759E+02          0.11744E+02
         0.68721E+02          0.11738E+02
         0.68683E+02          0.11731E+02
         0.68645E+02          0.11725E+02
         0.68607E+02          0.11718E+02
         0.68569E+02          0.11711E+02
         0.68531E+02          0.11704E+02
         0.68493E+02          0.11697E+02
         0.68455E+02          0.11690E+02
         0.68417E+02          0.11683E+02
         0.68380E+02          0.11676E+02
         0.68342E+02          0.11669E+02
         0.68304E+02          0.11662E+02
         0.68267E+02          0.11654E+02
         0.68229E+02          0.11647E+02
         0.68192E+02          0.11640E+02
         0.68154E+02          0.11632E+02
         0.68117E+02          0.11624E+02
         0.68079E+02          0.11617E+02
         0.68042E+02          0.11609E+02
         0.68005E+02          0.11601E+02
         0.67967E+02          0.11594E+02
         0.67930E+02          0.11586E+02
         0.67893E+02          0.11578E+02
         0.67856E+02          0.11570E+02
         0.67819E+02          0.11562E+02
         0.67781E+02          0.11554E+02
         0.67744E+02          0.11546E+02
         0.67707E+02          0.11538E+02
         0.67671E+02          0.11529E+02
         0.67634E+02          0.11521E+02
         0.67597E+02          0.11513E+02
         0.67560E+02          0.11505E+02
         0.67523E+02          0.11496E+02
         0.67486E+02          0.11488E+02
         0.67450E+02          0.11479E+02
         0.67413E+02          0.11471E+02
         0.67376E+02          0.11462E+02
         0.67340E+02          0.11454E+02
         0.67303E+02          0.11445E+02
         0.67267E+02          0.11436E+02
         0.67230E+02          0.11427E+02
         0.67194E+02          0.11419E+02
         0.67157E+02          0.11410E+02
         0.67121E+02          0.11401E+02
         0.67085E+02          0.11392E+02
         0.67048E+02          0.11383E+02
         0.67012E+02          0.11374E+02
         0.66976E+02          0.11365E+02
         0.66940E+02          0.11356E+02
         0.66904E+02          0.11347E+02
         0.66868E+02          0.11338E+02
         0.66832E+02          0.11329E+02
         0.66796E+02          0.11320E+02
         0.66760E+02          0.11311E+02
         0.66724E+02          0.11302E+02
         0.66688E+02          0.11292E+02
         0.66652E+02          0.11283E+02
         0.66616E+02          0.11274E+02
         0.66580E+02          0.11264E+02
         0.66545E+02          0.11255E+02
         0.66509E+02          0.11246E+02
         0.66473E+02          0.11236E+02
         0.66438E+02          0.11227E+02
         0.66402E+02          0.11217E+02
         0.66366E+02          0.11208E+02
         0.66331E+02          0.11198E+02
         0.66296E+02          0.11189E+02
         0.66260E+02          0.11179E+02
         0.66225E+02          0.11170E+02
         0.66189E+02          0.11160E+02
         0.66154E+02          0.11151E+02
         0.66119E+02          0.11141E+02
         0.66083E+02          0.11131E+02
         0.66048E+02          0.11122E+02
         0.66013E+02          0.11112E+02
         0.65978E+02          0.11102E+02
         0.65943E+02          0.11092E+02
         0.65908E+02          0.11083E+02
         0.65873E+02          0.11073E+02
         0.65838E+02          0.11063E+02
         0.65803E+02          0.11053E+02
         0.65768E+02          0.11043E+02
         0.65733E+02          0.11034E+02
         0.65698E+02          0.11024E+02
         0.65664E+02          0.11014E+02
         0.65629E+02          0.11004E+02
         0.65594E+02          0.10994E+02
         0.65559E+02          0.10984E+02
         0.65525E+02          0.10974E+02
         0.65490E+02          0.10964E+02
         0.65456E+02          0.10954E+02
         0.65421E+02          0.10944E+02
         0.65386E+02          0.10934E+02
         0.65352E+02          0.10924E+02
         0.65318E+02          0.10914E+02
         0.65283E+02          0.10904E+02
         0.65249E+02          0.10894E+02
         0.65215E+02          0.10884E+02
         0.65180E+02          0.10874E+02
         0.65146E+02          0.10864E+02
         0.65112E+02          0.10854E+02
         0.65078E+02          0.10844E+02
         0.65043E+02          0.10834E+02
         0.65009E+02          0.10823E+02
         0.64975E+02          0.10813E+02
         0.64941E+02          0.10803E+02
         0.64907E+02          0.10793E+02
         0.64873E+02          0.10783E+02
         0.64839E+02          0.10773E+02
         0.64805E+02          0.10762E+02
         0.64772E+02          0.10752E+02
         0.64738E+02          0.10742E+02
         0.64704E+02          0.10732E+02
         0.64670E+02          0.10722E+02
         0.64637E+02          0.10712E+02
         0.64603E+02          0.10701E+02
         0.64569E+02          0.10691E+02
         0.64536E+02          0.10681E+02
         0.64502E+02          0.10671E+02
         0.64468E+02          0.10660E+02
         0.64435E+02          0.10650E+02
         0.64402E+02          0.10640E+02
         0.64368E+02          0.10630E+02
         0.64335E+02          0.10620E+02
         0.64301E+02          0.10609E+02
         0.64268E+02          0.10599E+02
         0.64235E+02          0.10589E+02
         0.64201E+02          0.10579E+02
         0.64168E+02          0.10568E+02
         0.64135E+02          0.10558E+02
         0.64102E+02          0.10548E+02
         0.64069E+02          0.10538E+02
         0.64036E+02          0.10527E+02
         0.64003E+02          0.10517E+02
         0.63970E+02          0.10507E+02
         0.63937E+02          0.10497E+02
         0.63904E+02          0.10486E+02
         0.63871E+02          0.10476E+02
         0.63838E+02          0.10466E+02
         0.63805E+02          0.10456E+02
         0.63772E+02          0.10445E+02
         0.63739E+02          0.10435E+02
         0.63707E+02          0.10425E+02
         0.63674E+02          0.10415E+02
         0.63641E+02          0.10404E+02
         0.63609E+02          0.10394E+02
         0.63576E+02          0.10384E+02
         0.63543E+02          0.10374E+02
         0.63511E+02          0.10364E+02
         0.63478E+02          0.10353E+02
         0.63446E+02          0.10343E+02
         0.63413E+02          0.10333E+02
         0.63381E+02          0.10323E+02
         0.63349E+02          0.10312E+02
         0.63316E+02          0.10302E+02
         0.63284E+02          0.10292E+02
         0.63252E+02          0.10282E+02
         0.63219E+02          0.10272E+02
         0.63187E+02          0.10262E+02
         0.63155E+02          0.10251E+02
         0.63123E+02          0.10241E+02
         0.63091E+02          0.10231E+02
         0.63059E+02          0.10221E+02
         0.63027E+02          0.10211E+02
         0.62994E+02          0.10201E+02
         0.62962E+02          0.10191E+02
         0.62931E+02          0.10180E+02
         0.62899E+02          0.10170E+02
         0.62867E+02          0.10160E+02
         0.62835E+02          0.10150E+02
         0.62803E+02          0.10140E+02
         0.62771E+02          0.10130E+02
         0.62739E+02          0.10120E+02
         0.62708E+02          0.10110E+02
         0.62676E+02          0.10100E+02
         0.62644E+02          0.10090E+02
         0.62613E+02          0.10080E+02
         0.62581E+02          0.10070E+02
         0.62550E+02          0.10060E+02
         0.62518E+02          0.10050E+02
         0.62487E+02          0.10040E+02
         0.62455E+02          0.10030E+02
         0.62424E+02          0.10020E+02
         0.62392E+02          0.10010E+02
         0.62361E+02          0.10000E+02
         0.62329E+02          0.99902E+01
         0.62298E+02          0.99802E+01
         0.62267E+02          0.99703E+01
         0.62236E+02          0.99605E+01
         0.62204E+02          0.99506E+01
         0.62173E+02          0.99407E+01
         0.62142E+02          0.99309E+01
         0.62111E+02          0.99210E+01
         0.62080E+02          0.99112E+01
         0.62049E+02          0.99014E+01
         0.62018E+02          0.98916E+01
         0.61987E+02          0.98818E+01
         0.61956E+02          0.98721E+01
         0.61925E+02          0.98623E+01
         0.61894E+02          0.98526E+01
         0.61863E+02          0.98429E+01
         0.61832E+02          0.98331E+01
         0.61801E+02          0.98234E+01
         0.61770E+02          0.98138E+01
         0.61740E+02          0.98041E+01
         0.61709E+02          0.97944E+01
         0.61678E+02          0.97848E+01
         0.61648E+02          0.97752E+01
         0.61617E+02          0.97656E+01
         0.61586E+02          0.97560E+01
         0.61556E+02          0.97464E+01
         0.61525E+02          0.97368E+01
         0.61495E+02          0.97273E+01
         0.61464E+02          0.97178E+01
         0.61434E+02          0.97083E+01
         0.61403E+02          0.96988E+01
         0.61373E+02          0.96893E+01
         0.61343E+02          0.96798E+01
         0.61312E+02          0.96704E+01
         0.61282E+02          0.96609E+01
         0.61252E+02          0.96515E+01
         0.61221E+02          0.96421E+01
         0.61191E+02          0.96327E+01
         0.61161E+02          0.96234E+01
         0.61131E+02          0.96140E+01
         0.61101E+02          0.96047E+01
         0.61071E+02          0.95954E+01
         0.61041E+02          0.95861E+01
         0.61011E+02          0.95768E+01
         0.60981E+02          0.95676E+01
         0.60951E+02          0.95583E+01
         0.60921E+02          0.95491E+01
         0.60891E+02          0.95399E+01
         0.60861E+02          0.95307E+01
         0.60831E+02          0.95215E+01
         0.60801E+02          0.95124E+01
         0.60771E+02          0.95032E+01
         0.60742E+02          0.94941E+01
         0.60712E+02          0.94850E+01
         0.60682E+02          0.94760E+01
         0.60652E+02          0.94669E+01
         0.60623E+02          0.94579E+01
         0.60593E+02          0.94488E+01
         0.60564E+02          0.94398E+01
         0.60534E+02          0.94308E+01
         0.60504E+02          0.94219E+01
         0.60475E+02          0.94129E+01
         0.60445E+02          0.94040E+01
         0.60416E+02          0.93951E+01
         0.60387E+02          0.93862E+01
         0.60357E+02          0.93773E+01
         0.60328E+02          0.93685E+01
         0.60298E+02          0.93596E+01
         0.60269E+02          0.93508E+01
         0.60240E+02          0.93420E+01
         0.60211E+02          0.93332E+01
         0.60181E+02          0.93245E+01
         0.60152E+02          0.93158E+01
         0.60123E+02          0.93070E+01
         0.60094E+02          0.92983E+01
         0.60065E+02          0.92897E+01
         0.60036E+02          0.92810E+01
         0.60007E+02          0.92724E+01
         0.59978E+02          0.92637E+01
         0.59949E+02          0.92551E+01
         0.59920E+02          0.92466E+01
         0.59891E+02          0.92380E+01
         0.59862E+02          0.92294E+01
         0.59833E+02          0.92209E+01
         0.59804E+02          0.92124E+01
         0.59775E+02          0.92039E+01
         0.59746E+02          0.91955E+01
         0.59718E+02          0.91870E+01
         0.59689E+02          0.91786E+01
         0.59660E+02          0.91702E+01
         0.59631E+02          0.91618E+01
         0.59603E+02          0.91535E+01
         0.59574E+02          0.91451E+01
         0.59545E+02          0.91368E+01
         0.59517E+02          0.91285E+01
         0.59488E+02          0.91202E+01
         0.59460E+02          0.91119E+01
         0.59431E+02          0.91037E+01
         0.59403E+02          0.90955E+01
         0.59374E+02          0.90873E+01
         0.59346E+02          0.90791E+01
         0.59318E+02          0.90709E+01
         0.59289E+02          0.90628E+01
         0.59261E+02          0.90546E+01
         0.59233E+02          0.90465E+01
         0.59204E+02          0.90385E+01
         0.59176E+02          0.90304E+01
         0.59148E+02          0.90224E+01
         0.59120E+02          0.90143E+01
         0.59091E+02          0.90063E+01
         0.59063E+02          0.89983E+01
         0.59035E+02          0.89904E+01
         0.59007E+02          0.89824E+01
         0.58979E+02          0.89745E+01
         0.58951E+02          0.89666E+01
         0.58923E+02          0.89587E+01
         0.58895E+02          0.89509E+01
         0.58867E+02          0.89430E+01
         0.58839E+02          0.89352E+01
         0.58811E+02          0.89274E+01
         0.58783E+02          0.89197E+01
         0.58755E+02          0.89119E+01
         0.58728E+02          0.89042E+01
         0.58700E+02          0.88964E+01
         0.58672E+02          0.88888E+01
         0.58644E+02          0.88811E+01
         0.58616E+02          0.88734E+01
         0.58589E+02          0.88658E+01
         0.58561E+02          0.88582E+01
         0.58533E+02          0.88506E+01
         0.58506E+02          0.88430E+01
         0.58478E+02          0.88355E+01
         0.58451E+02          0.88280E+01
         0.58423E+02          0.88205E+01
         0.58396E+02          0.88130E+01
         0.58368E+02          0.88055E+01
         0.58341E+02          0.87981E+01
         0.58313E+02          0.87907E+01
         0.58286E+02          0.87833E+01
         0.58258E+02          0.87759E+01
         0.58231E+02          0.87685E+01
         0.58204E+02          0.87612E+01
         0.58176E+02          0.87539E+01
         0.58149E+02          0.87466E+01
         0.58122E+02          0.87394E+01
         0.58095E+02          0.87321E+01
         0.58067E+02          0.87249E+01
         0.58040E+02          0.87177E+01
         0.58013E+02          0.87106E+01
         0.57986E+02          0.87034E+01
         0.57959E+02          0.86963E+01
         0.57932E+02          0.86892E+01
         0.57905E+02          0.86821E+01
         0.57878E+02          0.86751E+01
         0.57851E+02          0.86681E+01
         0.57824E+02          0.86611E+01
         0.57797E+02          0.86541E+01
         0.57770E+02          0.86472E+01
         0.57743E+02          0.86402E+01
         0.57716E+02          0.86334E+01
         0.57689E+02          0.86265E+01
         0.57662E+02          0.86197E+01
         0.57636E+02          0.86128E+01
         0.57609E+02          0.86061E+01
         0.57582E+02          0.85993E+01
         0.57555E+02          0.85926E+01
         0.57529E+02          0.85859E+01
         0.57502E+02          0.85793E+01
         0.57475E+02          0.85726E+01
         0.57449E+02          0.85660E+01
         0.57422E+02          0.85595E+01
         0.57395E+02          0.85529E+01
         0.57369E+02          0.85464E+01
         0.57342E+02          0.85400E+01
         0.57316E+02          0.85336E+01
         0.57289E+02          0.85272E+01
         0.57263E+02          0.85208E+01
         0.57236E+02          0.85145E+01
         0.57210E+02          0.85083E+01
         0.57184E+02          0.85020E+01
         0.57157E+02          0.84959E+01
         0.57131E+02          0.84897E+01
         0.57105E+02          0.84836E+01
         0.57078E+02          0.84776E+01
         0.57052E+02          0.84716E+01
         0.57026E+02          0.84657E+01
         0.57000E+02          0.84598E+01
         0.56973E+02          0.84539E+01
         0.56947E+02          0.84482E+01
         0.56921E+02          0.84424E+01
         0.56895E+02          0.84368E+01
         0.56869E+02          0.84312E+01
         0.56843E+02          0.84257E+01
         0.56817E+02          0.84202E+01
         0.56791E+02          0.84148E+01
         0.56765E+02          0.84095E+01
         0.56739E+02          0.84043E+01
         0.56713E+02          0.83992E+01
         0.56687E+02          0.83941E+01
         0.56661E+02          0.83892E+01
         0.56635E+02          0.83843E+01
         0.56609E+02          0.83795E+01
         0.56583E+02          0.83749E+01
         0.56558E+02          0.83703E+01
         0.56532E+02          0.83658E+01
         0.56506E+02          0.83615E+01
         0.56480E+02          0.83572E+01
         0.56455E+02          0.83530E+01
         0.56429E+02          0.83489E+01
         0.56403E+02          0.83449E+01
         0.56378E+02          0.83409E+01
         0.56352E+02          0.83368E+01
         0.56326E+02          0.83327E+01
         0.56301E+02          0.83284E+01
         0.56275E+02          0.83237E+01
         0.56250E+02          0.83185E+01
         0.56224E+02          0.83123E+01
         0.56199E+02          0.83046E+01
         0.56173E+02          0.82945E+01
         0.56148E+02          0.82806E+01
         0.56122E+02          0.82606E+01
         0.56097E+02          0.82304E+01
         0.56072E+02          0.81833E+01
         0.56046E+02          0.81069E+01
         0.56021E+02          0.79788E+01
         0.55996E+02          0.77598E+01
         0.55970E+02          0.73917E+01
         0.55945E+02          0.68415E+01
         0.55920E+02          0.62619E+01
         0.55895E+02          0.60231E+01
         0.55869E+02          0.62118E+01
         0.55844E+02          0.65573E+01
         0.55819E+02          0.68705E+01
         0.55794E+02          0.71090E+01
         0.55769E+02          0.72829E+01
         0.55744E+02          0.74098E+01
         0.55719E+02          0.75036E+01
         0.55694E+02          0.75743E+01
         0.55669E+02          0.76284E+01
         0.55644E+02          0.76705E+01
         0.55619E+02          0.77036E+01
         0.55594E+02          0.77299E+01
         0.55569E+02          0.77510E+01
         0.55544E+02          0.77679E+01
         0.55519E+02          0.77816E+01
         0.55494E+02          0.77926E+01
         0.55470E+02          0.78014E+01
         0.55445E+02          0.78085E+01
         0.55420E+02          0.78141E+01
         0.55395E+02          0.78185E+01
         0.55370E+02          0.78218E+01
         0.55346E+02          0.78242E+01
         0.55321E+02          0.78258E+01
         0.55296E+02          0.78268E+01
         0.55272E+02          0.78272E+01
         0.55247E+02          0.78271E+01
         0.55222E+02          0.78265E+01
         0.55198E+02          0.78256E+01
         0.55173E+02          0.78244E+01
         0.55149E+02          0.78228E+01
         0.55124E+02          0.78210E+01
         0.55100E+02          0.78190E+01
         0.55075E+02          0.78168E+01
         0.55051E+02          0.78144E+01
         0.55026E+02          0.78119E+01
         0.55002E+02          0.78092E+01
         0.54978E+02          0.78065E+01
         0.54953E+02          0.78036E+01
         0.54929E+02          0.78007E+01
         0.54905E+02          0.77978E+01
         0.54880E+02          0.77948E+01
         0.54856E+02          0.77918E+01
         0.54832E+02          0.77887E+01
         0.54807E+02          0.77858E+01
         0.54783E+02          0.77828E+01
         0.54759E+02          0.77799E+01
         0.54735E+02          0.77771E+01
         0.54711E+02          0.77745E+01
         0.54687E+02          0.77719E+01
         0.54662E+02          0.77696E+01
         0.54638E+02          0.77674E+01
         0.54614E+02          0.77656E+01
         0.54590E+02          0.77640E+01
         0.54566E+02          0.77628E+01
         0.54542E+02          0.77620E+01
         0.54518E+02          0.77616E+01
         0.54494E+02          0.77617E+01
         0.54470E+02          0.77620E+01
         0.54446E+02          0.77621E+01
         0.54423E+02          0.77607E+01
         0.54399E+02          0.77548E+01
         0.54375E+02          0.77374E+01
         0.54351E+02          0.76961E+01
         0.54327E+02          0.76212E+01
         0.54303E+02          0.75345E+01
         0.54280E+02          0.74818E+01
         0.54256E+02          0.74706E+01
         0.54232E+02          0.74794E+01
         0.54208E+02          0.74927E+01
         0.54185E+02          0.75047E+01
         0.54161E+02          0.75142E+01
         0.54137E+02          0.75211E+01
         0.54114E+02          0.75258E+01
         0.54090E+02          0.75288E+01
         0.54067E+02          0.75305E+01
         0.54043E+02          0.75311E+01
         0.54019E+02          0.75308E+01
         0.53996E+02          0.75298E+01
         0.53972E+02          0.75283E+01
         0.53949E+02          0.75263E+01
         0.53925E+02          0.75239E+01
         0.53902E+02          0.75212E+01
         0.53879E+02          0.75182E+01
         0.53855E+02          0.75150E+01
         0.53832E+02          0.75116E+01
         0.53808E+02          0.75080E+01
         0.53785E+02          0.75042E+01
         0.53762E+02          0.75004E+01
         0.53738E+02          0.74964E+01
         0.53715E+02          0.74923E+01
         0.53692E+02          0.74881E+01
         0.53669E+02          0.74839E+01
         0.53645E+02          0.74795E+01
         0.53622E+02          0.74751E+01
         0.53599E+02          0.74707E+01
         0.53576E+02          0.74662E+01
         0.53553E+02          0.74617E+01
         0.53530E+02          0.74571E+01
         0.53507E+02          0.74525E+01
         0.53483E+02          0.74479E+01
         0.53460E+02          0.74432E+01
         0.53437E+02          0.74385E+01
         0.53414E+02          0.74338E+01
         0.53391E+02          0.74290E+01
         0.53368E+02          0.74243E+01
         0.53345E+02          0.74195E+01
         0.53322E+02          0.74147E+01
         0.53300E+02          0.74099E+01
         0.53277E+02          0.74051E+01
         0.53254E+02          0.74003E+01
         0.53231E+02          0.73954E+01
         0.53208E+02          0.73906E+01
         0.53185E+02          0.73857E+01
         0.53162E+02          0.73809E+01
         0.53140E+02          0.73760E+01
         0.53117E+02          0.73712E+01
         0.53094E+02          0.73663E+01
         0.53071E+02          0.73615E+01
         0.53049E+02          0.73566E+01
         0.53026E+02          0.73517E+01
         0.53003E+02          0.73469E+01
         0.52981E+02          0.73420E+01
         0.52958E+02          0.73371E+01
         0.52935E+02          0.73323E+01
         0.52913E+02          0.73274E+01
         0.52890E+02          0.73226E+01
         0.52868E+02          0.73177E+01
         0.52845E+02          0.73129E+01
         0.52823E+02          0.73080E+01
         0.52800E+02          0.73032E+01
         0.52778E+02          0.72984E+01
         0.52755E+02          0.72936E+01
         0.52733E+02          0.72887E+01
         0.52710E+02          0.72839E+01
         0.52688E+02          0.72791E+01
         0.52666E+02          0.72743E+01
         0.52643E+02          0.72696E+01
         0.52621E+02          0.72648E+01
         0.52599E+02          0.72600E+01
         0.52576E+02          0.72553E+01
         0.52554E+02          0.72505E+01
         0.52532E+02          0.72458E+01
         0.52509E+02          0.72411E+01
         0.52487E+02          0.72364E+01
         0.52465E+02          0.72317E+01
         0.52443E+02          0.72270E+01
         0.52421E+02          0.72223E+01
         0.52399E+02          0.72176E+01
         0.52376E+02          0.72130E+01
         0.52354E+02          0.72083E+01
         0.52332E+02          0.72037E+01
         0.52310E+02          0.71991E+01
         0.52288E+02          0.71945E+01
         0.52266E+02          0.71899E+01
         0.52244E+02          0.71854E+01
         0.52222E+02          0.71808E+01
         0.52200E+02          0.71763E+01
         0.52178E+02          0.71718E+01
         0.52156E+02          0.71673E+01
         0.52134E+02          0.71628E+01
         0.52112E+02          0.71584E+01
         0.52090E+02          0.71539E+01
         0.52068E+02          0.71495E+01
         0.52047E+02          0.71451E+01
         0.52025E+02          0.71408E+01
         0.52003E+02          0.71364E+01
         0.51981E+02          0.71321E+01
         0.51959E+02          0.71278E+01
         0.51938E+02          0.71235E+01
         0.51916E+02          0.71192E+01
         0.51894E+02          0.71150E+01
         0.51872E+02          0.71108E+01
         0.51851E+02          0.71066E+01
         0.51829E+02          0.71025E+01
         0.51807E+02          0.70984E+01
         0.51786E+02          0.70943E+01
         0.51764E+02          0.70902E+01
         0.51743E+02          0.70862E+01
         0.51721E+02          0.70822E+01
         0.51699E+02          0.70783E+01
         0.51678E+02          0.70744E+01
         0.51656E+02          0.70705E+01
         0.51635E+02          0.70667E+01
         0.51613E+02          0.70629E+01
         0.51592E+02          0.70592E+01
         0.51570E+02          0.70555E+01
         0.51549E+02          0.70519E+01
         0.51527E+02          0.70483E+01
         0.51506E+02          0.70448E+01
         0.51485E+02          0.70413E+01
         0.51463E+02          0.70379E+01
         0.51442E+02          0.70346E+01
         0.51421E+02          0.70313E+01
         0.51399E+02          0.70282E+01
         0.51378E+02          0.70251E+01
         0.51357E+02          0.70221E+01
         0.51335E+02          0.70192E+01
         0.51314E+02          0.70164E+01
         0.51293E+02          0.70137E+01
         0.51272E+02          0.70111E+01
         0.51251E+02          0.70087E+01
         0.51229E+02          0.70063E+01
         0.51208E+02          0.70042E+01
         0.51187E+02          0.70022E+01
         0.51166E+02          0.70003E+01
         0.51145E+02          0.69987E+01
         0.51124E+02          0.69972E+01
         0.51103E+02          0.69959E+01
         0.51082E+02          0.69948E+01
         0.51061E+02          0.69937E+01
         0.51040E+02          0.69928E+01
         0.51019E+02          0.69916E+01
         0.50998E+02          0.69900E+01
         0.50977E+02          0.69871E+01
         0.50956E+02          0.69814E+01
         0.50935E+02          0.69695E+01
         0.50914E+02          0.69432E+01
         0.50893E+02          0.68809E+01
         0.50872E+02          0.67214E+01
         0.50851E+02          0.63084E+01
         0.50830E+02          0.56554E+01
         0.50810E+02          0.56886E+01
         0.50789E+02          0.61000E+01
         0.50768E+02          0.63700E+01
         0.50747E+02          0.65216E+01
         0.50726E+02          0.66115E+01
         0.50706E+02          0.66687E+01
         0.50685E+02          0.67075E+01
         0.50664E+02          0.67352E+01
         0.50643E+02          0.67558E+01
         0.50623E+02          0.67718E+01
         0.50602E+02          0.67846E+01
         0.50581E+02          0.67952E+01
         0.50561E+02          0.68043E+01
         0.50540E+02          0.68123E+01
         0.50520E+02          0.68197E+01
         0.50499E+02          0.68267E+01
         0.50479E+02          0.68336E+01
         0.50458E+02          0.68406E+01
         0.50437E+02          0.68478E+01
         0.50417E+02          0.68555E+01
         0.50396E+02          0.68639E+01
         0.50376E+02          0.68731E+01
         0.50356E+02          0.68835E+01
         0.50335E+02          0.68954E+01
         0.50315E+02          0.69091E+01
         0.50294E+02          0.69250E+01
         0.50274E+02          0.69437E+01
         0.50253E+02          0.69658E+01
         0.50233E+02          0.69919E+01
         0.50213E+02          0.70229E+01
         0.50192E+02          0.70587E+01
         0.50172E+02          0.70978E+01
         0.50152E+02          0.71325E+01
         0.50132E+02          0.71370E+01
         0.50111E+02          0.70370E+01
         0.50091E+02          0.66966E+01
         0.50071E+02          0.61585E+01
         0.50051E+02          0.58344E+01
         0.50030E+02          0.58132E+01
         0.50010E+02          0.59032E+01
         0.49990E+02          0.60028E+01
         0.49970E+02          0.60868E+01
         0.49950E+02          0.61535E+01
         0.49930E+02          0.62058E+01
         0.49910E+02          0.62471E+01
         0.49889E+02          0.62801E+01
         0.49869E+02          0.63066E+01
         0.49849E+02          0.63282E+01
         0.49829E+02          0.63460E+01
         0.49809E+02          0.63607E+01
         0.49789E+02          0.63729E+01
         0.49769E+02          0.63830E+01
         0.49749E+02          0.63915E+01
         0.49729E+02          0.63986E+01
         0.49709E+02          0.64045E+01
         0.49690E+02          0.64094E+01
         0.49670E+02          0.64134E+01
         0.49650E+02          0.64168E+01
         0.49630E+02          0.64194E+01
         0.49610E+02          0.64215E+01
         0.49590E+02          0.64232E+01
         0.49570E+02          0.64243E+01
         0.49551E+02          0.64251E+01
         0.49531E+02          0.64256E+01
         0.49511E+02          0.64257E+01
         0.49491E+02          0.64256E+01
         0.49471E+02          0.64252E+01
         0.49452E+02          0.64246E+01
         0.49432E+02          0.64238E+01
         0.49412E+02          0.64228E+01
         0.49393E+02          0.64217E+01
         0.49373E+02          0.64203E+01
         0.49353E+02          0.64189E+01
         0.49334E+02          0.64173E+01
         0.49314E+02          0.64156E+01
         0.49294E+02          0.64138E+01
         0.49275E+02          0.64118E+01
         0.49255E+02          0.64098E+01
         0.49236E+02          0.64077E+01
         0.49216E+02          0.64055E+01
         0.49197E+02          0.64033E+01
         0.49177E+02          0.64009E+01
         0.49158E+02          0.63985E+01
         0.49138E+02          0.63960E+01
         0.49119E+02          0.63935E+01
         0.49099E+02          0.63909E+01
         0.49080E+02          0.63883E+01
         0.49060E+02          0.63856E+01
         0.49041E+02          0.63829E+01
         0.49022E+02          0.63801E+01
         0.49002E+02          0.63773E+01
         0.48983E+02          0.63744E+01
         0.48963E+02          0.63716E+01
         0.48944E+02          0.63686E+01
         0.48925E+02          0.63657E+01
         0.48906E+02          0.63627E+01
         0.48886E+02          0.63597E+01
         0.48867E+02          0.63566E+01
         0.48848E+02          0.63535E+01
         0.48828E+02          0.63504E+01
         0.48809E+02          0.63473E+01
         0.48790E+02          0.63441E+01
         0.48771E+02          0.63409E+01
         0.48752E+02          0.63377E+01
         0.48733E+02          0.63345E+01
         0.48713E+02          0.63313E+01
         0.48694E+02          0.63280E+01
         0.48675E+02          0.63247E+01
         0.48656E+02          0.63214E+01
         0.48637E+02          0.63180E+01
         0.48618E+02          0.63147E+01
         0.48599E+02          0.63113E+01
         0.48580E+02          0.63079E+01
         0.48561E+02          0.63045E+01
         0.48542E+02          0.63011E+01
         0.48523E+02          0.62976E+01
         0.48504E+02          0.62942E+01
         0.48485E+02          0.62907E+01
         0.48466E+02          0.62872E+01
         0.48447E+02          0.62837E+01
         0.48428E+02          0.62801E+01
         0.48409E+02          0.62766E+01
         0.48390E+02          0.62730E+01
         0.48371E+02          0.62694E+01
         0.48352E+02          0.62658E+01
         0.48334E+02          0.62622E+01
         0.48315E+02          0.62585E+01
         0.48296E+02          0.62549E+01
         0.48277E+02          0.62512E+01
         0.48258E+02          0.62475E+01
         0.48240E+02          0.62439E+01
         0.48221E+02          0.62402E+01
         0.48202E+02          0.62367E+01
         0.48183E+02          0.62332E+01
         0.48165E+02          0.62300E+01
         0.48146E+02          0.62272E+01
         0.48127E+02          0.62251E+01
         0.48109E+02          0.62244E+01
         0.48090E+02          0.62266E+01
         0.48071E+02          0.62347E+01
         0.48053E+02          0.62534E+01
         0.48034E+02          0.62817E+01
         0.48015E+02          0.62959E+01
         0.47997E+02          0.62810E+01
         0.47978E+02          0.62577E+01
         0.47960E+02          0.62384E+01
         0.47941E+02          0.62240E+01
         0.47923E+02          0.62129E+01
         0.47904E+02          0.62040E+01
         0.47886E+02          0.61964E+01
         0.47867E+02          0.61898E+01
         0.47849E+02          0.61837E+01
         0.47830E+02          0.61781E+01
         0.47812E+02          0.61728E+01
         0.47793E+02          0.61676E+01
         0.47775E+02          0.61626E+01
         0.47756E+02          0.61577E+01
         0.47738E+02          0.61529E+01
         0.47720E+02          0.61482E+01
         0.47701E+02          0.61435E+01
         0.47683E+02          0.61388E+01
         0.47665E+02          0.61340E+01
         0.47646E+02          0.61293E+01
         0.47628E+02          0.61246E+01
         0.47610E+02          0.61198E+01
         0.47591E+02          0.61150E+01
         0.47573E+02          0.61101E+01
         0.47555E+02          0.61052E+01
         0.47537E+02          0.61002E+01
         0.47518E+02          0.60951E+01
         0.47500E+02          0.60899E+01
         0.47482E+02          0.60846E+01
         0.47464E+02          0.60791E+01
         0.47446E+02          0.60736E+01
         0.47428E+02          0.60678E+01
         0.47409E+02          0.60619E+01
         0.47391E+02          0.60558E+01
         0.47373E+02          0.60494E+01
         0.47355E+02          0.60427E+01
         0.47337E+02          0.60357E+01
         0.47319E+02          0.60283E+01
         0.47301E+02          0.60204E+01
         0.47283E+02          0.60119E+01
         0.47265E+02          0.60027E+01
         0.47247E+02          0.59927E+01
         0.47229E+02          0.59815E+01
         0.47211E+02          0.59690E+01
         0.47193E+02          0.59547E+01
         0.47175E+02          0.59380E+01
         0.47157E+02          0.59180E+01
         0.47139E+02          0.58932E+01
         0.47121E+02          0.58614E+01
         0.47103E+02          0.58186E+01
         0.47085E+02          0.57574E+01
         0.47068E+02          0.56647E+01
         0.47050E+02          0.55317E+01
         0.47032E+02          0.55983E+01
         0.47014E+02          0.64433E+01
         0.46996E+02          0.65193E+01
         0.46978E+02          0.64104E+01
         0.46961E+02          0.63441E+01
         0.46943E+02          0.63143E+01
         0.46925E+02          0.62889E+01
         0.46907E+02          0.62471E+01
         0.46890E+02          0.62036E+01
         0.46872E+02          0.61685E+01
         0.46854E+02          0.61415E+01
         0.46836E+02          0.61201E+01
         0.46819E+02          0.61025E+01
         0.46801E+02          0.60875E+01
         0.46783E+02          0.60743E+01
         0.46766E+02          0.60624E+01
         0.46748E+02          0.60517E+01
         0.46730E+02          0.60457E+01
         0.46713E+02          0.60232E+01
         0.46695E+02          0.60129E+01
         0.46678E+02          0.59981E+01
         0.46660E+02          0.59761E+01
         0.46643E+02          0.59399E+01
         0.46625E+02          0.62095E+01
         0.46607E+02          0.61197E+01
         0.46590E+02          0.60699E+01
         0.46572E+02          0.60506E+01
         0.46555E+02          0.60438E+01
         0.46538E+02          0.60500E+01
         0.46520E+02          0.60688E+01
         0.46503E+02          0.59192E+01
         0.46485E+02          0.59427E+01
         0.46468E+02          0.59503E+01
         0.46450E+02          0.59516E+01
         0.46433E+02          0.59506E+01
         0.46416E+02          0.59489E+01
         0.46398E+02          0.59474E+01
         0.46381E+02          0.59470E+01
         0.46363E+02          0.59509E+01
         0.46346E+02          0.59079E+01
         0.46329E+02          0.59252E+01
         0.46312E+02          0.59294E+01
         0.46294E+02          0.59342E+01
         0.46277E+02          0.59445E+01
         0.46260E+02          0.59725E+01
         0.46242E+02          0.60850E+01
         0.46225E+02          0.67382E+01
         0.46208E+02          0.58610E+01
         0.46191E+02          0.58431E+01
         0.46174E+02          0.58430E+01
         0.46156E+02          0.58425E+01
         0.46139E+02          0.58410E+01
         0.46122E+02          0.58386E+01
         0.46105E+02          0.58356E+01
         0.46088E+02          0.58321E+01
         0.46071E+02          0.58283E+01
         0.46053E+02          0.58243E+01
         0.46036E+02          0.58199E+01
         0.46019E+02          0.58154E+01
         0.46002E+02          0.58107E+01
         0.45985E+02          0.58058E+01
         0.45968E+02          0.58006E+01
         0.45951E+02          0.57952E+01
         0.45934E+02          0.57896E+01
         0.45917E+02          0.57836E+01
         0.45900E+02          0.57771E+01
         0.45883E+02          0.57701E+01
         0.45866E+02          0.57622E+01
         0.45849E+02          0.57532E+01
         0.45832E+02          0.57423E+01
         0.45815E+02          0.57284E+01
         0.45798E+02          0.57087E+01
         0.45781E+02          0.56768E+01
         0.45764E+02          0.56120E+01
         0.45748E+02          0.54190E+01
         0.45731E+02          0.45490E+01
         0.45714E+02          0.55400E+01
         0.45697E+02          0.57977E+01
         0.45680E+02          0.56021E+01
         0.45663E+02          0.56530E+01
         0.45647E+02          0.56886E+01
         0.45630E+02          0.56966E+01
         0.45613E+02          0.56958E+01
         0.45596E+02          0.56911E+01
         0.45579E+02          0.56841E+01
         0.45563E+02          0.56749E+01
         0.45546E+02          0.56635E+01
         0.45529E+02          0.56490E+01
         0.45513E+02          0.56307E+01
         0.45496E+02          0.56184E+01
         0.45479E+02          0.58208E+01
         0.45462E+02          0.59438E+01
         0.45446E+02          0.58049E+01
         0.45429E+02          0.57473E+01
         0.45412E+02          0.57157E+01
         0.45396E+02          0.56936E+01
         0.45379E+02          0.56753E+01
         0.45363E+02          0.56581E+01
         0.45346E+02          0.56397E+01
         0.45329E+02          0.56164E+01
         0.45313E+02          0.55762E+01
         0.45296E+02          0.54122E+01
         0.45280E+02          0.57450E+01
         0.45263E+02          0.56503E+01
         0.45247E+02          0.56145E+01
         0.45230E+02          0.55592E+01
         0.45214E+02          0.54927E+01
         0.45197E+02          0.52267E+01
         0.45181E+02          0.56467E+01
         0.45164E+02          0.64375E+01
         0.45148E+02          0.56591E+01
         0.45131E+02          0.56972E+01
         0.45115E+02          0.56930E+01
         0.45099E+02          0.56984E+01
         0.45082E+02          0.44536E+01
         0.45066E+02          0.55680E+01
         0.45049E+02          0.55926E+01
         0.45033E+02          0.55965E+01
         0.45017E+02          0.56034E+01
         0.45000E+02          0.56259E+01
         0.44984E+02          0.56212E+01
         0.44968E+02          0.55906E+01
         0.44951E+02          0.55710E+01
         0.44935E+02          0.55573E+01
         0.44919E+02          0.55458E+01
         0.44903E+02          0.55352E+01
         0.44886E+02          0.55247E+01
         0.44870E+02          0.55141E+01
         0.44854E+02          0.55030E+01
         0.44838E+02          0.54911E+01
         0.44821E+02          0.54779E+01
         0.44805E+02          0.54623E+01
         0.44789E+02          0.54419E+01
         0.44773E+02          0.54025E+01
         0.44757E+02          0.55642E+01
         0.44741E+02          0.54803E+01
         0.44724E+02          0.54090E+01
         0.44708E+02          0.53454E+01
         0.44692E+02          0.48630E+01
         0.44676E+02          0.54126E+01
         0.44660E+02          0.54170E+01
         0.44644E+02          0.53793E+01
         0.44628E+02          0.53334E+01
         0.44612E+02          0.52731E+01
         0.44596E+02          0.51723E+01
         0.44580E+02          0.48999E+01
         0.44564E+02          0.52664E+01
         0.44548E+02          0.54984E+01
         0.44532E+02          0.51908E+01
         0.44516E+02          0.60019E+01
         0.44500E+02          0.56249E+01
         0.44484E+02          0.54561E+01
         0.44468E+02          0.52949E+01
         0.44452E+02          0.48392E+01
         0.44436E+02          0.57292E+01
         0.44420E+02          0.55486E+01
         0.44404E+02          0.55620E+01
         0.44388E+02          0.54611E+01
         0.44372E+02          0.53805E+01
         0.44356E+02          0.52916E+01
         0.44341E+02          0.51688E+01
         0.44325E+02          0.49519E+01
         0.44309E+02          0.44532E+01
         0.44293E+02          0.51174E+01
         0.44277E+02          0.57935E+01
         0.44261E+02          0.54876E+01
         0.44246E+02          0.52624E+01
         0.44230E+02          0.47933E+01
         0.44214E+02          0.42154E+01
         0.44198E+02          0.53821E+01
         0.44183E+02          0.56563E+01
         0.44167E+02          0.54798E+01
         0.44151E+02          0.42151E+01
         0.44135E+02          0.54407E+01
         0.44120E+02          0.55683E+01
         0.44104E+02          0.54816E+01
         0.44088E+02          0.54612E+01
         0.44073E+02          0.54713E+01
         0.44057E+02          0.51179E+01
         0.44041E+02          0.48879E+01
         0.44026E+02          0.54868E+01
         0.44010E+02          0.46870E+01
         0.43994E+02          0.55430E+01
         0.43979E+02          0.54442E+01
         0.43963E+02          0.53937E+01
         0.43948E+02          0.54038E+01
         0.43932E+02          0.54462E+01
         0.43917E+02          0.53876E+01
         0.43901E+02          0.54304E+01
         0.43885E+02          0.54568E+01
         0.43870E+02          0.54652E+01
         0.43854E+02          0.55056E+01
         0.43839E+02          0.53488E+01
         0.43823E+02          0.53459E+01
         0.43808E+02          0.53407E+01
         0.43792E+02          0.53343E+01
         0.43777E+02          0.53271E+01
         0.43762E+02          0.53196E+01
         0.43746E+02          0.53137E+01
         0.43731E+02          0.51620E+01
         0.43715E+02          0.52150E+01
         0.43700E+02          0.51047E+01
         0.43684E+02          0.54513E+01
         0.43669E+02          0.54615E+01
         0.43654E+02          0.53114E+01
         0.43638E+02          0.52796E+01
         0.43623E+02          0.52889E+01
         0.43608E+02          0.52731E+01
         0.43592E+02          0.52158E+01
         0.43577E+02          0.50280E+01
         0.43562E+02          0.53249E+01
         0.43546E+02          0.53256E+01
         0.43531E+02          0.52076E+01
         0.43516E+02          0.49414E+01
         0.43500E+02          0.51873E+01
         0.43485E+02          0.51753E+01
         0.43470E+02          0.52993E+01
         0.43455E+02          0.52506E+01
         0.43440E+02          0.52183E+01
         0.43424E+02          0.51915E+01
         0.43409E+02          0.51535E+01
         0.43394E+02          0.50036E+01
         0.43379E+02          0.52133E+01
         0.43364E+02          0.51621E+01
         0.43348E+02          0.51314E+01
         0.43333E+02          0.50981E+01
         0.43318E+02          0.50503E+01
         0.43303E+02          0.49249E+01
         0.43288E+02          0.51904E+01
         0.43273E+02          0.50603E+01
         0.43258E+02          0.48935E+01
         0.43243E+02          0.52008E+01
         0.43227E+02          0.50130E+01
         0.43212E+02          0.48929E+01
         0.43197E+02          0.47709E+01
         0.43182E+02          0.45784E+01
         0.43167E+02          0.47034E+01
         0.43152E+02          0.51695E+01
         0.43137E+02          0.52289E+01
         0.43122E+02          0.50076E+01
         0.43107E+02          0.48658E+01
         0.43092E+02          0.49206E+01
         0.43077E+02          0.49811E+01
         0.43062E+02          0.48771E+01
         0.43047E+02          0.50281E+01
         0.43032E+02          0.48910E+01
         0.43018E+02          0.50379E+01
         0.43003E+02          0.49087E+01
         0.42988E+02          0.50911E+01
         0.42973E+02          0.47422E+01
         0.42958E+02          0.49636E+01
         0.42943E+02          0.51440E+01
         0.42928E+02          0.51084E+01
         0.42913E+02          0.51305E+01
         0.42898E+02          0.50455E+01
         0.42884E+02          0.50600E+01
         0.42869E+02          0.50191E+01
         0.42854E+02          0.51112E+01
         0.42839E+02          0.50828E+01
         0.42824E+02          0.50806E+01
         0.42810E+02          0.50183E+01
         0.42795E+02          0.50733E+01
         0.42780E+02          0.50274E+01
         0.42765E+02          0.51271E+01
         0.42751E+02          0.50765E+01
         0.42736E+02          0.50411E+01
         0.42721E+02          0.50765E+01
         0.42706E+02          0.48556E+01
         0.42692E+02          0.50214E+01
         0.42677E+02          0.50240E+01
         0.42662E+02          0.50070E+01
         0.42648E+02          0.50515E+01
         0.42633E+02          0.50766E+01
         0.42618E+02          0.49172E+01
         0.42604E+02          0.49963E+01
         0.42589E+02          0.49115E+01
         0.42560E+02          0.49096E+01
         0.42545E+02          0.48417E+01
         0.42531E+02          0.49690E+01
         0.42516E+02          0.49185E+01
         0.42501E+02          0.49015E+01
         0.42487E+02          0.49730E+01
         0.42472E+02          0.49796E+01
         0.42458E+02          0.49589E+01
         0.42443E+02          0.49485E+01
         0.42429E+02          0.49400E+01
         0.42414E+02          0.49425E+01
         0.42400E+02          0.49208E+01
         0.42385E+02          0.49187E+01
         0.42371E+02          0.48886E+01
         0.42356E+02          0.49196E+01
         0.42342E+02          0.49084E+01
         0.42327E+02          0.48930E+01
         0.42313E+02          0.48680E+01
         0.42298E+02          0.47886E+01
         0.42284E+02          0.46756E+01
         0.42270E+02          0.48692E+01
         0.42255E+02          0.48909E+01
         0.42241E+02          0.48736E+01
         0.42226E+02          0.48522E+01
         0.42212E+02          0.46754E+01
         0.42198E+02          0.48454E+01
         0.42183E+02          0.48091E+01
         0.42169E+02          0.47641E+01
         0.42155E+02          0.46987E+01
         0.42140E+02          0.46094E+01
         0.42126E+02          0.45178E+01
         0.42112E+02          0.45999E+01
         0.42097E+02          0.47366E+01
         0.42083E+02          0.48061E+01
         0.42069E+02          0.48387E+01
         0.42054E+02          0.48511E+01
         0.42040E+02          0.48093E+01
         0.42026E+02          0.48405E+01
         0.42012E+02          0.46898E+01
         0.41998E+02          0.47739E+01
         0.41983E+02          0.46733E+01
         0.41969E+02          0.45665E+01
         0.41955E+02          0.47141E+01
         0.41941E+02          0.47702E+01
         0.41927E+02          0.47944E+01
         0.41912E+02          0.48266E+01
         0.41898E+02          0.46971E+01
         0.41884E+02          0.46604E+01
         0.41870E+02          0.47058E+01
         0.41856E+02          0.45654E+01
         0.41842E+02          0.47084E+01
         0.41827E+02          0.47713E+01
         0.41813E+02          0.47820E+01
         0.41799E+02          0.45390E+01
         0.41785E+02          0.46533E+01
         0.41771E+02          0.46710E+01
         0.41757E+02          0.47476E+01
         0.41743E+02          0.46535E+01
         0.41729E+02          0.46449E+01
         0.41715E+02          0.47650E+01
         0.41701E+02          0.48304E+01
         0.41687E+02          0.46852E+01
         0.41673E+02          0.48180E+01
         0.41659E+02          0.47727E+01
         0.41645E+02          0.47872E+01
         0.41631E+02          0.46962E+01
         0.41617E+02          0.47603E+01
         0.41603E+02          0.46999E+01
         0.41589E+02          0.46460E+01
         0.41575E+02          0.47256E+01
         0.41561E+02          0.47203E+01
         0.41547E+02          0.47128E+01
         0.41533E+02          0.46954E+01
         0.41519E+02          0.46780E+01
         0.41505E+02          0.46643E+01
         0.41492E+02          0.47447E+01
         0.41478E+02          0.47037E+01
         0.41464E+02          0.46910E+01
         0.41450E+02          0.46043E+01
         0.41436E+02          0.46090E+01
         0.41422E+02          0.46159E+01
         0.41408E+02          0.45909E+01
         0.41395E+02          0.46025E+01
         0.41381E+02          0.45840E+01
         0.41367E+02          0.45507E+01
         0.41353E+02          0.45601E+01
         0.41339E+02          0.45806E+01
         0.41326E+02          0.45553E+01
         0.41312E+02          0.45950E+01
         0.41298E+02          0.45977E+01
         0.41284E+02          0.45931E+01
         0.41271E+02          0.45976E+01
         0.41257E+02          0.45978E+01
         0.41243E+02          0.45974E+01
         0.41229E+02          0.45965E+01
         0.41216E+02          0.45915E+01
         0.41202E+02          0.45928E+01
         0.41188E+02          0.45923E+01
         0.41175E+02          0.45899E+01
         0.41161E+02          0.45874E+01
         0.41147E+02          0.45885E+01
         0.41134E+02          0.45881E+01
         0.41120E+02          0.45830E+01
         0.41106E+02          0.45837E+01
         0.41093E+02          0.46026E+01
         0.41079E+02          0.45901E+01
         0.41066E+02          0.45740E+01
         0.41052E+02          0.45184E+01
         0.41038E+02          0.44667E+01
         0.41025E+02          0.44815E+01
         0.41011E+02          0.45030E+01
         0.40998E+02          0.45129E+01
         0.40984E+02          0.45162E+01
         0.40971E+02          0.45229E+01
         0.40957E+02          0.45249E+01
         0.40943E+02          0.45257E+01
         0.40930E+02          0.45265E+01
         0.40916E+02          0.45272E+01
         0.40903E+02          0.45280E+01
         0.40889E+02          0.45292E+01
         0.40876E+02          0.45289E+01
         0.40863E+02          0.45355E+01
         0.40849E+02          0.45011E+01
         0.40836E+02          0.44214E+01
         0.40822E+02          0.44571E+01
         0.40809E+02          0.44748E+01
         0.40795E+02          0.44829E+01
         0.40782E+02          0.44873E+01
         0.40768E+02          0.44905E+01
         0.40755E+02          0.44938E+01
         0.40742E+02          0.44973E+01
         0.40728E+02          0.45016E+01
         0.40715E+02          0.43922E+01
         0.40702E+02          0.44413E+01
         0.40688E+02          0.44585E+01
         0.40675E+02          0.44662E+01
         0.40661E+02          0.44725E+01
         0.40648E+02          0.44837E+01
         0.40635E+02          0.43750E+01
         0.40622E+02          0.44356E+01
         0.40608E+02          0.44507E+01
         0.40595E+02          0.44614E+01
         0.40582E+02          0.43820E+01
         0.40568E+02          0.44291E+01
         0.40555E+02          0.44467E+01
         0.40542E+02          0.43828E+01
         0.40529E+02          0.44284E+01
         0.40515E+02          0.44534E+01
         0.40502E+02          0.44224E+01
         0.40489E+02          0.43472E+01
         0.40476E+02          0.44354E+01
         0.40462E+02          0.44255E+01
         0.40449E+02          0.44269E+01
         0.40436E+02          0.43481E+01
         0.40423E+02          0.44252E+01
         0.40410E+02          0.44134E+01
         0.40397E+02          0.43688E+01
         0.40383E+02          0.44108E+01
         0.40370E+02          0.43815E+01
         0.40357E+02          0.43862E+01
         0.40344E+02          0.43834E+01
         0.40331E+02          0.43806E+01
         0.40318E+02          0.43778E+01
         0.40305E+02          0.43750E+01
         0.40291E+02          0.43722E+01
         0.40278E+02          0.43695E+01
         0.40265E+02          0.43667E+01
         0.40252E+02          0.43640E+01
         0.40239E+02          0.43612E+01
         0.40226E+02          0.43585E+01
         0.40213E+02          0.43557E+01
         0.40200E+02          0.43530E+01
         0.40187E+02          0.43503E+01
         0.40174E+02          0.43476E+01
         0.40161E+02          0.43449E+01
         0.40148E+02          0.43422E+01
         0.40135E+02          0.43395E+01
         0.40122E+02          0.43368E+01
         0.40109E+02          0.43341E+01
         0.40096E+02          0.43314E+01
         0.40083E+02          0.43287E+01
         0.40070E+02          0.43260E+01
         0.40057E+02          0.43233E+01
         0.40044E+02          0.43206E+01
         0.40031E+02          0.43179E+01
         0.40018E+02          0.43152E+01
         0.40005E+02          0.43124E+01
         0.39993E+02          0.43097E+01
         0.39980E+02          0.43069E+01
         0.39967E+02          0.43041E+01
         0.39954E+02          0.43012E+01
         0.39941E+02          0.42983E+01
         0.39928E+02          0.42954E+01
         0.39915E+02          0.42924E+01
         0.39902E+02          0.42894E+01
         0.39890E+02          0.42865E+01
         0.39877E+02          0.42844E+01
         0.39864E+02          0.42852E+01
         0.39851E+02          0.42956E+01
         0.39838E+02          0.43120E+01
         0.39826E+02          0.43031E+01
         0.39813E+02          0.42848E+01
         0.39800E+02          0.42689E+01
         0.39787E+02          0.43005E+01
         0.39774E+02          0.43052E+01
         0.39762E+02          0.42916E+01
         0.39749E+02          0.42645E+01
         0.39736E+02          0.42678E+01
         0.39723E+02          0.42673E+01
         0.39711E+02          0.42654E+01
         0.39698E+02          0.42631E+01
         0.39685E+02          0.42606E+01
         0.39673E+02          0.42582E+01
         0.39660E+02          0.42557E+01
         0.39647E+02          0.42533E+01
         0.39635E+02          0.42508E+01
         0.39622E+02          0.42484E+01
         0.39609E+02          0.42461E+01
         0.39597E+02          0.42437E+01
         0.39584E+02          0.42414E+01
         0.39571E+02          0.42391E+01
         0.39559E+02          0.42368E+01
         0.39546E+02          0.42345E+01
         0.39534E+02          0.42323E+01
         0.39521E+02          0.42300E+01
         0.39508E+02          0.42278E+01
         0.39496E+02          0.42256E+01
         0.39483E+02          0.42234E+01
         0.39471E+02          0.42212E+01
         0.39458E+02          0.42191E+01
         0.39445E+02          0.42169E+01
         0.39433E+02          0.42148E+01
         0.39420E+02          0.42127E+01
         0.39408E+02          0.42106E+01
         0.39395E+02          0.42086E+01
         0.39383E+02          0.42066E+01
         0.39370E+02          0.42048E+01
         0.39358E+02          0.42042E+01
         0.39345E+02          0.41892E+01
         0.39333E+02          0.41962E+01
         0.39320E+02          0.41946E+01
         0.39308E+02          0.41926E+01
         0.39295E+02          0.41905E+01
         0.39283E+02          0.41883E+01
         0.39271E+02          0.41860E+01
         0.39258E+02          0.41836E+01
         0.39246E+02          0.41811E+01
         0.39233E+02          0.41783E+01
         0.39221E+02          0.41754E+01
         0.39208E+02          0.41750E+01
         0.39196E+02          0.42016E+01
         0.39184E+02          0.41779E+01
         0.39171E+02          0.42044E+01
         0.39159E+02          0.41737E+01
         0.39147E+02          0.41723E+01
         0.39134E+02          0.41716E+01
         0.39122E+02          0.41696E+01
         0.39110E+02          0.41674E+01
         0.39097E+02          0.41653E+01
         0.39085E+02          0.41633E+01
         0.39073E+02          0.41613E+01
         0.39060E+02          0.41593E+01
         0.39048E+02          0.41574E+01
         0.39036E+02          0.41555E+01
         0.39023E+02          0.41536E+01
         0.39011E+02          0.41518E+01
         0.38999E+02          0.41501E+01
         0.38987E+02          0.41486E+01
         0.38974E+02          0.41494E+01
         0.38962E+02          0.41421E+01
         0.38950E+02          0.41410E+01
         0.38938E+02          0.41391E+01
         0.38925E+02          0.41369E+01
         0.38913E+02          0.41342E+01
         0.38901E+02          0.41311E+01
         0.38889E+02          0.41572E+01
         0.38877E+02          0.41610E+01
         0.38864E+02          0.41326E+01
         0.38852E+02          0.41326E+01
         0.38840E+02          0.41305E+01
         0.38828E+02          0.41285E+01
         0.38816E+02          0.41266E+01
         0.38804E+02          0.41248E+01
         0.38791E+02          0.41231E+01
         0.38779E+02          0.41217E+01
         0.38767E+02          0.41302E+01
         0.38755E+02          0.41161E+01
         0.38743E+02          0.41141E+01
         0.38731E+02          0.41108E+01
         0.38719E+02          0.41304E+01
         0.38707E+02          0.41085E+01
         0.38695E+02          0.41127E+01
         0.38682E+02          0.41106E+01
         0.38670E+02          0.41087E+01
         0.38658E+02          0.41071E+01
         0.38646E+02          0.41157E+01
         0.38634E+02          0.41017E+01
         0.38622E+02          0.40982E+01
         0.38610E+02          0.41237E+01
         0.38598E+02          0.41013E+01
         0.38586E+02          0.40992E+01
         0.38574E+02          0.40976E+01
         0.38562E+02          0.40937E+01
         0.38550E+02          0.40899E+01
         0.38538E+02          0.40948E+01
         0.38526E+02          0.40925E+01
         0.38514E+02          0.41018E+01
         0.38502E+02          0.40849E+01
         0.38490E+02          0.40893E+01
         0.38478E+02          0.40875E+01
         0.38466E+02          0.40823E+01
         0.38454E+02          0.40849E+01
         0.38443E+02          0.40800E+01
         0.38431E+02          0.40823E+01
         0.38419E+02          0.40992E+01
         0.38407E+02          0.40768E+01
         0.38395E+02          0.40760E+01
         0.38383E+02          0.40729E+01
         0.38371E+02          0.40762E+01
         0.38359E+02          0.40751E+01
         0.38347E+02          0.40775E+01
         0.38336E+02          0.40725E+01
         0.38324E+02          0.40711E+01
         0.38312E+02          0.40708E+01
         0.38300E+02          0.40696E+01
         0.38288E+02          0.40685E+01
         0.38276E+02          0.40674E+01
         0.38265E+02          0.40663E+01
         0.38253E+02          0.40652E+01
         0.38241E+02          0.40641E+01
         0.38229E+02          0.40630E+01
         0.38217E+02          0.40620E+01
         0.38206E+02          0.40609E+01
         0.38194E+02          0.40598E+01
         0.38182E+02          0.40588E+01
         0.38170E+02          0.40578E+01
         0.38159E+02          0.40567E+01
         0.38147E+02          0.40557E+01
         0.38135E+02          0.40547E+01
         0.38123E+02          0.40537E+01
         0.38112E+02          0.40527E+01
         0.38100E+02          0.40517E+01
         0.38088E+02          0.40508E+01
         0.38077E+02          0.40498E+01
         0.38065E+02          0.40488E+01
         0.38053E+02          0.40479E+01
         0.38042E+02          0.40470E+01
         0.38030E+02          0.40460E+01
         0.38018E+02          0.40451E+01
         0.38007E+02          0.40442E+01
         0.37995E+02          0.40433E+01
         0.37983E+02          0.40424E+01
         0.37972E+02          0.40415E+01
         0.37960E+02          0.40406E+01
         0.37948E+02          0.40397E+01
         0.37937E+02          0.40389E+01
         0.37925E+02          0.40380E+01
         0.37914E+02          0.40372E+01
         0.37902E+02          0.40363E+01
         0.37890E+02          0.40355E+01
         0.37879E+02          0.40347E+01
         0.37867E+02          0.40338E+01
         0.37856E+02          0.40330E+01
         0.37844E+02          0.40322E+01
         0.37833E+02          0.40314E+01
         0.37821E+02          0.40307E+01
         0.37810E+02          0.40299E+01
         0.37798E+02          0.40291E+01
         0.37786E+02          0.40283E+01
         0.37775E+02          0.40276E+01
         0.37763E+02          0.40268E+01
         0.37752E+02          0.40261E+01
         0.37740E+02          0.40254E+01
         0.37729E+02          0.40247E+01
         0.37717E+02          0.40239E+01
         0.37706E+02          0.40232E+01
         0.37695E+02          0.40225E+01
         0.37683E+02          0.40218E+01
         0.37672E+02          0.40212E+01
         0.37660E+02          0.40205E+01
         0.37649E+02          0.40198E+01
         0.37637E+02          0.40192E+01
         0.37626E+02          0.40185E+01
         0.37614E+02          0.40179E+01
         0.37603E+02          0.40172E+01
         0.37592E+02          0.40166E+01
         0.37580E+02          0.40160E+01
         0.37569E+02          0.40154E+01
         0.37558E+02          0.40147E+01
         0.37546E+02          0.40141E+01
         0.37535E+02          0.40135E+01
         0.37523E+02          0.40130E+01
         0.37512E+02          0.40124E+01
         0.37501E+02          0.40118E+01
         0.37489E+02          0.40112E+01
         0.37478E+02          0.40107E+01
         0.37467E+02          0.40101E+01
         0.37455E+02          0.40096E+01
         0.37444E+02          0.40091E+01
         0.37433E+02          0.40085E+01
         0.37421E+02          0.40080E+01
         0.37410E+02          0.40075E+01
         0.37399E+02          0.40070E+01
         0.37388E+02          0.40065E+01
         0.37376E+02          0.40060E+01
         0.37365E+02          0.40055E+01
         0.37354E+02          0.40050E+01
         0.37343E+02          0.40045E+01
         0.37331E+02          0.40041E+01
         0.37320E+02          0.40036E+01
         0.37309E+02          0.40032E+01
         0.37298E+02          0.40027E+01
         0.37286E+02          0.40023E+01
         0.37275E+02          0.40018E+01
         0.37264E+02          0.40014E+01
         0.37253E+02          0.40010E+01
         0.37242E+02          0.40006E+01
         0.37230E+02          0.40002E+01
         0.37219E+02          0.39998E+01
         0.37208E+02          0.39994E+01
         0.37197E+02          0.39990E+01
         0.37186E+02          0.39986E+01
         0.37175E+02          0.39983E+01
         0.37164E+02          0.39979E+01
         0.37152E+02          0.39975E+01
         0.37141E+02          0.39972E+01
         0.37130E+02          0.39968E+01
         0.37119E+02          0.39965E+01
         0.37108E+02          0.39962E+01
         0.37097E+02          0.39958E+01
         0.37086E+02          0.39955E+01
         0.37075E+02          0.39952E+01
         0.37064E+02          0.39949E+01
         0.37052E+02          0.39946E+01
         0.37041E+02          0.39943E+01
         0.37030E+02          0.39940E+01
         0.37019E+02          0.39937E+01
         0.37008E+02          0.39935E+01
         0.36997E+02          0.39932E+01
         0.36986E+02          0.39930E+01
         0.36975E+02          0.39927E+01
         0.36964E+02          0.39925E+01
         0.36953E+02          0.39922E+01
         0.36942E+02          0.39920E+01
         0.36931E+02          0.39918E+01
         0.36920E+02          0.39915E+01
         0.36909E+02          0.39913E+01
         0.36898E+02          0.39911E+01
         0.36887E+02          0.39909E+01
         0.36876E+02          0.39907E+01
         0.36865E+02          0.39906E+01
         0.36854E+02          0.39904E+01
         0.36843E+02          0.39902E+01
         0.36832E+02          0.39901E+01
         0.36821E+02          0.39899E+01
         0.36810E+02          0.39897E+01
         0.36800E+02          0.39896E+01
         0.36789E+02          0.39895E+01
         0.36778E+02          0.39894E+01
         0.36767E+02          0.39892E+01
         0.36756E+02          0.39891E+01
         0.36745E+02          0.39890E+01
         0.36734E+02          0.39889E+01
         0.36723E+02          0.39888E+01
         0.36712E+02          0.39888E+01
         0.36701E+02          0.39887E+01
         0.36691E+02          0.39886E+01
         0.36680E+02          0.39886E+01
         0.36669E+02          0.39885E+01
         0.36658E+02          0.39885E+01
         0.36647E+02          0.39885E+01
         0.36636E+02          0.39884E+01
         0.36626E+02          0.39884E+01
         0.36615E+02          0.39884E+01
         0.36604E+02          0.39884E+01
         0.36593E+02          0.39884E+01
         0.36582E+02          0.39885E+01
         0.36572E+02          0.39885E+01
         0.36561E+02          0.39885E+01
         0.36550E+02          0.39886E+01
         0.36539E+02          0.39887E+01
         0.36528E+02          0.39887E+01
         0.36518E+02          0.39888E+01
         0.36507E+02          0.39889E+01
         0.36496E+02          0.39890E+01
         0.36485E+02          0.39892E+01
         0.36475E+02          0.39893E+01
         0.36464E+02          0.39894E+01
         0.36453E+02          0.39896E+01
         0.36443E+02          0.39898E+01
         0.36432E+02          0.39900E+01
         0.36421E+02          0.39902E+01
         0.36410E+02          0.39904E+01
         0.36400E+02          0.39906E+01
         0.36389E+02          0.39908E+01
         0.36378E+02          0.39911E+01
         0.36368E+02          0.39914E+01
         0.36357E+02          0.39917E+01
         0.36346E+02          0.39920E+01
         0.36336E+02          0.39923E+01
         0.36325E+02          0.39926E+01
         0.36314E+02          0.39930E+01
         0.36304E+02          0.39934E+01
         0.36293E+02          0.39938E+01
         0.36283E+02          0.39942E+01
         0.36272E+02          0.39946E+01
         0.36261E+02          0.39951E+01
         0.36251E+02          0.39956E+01
         0.36240E+02          0.39961E+01
         0.36230E+02          0.39966E+01
         0.36219E+02          0.39972E+01
         0.36208E+02          0.39978E+01
         0.36198E+02          0.39984E+01
         0.36187E+02          0.39991E+01
         0.36177E+02          0.39998E+01
         0.36166E+02          0.40005E+01
         0.36156E+02          0.40013E+01
         0.36145E+02          0.40020E+01
         0.36135E+02          0.40029E+01
         0.36124E+02          0.40037E+01
         0.36113E+02          0.40046E+01
         0.36103E+02          0.40056E+01
         0.36092E+02          0.40066E+01
         0.36082E+02          0.40076E+01
         0.36071E+02          0.40087E+01
         0.36061E+02          0.40099E+01
         0.36050E+02          0.40111E+01
         0.36040E+02          0.40124E+01
         0.36030E+02          0.40137E+01
         0.36019E+02          0.40151E+01
         0.36009E+02          0.40166E+01
         0.35998E+02          0.40181E+01
         0.35988E+02          0.40197E+01
         0.35977E+02          0.40214E+01
         0.35967E+02          0.40232E+01
         0.35956E+02          0.40251E+01
         0.35946E+02          0.40270E+01
         0.35936E+02          0.40291E+01
         0.35925E+02          0.40313E+01
         0.35915E+02          0.40336E+01
         0.35904E+02          0.40361E+01
         0.35894E+02          0.40387E+01
         0.35884E+02          0.40414E+01
         0.35873E+02          0.40442E+01
         0.35863E+02          0.40473E+01
         0.35852E+02          0.40505E+01
         0.35842E+02          0.40539E+01
         0.35832E+02          0.40576E+01
         0.35821E+02          0.40614E+01
         0.35811E+02          0.40655E+01
         0.35801E+02          0.40698E+01
         0.35790E+02          0.40745E+01
         0.35780E+02          0.40794E+01
         0.35770E+02          0.40847E+01
         0.35759E+02          0.40903E+01
         0.35749E+02          0.40963E+01
         0.35739E+02          0.41028E+01
         0.35728E+02          0.41097E+01
         0.35718E+02          0.41172E+01
         0.35708E+02          0.41252E+01
         0.35698E+02          0.41339E+01
         0.35687E+02          0.41432E+01
         0.35677E+02          0.41534E+01
         0.35667E+02          0.41644E+01
         0.35657E+02          0.41764E+01
         0.35646E+02          0.41894E+01
         0.35636E+02          0.42037E+01
         0.35626E+02          0.42194E+01
         0.35616E+02          0.42366E+01
         0.35605E+02          0.42556E+01
         0.35595E+02          0.42767E+01
         0.35585E+02          0.43000E+01
         0.35575E+02          0.43261E+01
         0.35564E+02          0.43552E+01
         0.35554E+02          0.43878E+01
         0.35544E+02          0.44246E+01
         0.35534E+02          0.44662E+01
         0.35524E+02          0.45135E+01
         0.35514E+02          0.45672E+01
         0.35503E+02          0.46285E+01
         0.35493E+02          0.46985E+01
         0.35483E+02          0.47781E+01
         0.35473E+02          0.48681E+01
         0.35463E+02          0.49687E+01
         0.35453E+02          0.50785E+01
         0.35442E+02          0.51935E+01
         0.35432E+02          0.53058E+01
         0.35422E+02          0.54024E+01
         0.35412E+02          0.54656E+01
         0.35402E+02          0.54775E+01
         0.35392E+02          0.54277E+01
         0.35382E+02          0.53204E+01
         0.35372E+02          0.51748E+01
         0.35362E+02          0.50167E+01
         0.35352E+02          0.48689E+01
         0.35341E+02          0.47462E+01
         0.35331E+02          0.46553E+01
         0.35321E+02          0.45982E+01
         0.35311E+02          0.45747E+01
         0.35301E+02          0.45840E+01
         0.35291E+02          0.46244E+01
         0.35281E+02          0.46904E+01
         0.35271E+02          0.47641E+01
         0.35261E+02          0.48044E+01
         0.35251E+02          0.47581E+01
         0.35241E+02          0.46161E+01
         0.35231E+02          0.44411E+01
         0.35221E+02          0.42992E+01
         0.35211E+02          0.42117E+01
         0.35201E+02          0.41719E+01
         0.35191E+02          0.41674E+01
         0.35181E+02          0.41887E+01
         0.35171E+02          0.42300E+01
         0.35161E+02          0.42882E+01
         0.35151E+02          0.43617E+01
         0.35141E+02          0.44502E+01
         0.35131E+02          0.45537E+01
         0.35121E+02          0.46722E+01
         0.35111E+02          0.48052E+01
         0.35101E+02          0.49517E+01
         0.35091E+02          0.51090E+01
         0.35081E+02          0.52727E+01
         0.35072E+02          0.54367E+01
         0.35062E+02          0.55933E+01
         0.35052E+02          0.57341E+01
         0.35042E+02          0.58523E+01
         0.35032E+02          0.59435E+01
         0.35022E+02          0.60019E+01
         0.35012E+02          0.59990E+01
         0.35002E+02          0.59068E+01
         0.34992E+02          0.57839E+01
         0.34982E+02          0.56683E+01
         0.34973E+02          0.55569E+01
         0.34963E+02          0.54468E+01
         0.34953E+02          0.53388E+01
         0.34943E+02          0.52346E+01
         0.34933E+02          0.51357E+01
         0.34923E+02          0.50431E+01
         0.34914E+02          0.49571E+01
         0.34904E+02          0.48779E+01
         0.34894E+02          0.48053E+01
         0.34884E+02          0.47390E+01
         0.34874E+02          0.46784E+01
         0.34864E+02          0.46231E+01
         0.34855E+02          0.45727E+01
         0.34845E+02          0.45266E+01
         0.34835E+02          0.44845E+01
         0.34825E+02          0.44460E+01
         0.34815E+02          0.44107E+01
         0.34806E+02          0.43782E+01
         0.34796E+02          0.43483E+01
         0.34786E+02          0.43208E+01
         0.34776E+02          0.42953E+01
         0.34767E+02          0.42718E+01
         0.34757E+02          0.42499E+01
         0.34747E+02          0.42296E+01
         0.34737E+02          0.42106E+01
         0.34728E+02          0.41930E+01
         0.34718E+02          0.41764E+01
         0.34708E+02          0.41609E+01
         0.34699E+02          0.41464E+01
         0.34689E+02          0.41327E+01
         0.34679E+02          0.41198E+01
         0.34669E+02          0.41077E+01
         0.34660E+02          0.40962E+01
         0.34650E+02          0.40853E+01
         0.34640E+02          0.40750E+01
         0.34631E+02          0.40652E+01
         0.34621E+02          0.40559E+01
         0.34611E+02          0.40470E+01
         0.34602E+02          0.40385E+01
         0.34592E+02          0.40304E+01
         0.34582E+02          0.40227E+01
         0.34573E+02          0.40152E+01
         0.34563E+02          0.40081E+01
         0.34553E+02          0.40013E+01
         0.34544E+02          0.39947E+01
         0.34534E+02          0.39884E+01
         0.34525E+02          0.39823E+01
         0.34515E+02          0.39765E+01
         0.34505E+02          0.39708E+01
         0.34496E+02          0.39654E+01
         0.34486E+02          0.39601E+01
         0.34477E+02          0.39550E+01
         0.34467E+02          0.39501E+01
         0.34457E+02          0.39454E+01
         0.34448E+02          0.39409E+01
         0.34438E+02          0.39366E+01
         0.34429E+02          0.39325E+01
         0.34419E+02          0.39286E+01
         0.34410E+02          0.39252E+01
         0.34400E+02          0.39223E+01
         0.34391E+02          0.39205E+01
         0.34381E+02          0.39209E+01
         0.34371E+02          0.39219E+01
         0.34362E+02          0.39031E+01
         0.34352E+02          0.38921E+01
         0.34343E+02          0.38884E+01
         0.34333E+02          0.38854E+01
         0.34324E+02          0.38825E+01
         0.34314E+02          0.38795E+01
         0.34305E+02          0.38764E+01
         0.34295E+02          0.38733E+01
         0.34286E+02          0.38702E+01
         0.34276E+02          0.38672E+01
         0.34267E+02          0.38641E+01
         0.34258E+02          0.38611E+01
         0.34248E+02          0.38581E+01
         0.34239E+02          0.38551E+01
         0.34229E+02          0.38521E+01
         0.34220E+02          0.38505E+01
         0.34210E+02          0.38510E+01
         0.34201E+02          0.38463E+01
         0.34191E+02          0.38432E+01
         0.34182E+02          0.38404E+01
         0.34173E+02          0.38378E+01
         0.34163E+02          0.38354E+01
         0.34154E+02          0.38331E+01
         0.34144E+02          0.38309E+01
         0.34135E+02          0.38288E+01
         0.34126E+02          0.38269E+01
         0.34116E+02          0.38251E+01
         0.34107E+02          0.38235E+01
         0.34097E+02          0.38220E+01
         0.34088E+02          0.38208E+01
         0.34079E+02          0.38198E+01
         0.34069E+02          0.38190E+01
         0.34060E+02          0.38186E+01
         0.34051E+02          0.38186E+01
         0.34041E+02          0.38189E+01
         0.34032E+02          0.38199E+01
         0.34023E+02          0.38214E+01
         0.34013E+02          0.38237E+01
         0.34004E+02          0.38269E+01
         0.33995E+02          0.38313E+01
         0.33985E+02          0.38372E+01
         0.33976E+02          0.38450E+01
         0.33967E+02          0.38552E+01
         0.33957E+02          0.38686E+01
         0.33948E+02          0.38864E+01
         0.33939E+02          0.39103E+01
         0.33929E+02          0.39428E+01
         0.33920E+02          0.39881E+01
         0.33911E+02          0.40530E+01
         0.33902E+02          0.41496E+01
         0.33892E+02          0.43008E+01
         0.33883E+02          0.45519E+01
         0.33874E+02          0.49978E+01
         0.33865E+02          0.57999E+01
         0.33855E+02          0.67108E+01
         0.33846E+02          0.64439E+01
         0.33837E+02          0.54597E+01
         0.33828E+02          0.46435E+01
         0.33818E+02          0.42049E+01
         0.33809E+02          0.39998E+01
         0.33800E+02          0.39393E+01
         0.33791E+02          0.40142E+01
         0.33781E+02          0.43192E+01
         0.33772E+02          0.45382E+01
         0.33763E+02          0.42354E+01
         0.33754E+02          0.40711E+01
         0.33745E+02          0.39481E+01
         0.33736E+02          0.38582E+01
         0.33726E+02          0.37914E+01
         0.33717E+02          0.37389E+01
         0.33708E+02          0.36937E+01
         0.33699E+02          0.37255E+01
         0.73792E+02          0.00000E+00
