           1             (-1.1767801527933111,0.23771981925900826)  (-1.70965991293194027E-015,4.43527520595476864E-016)  (3.21071447804084073E-011,-4.67534306263603072E-012)
           2 (-3.64066681232088908E-011,-4.58128345148437619E-011) (-1.62127589789370003E-011,-2.16551906600161268E-011)       (-4.39419150194875624E-002,0.24520696937260567)
           3        (3.84255310017608681E-002,0.46882725720792029)   (2.40315344094810291E-016,5.58836718096377685E-016) (-1.04679307936801647E-012,-8.30240054451737517E-012)
           4               (0.0000000000000000,0.0000000000000000)               (0.0000000000000000,0.0000000000000000)               (0.0000000000000000,0.0000000000000000)
           5              (1.3793830003472456,0.26570078834027433) (-2.59829762005165665E-015,-7.82611106295691719E-016) (-4.46839396370174509E-011,-1.12606056254836550E-011)
           6  (-1.35253864883631165E-011,3.35182213480473369E-011)  (-5.63692651173696092E-012,1.41438757112712410E-011)            (-0.48824763266827975,0.44547113608115896)
           7           (-0.49402786205045629,-0.50881409153233181)   (7.60117351750044627E-016,1.23185109760994935E-015)   (1.39139248674965479E-011,1.22564741617331888E-011)
           8               (0.0000000000000000,0.0000000000000000)               (0.0000000000000000,0.0000000000000000)               (0.0000000000000000,0.0000000000000000)
           9 (-1.04250970402069911E-015,-3.02555226755835758E-016)              (1.3835146181028470,0.29657790541430845) (-4.29186409127484618E-011,-1.35268113242236532E-011)
          10 (-9.36658164893956577E-012,-8.89790484057547285E-015) (-2.30801225051244128E-012,-5.17023580693505464E-015)   (1.08757869336509005E-004,3.10706221491840984E-005)
          11      (-0.31170415493153919,-9.59109037535069153E-002)  (-1.43670637210775107E-018,9.98105408624861589E-017)   (5.48426546499793211E-011,4.49161094160970977E-012)
          12   (4.46050736204306127E-011,9.29360526249744789E-013)   (1.85532016793508641E-011,3.59896444672529261E-013)       (0.31282810938402467,-6.26787672853790362E-002)
          13        (0.21130662409980766,8.10892193426477059E-002)   (7.07482830723448084E-017,7.06953098694011141E-018) (-4.13714682232564117E-011,-2.57362168046494265E-012)
          14               (0.0000000000000000,0.0000000000000000)               (0.0000000000000000,0.0000000000000000)               (0.0000000000000000,0.0000000000000000)
          15  (2.70819552621777062E-016,-2.46051020088379700E-017)           (-0.32354359287001661,-0.12729153775024443) (-8.36748201797166986E-012,-1.20890006042756023E-012)
          16               (0.0000000000000000,0.0000000000000000)               (0.0000000000000000,0.0000000000000000)               (0.0000000000000000,0.0000000000000000)
          17               (0.0000000000000000,0.0000000000000000)               (0.0000000000000000,0.0000000000000000)               (0.0000000000000000,0.0000000000000000)
          18   (8.41900559513982900E-013,5.20077697846471589E-014) (-2.67044796553095923E-012,-2.35472989837480249E-013)   (2.02516402585269141E-005,1.16107351034162003E-005)
          19   (3.84124307477308607E-002,1.55194493534351764E-002)  (-5.25905576776830052E-017,1.07719683721346453E-017) (-1.08339407691182214E-011,-1.75865899556931118E-012)
          20 (-9.23085017906058004E-012,-2.35030818118086284E-012) (-2.44429143081476375E-012,-1.09839486952039728E-012)  (-2.14346390818910375E-002,2.46877449171232187E-002)
          21 (-3.33688116807558874E-002,-1.08470560572068234E-002)  (-6.93064162424339764E-017,1.64207443057618375E-017)   (9.06359019185942021E-012,9.22569966502863657E-013)
          22               (0.0000000000000000,0.0000000000000000)               (0.0000000000000000,0.0000000000000000)               (0.0000000000000000,0.0000000000000000)
          23  (2.81820545827796294E-017,-1.96866537159096849E-017)   (3.95523447160916197E-002,1.88252985716314651E-002)  (-6.02388428093543355E-014,2.37922526563990996E-014)
          24               (0.0000000000000000,0.0000000000000000)               (0.0000000000000000,0.0000000000000000)               (0.0000000000000000,0.0000000000000000)
          25               (0.0000000000000000,0.0000000000000000)               (0.0000000000000000,0.0000000000000000)               (0.0000000000000000,0.0000000000000000)
          26 (-7.68518849103988141E-003,-9.14953152782489731E-003)   (3.33296665792585336E-016,1.01044032369413703E-016) (-9.51837746327238942E-013,-5.00264848778707310E-013)
          27   (7.09989583207898123E-002,8.68614888459270512E-002)  (9.42150021871859650E-017,-1.03147313376668347E-016) (-2.49753572784640789E-012,-1.31038028814377177E-012)
          28               (0.0000000000000000,0.0000000000000000)               (0.0000000000000000,0.0000000000000000)               (0.0000000000000000,0.0000000000000000)
          29               (0.0000000000000000,0.0000000000000000)               (0.0000000000000000,0.0000000000000000)               (0.0000000000000000,0.0000000000000000)
          30 (-3.21131682409763233E-016,-7.04199260926075390E-017)   (2.16931893509673436E-002,4.20087926474854625E-003)  (-3.17946049701748090E-012,1.13900340716771674E-012)
          31               (0.0000000000000000,0.0000000000000000)               (0.0000000000000000,0.0000000000000000)               (0.0000000000000000,0.0000000000000000)
          32               (0.0000000000000000,0.0000000000000000)               (0.0000000000000000,0.0000000000000000)               (0.0000000000000000,0.0000000000000000)
          33   (9.38309286928635557E-003,1.36809758118113210E-002)  (-3.87214791920350637E-016,1.01321235692778534E-016)  (8.21258748476549055E-013,-9.36681777010300131E-013)
          34               (0.0000000000000000,0.0000000000000000)               (0.0000000000000000,0.0000000000000000)               (0.0000000000000000,0.0000000000000000)
          35   (4.32099982525576166E-016,1.68361325121191859E-016)      (-0.20088329489204576,-5.37800922668953268E-002) (-3.20603142700753083E-012,-4.81346746639571719E-012)
          36 (-1.50750330538181445E-012,-1.19511704247546177E-013)   (2.93900203423906931E-012,2.37368427874790717E-013)   (4.70360882161835255E-006,1.24006616698291007E-005)
          37      (-0.16130983912680000,-4.57344407501704547E-002) (-8.31908504101572937E-016,-2.77324956470887594E-016) (-2.27889559755388011E-012,-2.38975575189933076E-012)
          38  (-1.43919431622822761E-003,2.53185294642634953E-004) (-4.35947910973985466E-017,-2.56914168739409438E-017) (-3.11153692523647089E-013,-5.10733964406545139E-013)
          39  (1.31018459619176883E-011,-1.12500073722874792E-013)  (1.18924145228085494E-012,-1.33443022245598384E-013)   (5.01078648714162509E-005,4.11329907742588512E-005)
          40 (-1.39353304330389329E-013,-6.51526153082759063E-014)  (-7.36607865787061977E-014,1.07742614877295431E-013)  (-2.91575944392217243E-003,1.87778754464210172E-003)
          41   (4.38811120366383658E-002,1.47339999991697602E-002)  (-1.51947776399883192E-016,3.17203760063619236E-016)  (1.30249246154947178E-012,-8.38012727683291248E-013)
          42   (2.43751832397878267E-003,3.79311629382379127E-004) (-2.90584152792505233E-017,-2.05559796884777080E-017)   (3.59957227790496701E-013,3.80029592374450658E-013)
          43   (1.43479299004149255E-002,6.52840958880113523E-003)   (5.56332628219161425E-016,1.46150511250199064E-016)  (-3.64266645624356334E-013,1.25516768240716637E-012)
          44               (0.0000000000000000,0.0000000000000000)               (0.0000000000000000,0.0000000000000000)               (0.0000000000000000,0.0000000000000000)
          45  (-8.39970216809622609E-012,6.50702498210922995E-012) (-2.95332082878471991E-012,-1.58393782558512544E-014) (-3.43626870428641457E-002,-1.52625433383757770E-002)
          46   (5.78782251980706743E-017,9.25447681903929733E-018)  (-3.29034717506703498E-003,5.67502233950699635E-004) (-2.12570526127221793E-012,-7.01210255476816191E-013)
          47 (-6.98415027679126248E-013,-1.33926261219944241E-012)  (9.84015803715627538E-013,-5.73499259549489879E-013)   (3.15564163309167492E-002,1.43895563348427433E-002)
          48               (0.0000000000000000,0.0000000000000000)               (0.0000000000000000,0.0000000000000000)               (0.0000000000000000,0.0000000000000000)
          49   (1.25943554530714693E-011,1.52681534119371788E-011)   (5.87221871114703934E-012,7.07100294311659326E-012) (-1.25031432694623339E-002,-5.02509682218312166E-003)
          50               (0.0000000000000000,0.0000000000000000)               (0.0000000000000000,0.0000000000000000)               (0.0000000000000000,0.0000000000000000)
          51               (0.0000000000000000,0.0000000000000000)               (0.0000000000000000,0.0000000000000000)               (0.0000000000000000,0.0000000000000000)
          52               (0.0000000000000000,0.0000000000000000)               (0.0000000000000000,0.0000000000000000)               (0.0000000000000000,0.0000000000000000)
          53   (5.39254647843672730E-013,5.73404302916036346E-013)  (-1.71562451791074011E-014,3.78776544540773863E-013)  (-1.74408381899516162E-003,1.32519189552162656E-003)
          54   (1.51355548258433389E-012,1.13102456066086202E-013) (-1.91888182492924439E-012,-1.49356836589232442E-013)  (1.90306891014407239E-006,-2.43994963576335190E-006)
          55               (0.0000000000000000,0.0000000000000000)               (0.0000000000000000,0.0000000000000000)               (0.0000000000000000,0.0000000000000000)
          56  (2.97184896692940790E-012,-1.03580591757829042E-011)  (1.46501641616770076E-012,-5.24916344732443644E-012) (-8.61069762176747307E-003,-5.30809941509485642E-004)
          57  (2.04992490450260758E-004,-8.33241189760343262E-004)  (5.64424196301548586E-018,-4.06026454202009618E-018)  (-8.06964282717259491E-015,2.75717155738780385E-014)
          58   (8.34867175422997730E-003,2.73225940500384980E-003) (-2.72889812380890698E-017,-2.52466412783801073E-017)  (-2.18002953293408897E-013,2.70541407000645049E-014)
          59 (-7.59424953400236916E-017,-2.86026065443848673E-017)   (4.38677094600561646E-002,1.10410620051080034E-002)   (8.09634764016127427E-014,6.06504724376120623E-013)
          60  (-1.16741370932665764E-013,1.01410999928510172E-013) (-9.83624912554876710E-014,-7.31338730293989053E-015) (-4.25766228451355871E-004,-8.08122167612898047E-004)
          61  (-1.87001874834845927E-002,3.60033162162693432E-002)  (7.77704431143162952E-017,-8.09224176648320548E-017)  (-1.37011568103026910E-013,5.87391906405565061E-013)
          62               (0.0000000000000000,0.0000000000000000)               (0.0000000000000000,0.0000000000000000)               (0.0000000000000000,0.0000000000000000)
          63 (-2.59192754070411207E-003,-2.36484541467963939E-004)  (6.40045184868303643E-018,-4.63042761579058148E-018)  (1.65604544884858283E-014,-1.51357725086968978E-014)
          64 (-3.84610041294857407E-003,-5.55758638537072122E-003)  (6.49286930263900208E-016,-1.68884258335001915E-016)  (-4.44520316253340548E-013,8.33707043945534812E-013)
          65  (3.81048524983047234E-012,-2.62491732123910192E-014)   (1.74616742959441080E-011,1.07907834852970605E-014) (-9.15958549202167794E-006,-9.34130132676890493E-006)
          66               (0.0000000000000000,0.0000000000000000)               (0.0000000000000000,0.0000000000000000)               (0.0000000000000000,0.0000000000000000)
          67   (2.24967881120648083E-016,1.21523636843159983E-016)   (2.99501474597810378E-003,1.15065620555517955E-002)   (2.46042542161743483E-011,2.98776909926393829E-012)
          68 (-4.10350550159661945E-002,-1.06374393279379982E-002) (-2.68944528889088169E-016,-1.77797545273998902E-016)  (1.56726267089632028E-012,-3.34011317612858203E-013)
          69 (-3.70691603650909108E-017,-7.01278414085507306E-018) (-4.89609996429105467E-004,-1.91582934851304565E-003) (-4.82568139936546936E-012,-7.80393196623011218E-013)
          70  (1.54355402479604935E-002,-2.65670172230324155E-003)   (1.12211790731634624E-015,3.12352753573038368E-016)  (2.29733540421255980E-013,-1.84904495007928650E-013)
          71               (0.0000000000000000,0.0000000000000000)               (0.0000000000000000,0.0000000000000000)               (0.0000000000000000,0.0000000000000000)
          72               (0.0000000000000000,0.0000000000000000)               (0.0000000000000000,0.0000000000000000)               (0.0000000000000000,0.0000000000000000)
          73  (-3.14552587915842413E-005,3.60044488141195249E-003) (-6.63839025445698334E-017,-5.83060911754140825E-017)   (4.24610086676938423E-013,1.70248479557452386E-014)
          74   (2.21144334614895875E-011,3.72315031813993694E-011)   (8.61743050251620573E-012,1.47707106997839194E-011)  (-1.37528971746070508E-004,8.95300004177391855E-003)
          75               (0.0000000000000000,0.0000000000000000)               (0.0000000000000000,0.0000000000000000)               (0.0000000000000000,0.0000000000000000)
          76  (-5.55156801196652000E-004,1.80911193259219788E-004)   (2.99262164122448533E-017,1.79017654550990068E-017)   (8.83332186819540608E-014,6.22706416481881669E-015)
          77  (4.81580506956443954E-003,-7.91394416283514230E-004) (-3.07537006086058543E-016,-4.41310233359179768E-017) (-5.56145355193595799E-013,-7.04945143395009754E-014)
          78 (-7.42869348846359346E-003,-4.59604999860666833E-003) (-5.20352974695590332E-016,-1.36438550132803175E-016)   (6.30677050660515137E-013,9.24714871149408203E-014)
          79   (1.61022417617792893E-016,2.60722205238854346E-017)  (1.23056834568244212E-003,-6.30207391001705135E-003) (-1.68504149268635167E-011,-2.05048207477072834E-012)
          80  (8.45087185169158266E-014,-2.98907340384603957E-014)  (3.52532318771891813E-014,-3.55077781900851110E-014)  (3.76591194907786864E-004,-4.42125979773089510E-004)
          81               (0.0000000000000000,0.0000000000000000)               (0.0000000000000000,0.0000000000000000)               (0.0000000000000000,0.0000000000000000)
          82   (2.82941293932521910E-017,9.85930605424061190E-018) (-2.32581732724670108E-002,-5.39687115330328600E-003)  (3.59479081066697578E-013,-3.25821974218474401E-014)
          83 (-7.67140010583495533E-013,-2.90704143081320231E-013) (-2.78854016055624617E-013,-2.12844992457078771E-013)  (-4.62761251138256013E-003,6.01735430192421126E-004)
          84  (1.27649577923509127E-003,-2.33020277985092507E-004)   (1.64779505745915641E-017,1.80636193941967879E-017)  (-7.73869694465328808E-014,6.33751684632553014E-016)
          85               (0.0000000000000000,0.0000000000000000)               (0.0000000000000000,0.0000000000000000)               (0.0000000000000000,0.0000000000000000)
          86  (2.05633423234054952E-002,-4.82422469284549994E-003)   (1.10601273871868205E-016,1.19927053108845653E-016)  (-4.54418810396860443E-013,3.30794241606116200E-013)
          87 (-2.68648149574453531E-011,-2.55404550786117371E-011) (-1.38123014597451368E-011,-1.35479983287606473E-011) (-2.55628258837099602E-003,-7.71978843575722934E-004)
          88               (0.0000000000000000,0.0000000000000000)               (0.0000000000000000,0.0000000000000000)               (0.0000000000000000,0.0000000000000000)
          89   (1.05367404234360355E-002,4.82786671633163300E-003)  (-1.35584562610077012E-017,9.97120193552173317E-017) (-2.17144427523181048E-013,-3.58856885882756352E-013)
          90               (0.0000000000000000,0.0000000000000000)               (0.0000000000000000,0.0000000000000000)               (0.0000000000000000,0.0000000000000000)
          91 (-5.41763386294089738E-003,-5.89798925389245287E-005) (-1.62777676162277907E-016,-4.87496643823246002E-017)  (4.02403681669812625E-013,-4.76978985952810318E-015)
          92 (-2.95907111113152379E-017,-1.03895053587322787E-017)   (4.20115961932741617E-004,7.60373975600910556E-004)   (5.47276177056828254E-012,9.52721847986350030E-013)
          93  (-1.17534798011368681E-011,1.48236178003460311E-013)  (-2.35956453178808156E-011,1.09294054268069485E-013) (-2.05026654402522797E-005,-1.62450698199209268E-005)
          94   (1.60037890679541905E-012,8.60647683774792688E-012)   (5.85409531361452549E-013,6.08373446209582869E-012)  (9.72746048468999154E-003,-6.19525776934398351E-003)
          95 (-1.13560241799015818E-012,-7.56022661818950522E-014)   (3.00455238942007989E-013,1.42436288332341113E-014) (-1.11350584860049982E-006,-5.00225049779717558E-006)
          96               (0.0000000000000000,0.0000000000000000)               (0.0000000000000000,0.0000000000000000)               (0.0000000000000000,0.0000000000000000)
          97               (0.0000000000000000,0.0000000000000000)               (0.0000000000000000,0.0000000000000000)               (0.0000000000000000,0.0000000000000000)
          98               (0.0000000000000000,0.0000000000000000)               (0.0000000000000000,0.0000000000000000)               (0.0000000000000000,0.0000000000000000)
          99  (1.26318401709504661E-003,-2.23894120073528033E-002)  (4.42022950566811555E-017,-7.95155445762052447E-017) (-3.46921640134651067E-013,-5.29979552176791791E-013)
         100               (0.0000000000000000,0.0000000000000000)               (0.0000000000000000,0.0000000000000000)               (0.0000000000000000,0.0000000000000000)
         101               (0.0000000000000000,0.0000000000000000)               (0.0000000000000000,0.0000000000000000)               (0.0000000000000000,0.0000000000000000)
         102  (-2.29181060885885635E-016,5.62701374963101896E-017)      (-0.13696476421547910,-1.47769616162574217E-002)  (-3.03499040526509548E-012,6.29078799933578159E-013)
         103               (0.0000000000000000,0.0000000000000000)               (0.0000000000000000,0.0000000000000000)               (0.0000000000000000,0.0000000000000000)
         104  (2.53078190535689883E-002,-2.48503614015184206E-002)   (5.97091967428222972E-017,2.79286514240157155E-017)  (-2.52319194633841251E-012,1.99890173397652935E-012)
         105               (0.0000000000000000,0.0000000000000000)               (0.0000000000000000,0.0000000000000000)               (0.0000000000000000,0.0000000000000000)
         106   (9.95617658156314053E-017,1.13454390460251378E-016)             (0.23047519711642528,0.27236950419846678)   (6.17449164849576440E-012,9.71885511409798779E-012)
         107               (0.0000000000000000,0.0000000000000000)               (0.0000000000000000,0.0000000000000000)               (0.0000000000000000,0.0000000000000000)
         108  (5.77941443547939221E-002,-1.68246723745973728E-002)  (3.03338365410288246E-016,-3.89382012618817895E-016)  (-9.39850140976854743E-013,9.62193244465831133E-013)
         109   (1.89355200758179814E-014,2.83170984644152810E-014)  (-9.85865112487197305E-014,5.40214494735472479E-014)  (-4.87890178049161204E-003,1.96962876692753858E-003)
         110  (1.39446623857068246E-017,-9.80642854769474259E-018)  (6.81445383898411465E-004,-3.82769221521422160E-003)   (8.00036765467131028E-014,2.92162551604293369E-013)
         111               (0.0000000000000000,0.0000000000000000)               (0.0000000000000000,0.0000000000000000)               (0.0000000000000000,0.0000000000000000)
         112  (-1.18256298689700556E-016,4.45569375111985276E-017)   (1.02073460882917740E-002,1.78155621132327045E-002)  (-1.71820721922757091E-013,1.36473971529289591E-012)
         113               (0.0000000000000000,0.0000000000000000)               (0.0000000000000000,0.0000000000000000)               (0.0000000000000000,0.0000000000000000)
         114 (-1.00596878679503760E-002,-4.08999920951244426E-003)  (-3.51454758215967251E-017,2.18485578364453714E-017)   (6.15940296222792794E-013,1.04171521821292047E-012)
         115  (-1.63470345828114830E-014,6.66960639596457338E-018)  (-8.74246253990055857E-015,1.13181550045427236E-014) (-1.05158259540184124E-003,-2.85900956312745474E-004)
         116  (6.26952406043345279E-004,-4.98676750556168846E-003) (-1.52822814015999957E-017,-1.53533259957152398E-017)  (5.83024668166514493E-013,-5.64479626803470446E-013)
         117               (0.0000000000000000,0.0000000000000000)               (0.0000000000000000,0.0000000000000000)               (0.0000000000000000,0.0000000000000000)
         118   (2.74421934320829575E-018,2.96195881009278276E-018)  (3.02588035261901200E-003,-1.80733316106100887E-003)  (3.57776903113018360E-014,-4.05981141998753952E-014)
         119               (0.0000000000000000,0.0000000000000000)               (0.0000000000000000,0.0000000000000000)               (0.0000000000000000,0.0000000000000000)
         120  (-2.15727521759623853E-018,2.52776038568098487E-018)  (-1.76395669323843943E-003,1.47430029810838932E-003) (-4.53436917757691436E-014,-1.33053522624232105E-013)
         121               (0.0000000000000000,0.0000000000000000)               (0.0000000000000000,0.0000000000000000)               (0.0000000000000000,0.0000000000000000)
         122   (1.75074738440978979E-003,6.08319128357694334E-004)   (1.01264499537813916E-018,5.31765438781482927E-018) (-1.54733290117078105E-013,-1.57035957518830026E-013)
         123   (2.15077215834144153E-014,4.72904297714159513E-014)   (1.99536923368466680E-014,4.62140456899743289E-014)  (-3.30119228655560687E-005,1.47177693474749783E-004)
         124  (-4.35568440379030097E-003,7.34108206591836438E-004) (-1.16182475870683413E-018,-7.06190543141746305E-019)  (6.40115994165478461E-014,-2.21575659995454836E-014)
         125               (0.0000000000000000,0.0000000000000000)               (0.0000000000000000,0.0000000000000000)               (0.0000000000000000,0.0000000000000000)
         126  (5.49940377397069139E-013,-5.70170073404068327E-013)  (3.67504145389758658E-013,-4.04632273512859025E-013) (-1.02839992687784616E-002,-8.03415111588586146E-003)
         127            (0.14160599804374197,-0.25500260115398593)   (7.95224892063460191E-016,9.48384520275767175E-017)   (1.00203669049769692E-010,1.72041958101098545E-011)
         128  (4.30854075501970532E-012,-3.35908863007262290E-012)  (4.32707463090956318E-012,-3.50990075622631070E-012)  (-8.78682784814054964E-003,2.27713227697327117E-002)
         129  (-3.09494831021104557E-016,1.12550693735240287E-016)            (0.19470687025334174,-0.23182508639858784)  (1.07353633936732626E-010,-3.02879017781565931E-011)
         130  (2.15098362117053692E-012,-2.36893081530460206E-012)  (2.80613411924511852E-012,-3.36953157526205246E-012)  (-8.10358196249267660E-004,1.01928483770509655E-003)
         131             (1.2930269724699808,-0.13317616302762131)   (5.96674893486119220E-016,1.13098485554177330E-016) (-8.67838795493819880E-011,-1.59455178465789002E-011)
         132 (-1.46498620318561668E-011,-2.11346650213611836E-011) (-1.46053810884480426E-011,-2.13455290216759255E-011) (-9.69754319909701609E-003,-2.71867241864933822E-002)
         133 (-8.44940549979957292E-017,-7.27678651986035470E-017)        (1.2681185295058031,-5.01699829032190431E-002)   (9.23310435595272813E-011,1.32630051702692799E-011)
         134               (0.0000000000000000,0.0000000000000000)               (0.0000000000000000,0.0000000000000000)               (0.0000000000000000,0.0000000000000000)
         135  (-6.27854646648990603E-004,4.98779825822107201E-003)   (4.84998475419450984E-017,2.38454622532792242E-017)  (-5.82992110023947857E-013,5.64465157740714313E-013)
         136  (1.58883177978853450E-013,-6.51380533295060682E-014)  (7.34663778774532915E-012,-1.18886146955075600E-013)   (9.85431452060789997E-004,2.76133443611850779E-004)
         137      (-0.11907912687308990,-3.34989798564944846E-002) (-9.71868947240325795E-017,-4.13651252832613794E-017)   (4.85681105004943162E-011,5.80210994477235845E-012)
         138  (8.50879305285216003E-013,-9.32496072346523210E-013)  (6.59108875107918961E-013,-1.02519873480041387E-012)  (5.29605076264080196E-002,-2.08885527240670228E-002)
         139 (-4.64230777592563556E-017,-6.97427788954985091E-017)      (-0.12645360161927599,-4.01160720224743653E-002)  (-9.57004361340079762E-012,1.74805285061320805E-012)
         140               (0.0000000000000000,0.0000000000000000)               (0.0000000000000000,0.0000000000000000)               (0.0000000000000000,0.0000000000000000)
         141  (1.06938788799880829E-017,-8.63902529008390425E-018)  (7.54049893428279617E-004,-3.86856740680919728E-003)   (8.09222511243674835E-014,2.91823976819090564E-013)
         142               (0.0000000000000000,0.0000000000000000)               (0.0000000000000000,0.0000000000000000)               (0.0000000000000000,0.0000000000000000)
         143  (4.35437958681973714E-003,-7.33875233635283906E-004)  (1.22286422979667162E-017,-1.38511707519985629E-017)  (-6.38985118788237838E-014,2.21771540285756134E-014)
         144 (-1.55847696377362843E-012,-3.87102380465991004E-013) (-1.85570737734933640E-012,-5.13836209458326625E-013)  (2.14578993168608380E-004,-6.58006885328084594E-005)
         145  (-9.48437423716110375E-004,9.37350018175298408E-003)   (1.21626814564544649E-017,1.02020819695477174E-018) (-1.87606198758691003E-012,-4.37125144101942652E-012)
         146   (3.79858125214274854E-013,2.70973404338460076E-013)   (3.13268430584575798E-013,2.03515890972351285E-013)  (5.61272079189102137E-003,-2.77344796083617016E-005)
         147  (-4.69000752063420338E-019,7.76358657450565886E-018)   (1.18081279427955082E-003,9.65675131398506699E-003)   (7.00023215628092656E-013,7.71708253891157212E-013)
         148               (0.0000000000000000,0.0000000000000000)               (0.0000000000000000,0.0000000000000000)               (0.0000000000000000,0.0000000000000000)
         149  (3.34094467696212112E-018,-2.24975079676291442E-018)  (3.02362445998039008E-003,-1.81048938288742118E-003)  (3.58305930448242735E-014,-4.10144867364572858E-014)
         150               (0.0000000000000000,0.0000000000000000)               (0.0000000000000000,0.0000000000000000)               (0.0000000000000000,0.0000000000000000)
         151  (1.11404693297867201E-003,-1.31057888380044121E-003)   (9.97505394441030890E-017,4.38987368349260586E-017)  (-3.02066754180319578E-013,2.97228977815894891E-014)
         152  (-8.29182209978756614E-003,2.50936640892099024E-003)  (1.48762231249124431E-016,-4.26411262601775647E-017) (-3.88201822063471309E-013,-2.08335996607575962E-013)
         153               (0.0000000000000000,0.0000000000000000)               (0.0000000000000000,0.0000000000000000)               (0.0000000000000000,0.0000000000000000)
         154  (-4.83251227165525533E-003,1.66455803682829693E-003)   (2.49524878796714439E-016,7.47891009194019212E-017)   (2.05822189763263597E-013,6.25471517435613796E-014)
         155  (-1.98520294563358856E-004,4.11229944037646113E-004) (-1.35466354225078317E-017,-1.00292292651656311E-017)  (5.53376237371428683E-014,-1.50606625727083583E-014)
         156               (0.0000000000000000,0.0000000000000000)               (0.0000000000000000,0.0000000000000000)               (0.0000000000000000,0.0000000000000000)
         157 (-1.10090400651989496E-017,-3.73323796789455623E-018)   (9.94239482485767025E-003,2.26558664651593800E-003) (-1.90183842972145687E-013,-1.22935471349407566E-014)
         158               (0.0000000000000000,0.0000000000000000)               (0.0000000000000000,0.0000000000000000)               (0.0000000000000000,0.0000000000000000)
         159 (-1.90247114689394561E-012,-6.47524028998458959E-012) (-9.73115680810043643E-013,-4.69620219852388870E-012)  (-4.98837645150245444E-003,3.76811697956094035E-003)
         160               (0.0000000000000000,0.0000000000000000)               (0.0000000000000000,0.0000000000000000)               (0.0000000000000000,0.0000000000000000)
         161  (-2.01834035914096044E-003,3.09036935415725380E-003) (-4.27604785618095988E-017,-2.47816834645316974E-017)  (-5.07082004912838148E-013,5.39821941377952853E-015)
         162   (6.16325471749682411E-013,4.07108358010876675E-014)   (1.01584221327776253E-012,1.02591410334069208E-013)   (1.08338858659739473E-006,4.40038227362336946E-006)
         163  (1.47721162318579837E-011,-8.91056267801025634E-013)   (1.03591910324751563E-011,3.72550944886661759E-012)  (4.88924200879365425E-005,-2.26704396522452211E-003)
         164   (5.34887369735419649E-013,1.09199114111233843E-013)   (2.73605404186694247E-013,9.29945560757920299E-014)  (3.89914698275290470E-003,-7.55565572079505113E-004)
         165   (4.43206946638993182E-017,1.56813786830707770E-017)   (2.50612015174843091E-004,2.44403410334648337E-004) (-8.66225541826646433E-013,-1.06538458202508123E-013)
         166 (-3.14721054938703557E-016,-1.15660100746148768E-016) (-1.62314201420473542E-003,-1.48374008710032966E-003)   (3.87784161922770679E-012,3.54758103048070850E-013)
         167               (0.0000000000000000,0.0000000000000000)               (0.0000000000000000,0.0000000000000000)               (0.0000000000000000,0.0000000000000000)
         168  (8.05670065240721980E-004,-3.16151369172795553E-004) (-2.24709348223090713E-017,-9.74631877338470455E-018) (-2.27833109374063315E-014,-1.73896513133412111E-014)
         169  (1.31204142511261344E-012,-1.00784840603586080E-013)  (8.88095914951917751E-012,-7.29760338082028119E-014)   (2.72846428827309724E-005,1.58365757164720664E-005)
         170               (0.0000000000000000,0.0000000000000000)               (0.0000000000000000,0.0000000000000000)               (0.0000000000000000,0.0000000000000000)
         171  (6.16533132565048360E-003,-2.55640573742482139E-004)  (-8.13360089997412438E-017,1.24481318724107394E-017)   (4.85422640741926781E-013,1.74641437573047962E-013)
         172 (-4.02081289080277651E-003,-2.53154997086303289E-003) (-2.30954469850288616E-016,-9.32740368838827196E-017)  (4.77917675862979113E-013,-4.50624730154873486E-014)
         173               (0.0000000000000000,0.0000000000000000)               (0.0000000000000000,0.0000000000000000)               (0.0000000000000000,0.0000000000000000)
         174 (-1.52499920944145488E-014,-3.31808228566017211E-015)   (4.97517472201373300E-015,3.36999492243221095E-014)  (-3.51244511924081590E-004,3.46939079670372343E-004)
         175               (0.0000000000000000,0.0000000000000000)               (0.0000000000000000,0.0000000000000000)               (0.0000000000000000,0.0000000000000000)
         176               (0.0000000000000000,0.0000000000000000)               (0.0000000000000000,0.0000000000000000)               (0.0000000000000000,0.0000000000000000)
         177 (-7.31030598808246155E-014,-2.64959330493720268E-013) (-1.77687207966565610E-014,-1.94384614563802212E-013)   (1.85197522847685382E-003,1.09334069168219689E-004)
         178               (0.0000000000000000,0.0000000000000000)               (0.0000000000000000,0.0000000000000000)               (0.0000000000000000,0.0000000000000000)
         179  (5.07664688960001789E-002,-2.31227899724678852E-002) (-3.29359451103015348E-017,-5.23523591405884875E-017) (-1.00590768410911717E-011,-6.24761899297559821E-013)
         180 (-4.02411376336215144E-003,-2.10858534451248544E-003)  (-3.20128927685078203E-017,9.29255455617353785E-018)  (2.49071068523962375E-014,-1.75990002955890504E-013)
         181  (-2.87210265288919301E-012,3.63274352620841893E-012)  (-2.95446312350317276E-012,3.44966714149529826E-012)  (2.16606427954945573E-003,-3.00293518308635465E-003)
         182  (4.61428986524296900E-003,-4.94475267825282994E-003) (-4.73598296862820609E-017,-9.73178825370384329E-017)  (-3.86109971180274527E-014,2.29462997221228327E-013)
         183  (1.88787134218289008E-017,-5.52169622116399869E-017)  (1.44100081529442980E-002,-3.27690914029539759E-002)  (-1.07377008022194829E-011,6.85749701059074366E-012)
         184 (-8.55666701442161192E-015,-7.33239791230611275E-016)   (7.93333164354947212E-015,1.79082865358662493E-015) (-5.56952038322324592E-005,-1.28071267328855152E-004)
         185  (-2.82928255344165952E-012,3.10162362784277858E-012)  (-4.11668990259061805E-012,4.58231432295290505E-012)  (-3.14196699712048432E-004,5.09538352995945977E-004)
         186   (2.73654721941475956E-002,1.31416559446401980E-002)  (1.09598698753055698E-016,-3.36825520333305489E-017)   (2.36350250852558448E-013,1.21263789500721898E-012)
         187  (-8.85894455544009723E-003,3.87889852791469952E-002) (-1.22768459061696498E-016,-7.49129851293123583E-017)  (1.05548881147390509E-011,-3.32411275036090978E-013)
         188  (-5.79135967483389671E-004,5.20224933499753041E-005)  (-4.68459044538974462E-018,7.74959078167187003E-019)  (-7.16677649891621279E-014,4.87195261538913544E-014)
         189   (3.22312951599402902E-012,4.23773357192390190E-012)   (3.16201340367555092E-012,4.12185102676128405E-012) (-2.82067755503829761E-003,-4.75200647086175716E-003)
         190               (0.0000000000000000,0.0000000000000000)               (0.0000000000000000,0.0000000000000000)               (0.0000000000000000,0.0000000000000000)
         191  (-3.32581975903845714E-017,3.35761308523831304E-017)  (-5.14752239093138469E-002,7.43476667760346877E-003) (-1.20090154076213718E-011,-8.68968354041556650E-013)
         192               (0.0000000000000000,0.0000000000000000)               (0.0000000000000000,0.0000000000000000)               (0.0000000000000000,0.0000000000000000)
         193               (0.0000000000000000,0.0000000000000000)               (0.0000000000000000,0.0000000000000000)               (0.0000000000000000,0.0000000000000000)
         194   (2.66733970732665125E-014,4.32429206799023249E-014)  (6.99598156704942459E-014,-9.92853097891072770E-015)  (1.61725550548509546E-004,-1.01915039896448171E-005)
         195  (5.79180616776236740E-004,-5.23787231717720849E-005)  (1.40703717712222117E-017,-8.76634841416331721E-018)  (7.17409930793430588E-014,-4.88165780598612438E-014)
         196 (-1.93969985365415502E-018,-4.29573428975755995E-019)  (4.34675885374414173E-004,-7.61443685901607857E-004) (-1.85741697747197377E-014,-1.31533417066637232E-014)
         197   (5.26338635270944359E-012,4.08583195432007480E-014)  (-4.16568358615090490E-012,4.09975168483858449E-014)   (1.38282408391240410E-004,1.35931726623416408E-004)
         198               (0.0000000000000000,0.0000000000000000)               (0.0000000000000000,0.0000000000000000)               (0.0000000000000000,0.0000000000000000)
         199  (-2.14156938339038101E-002,7.52635280818201094E-003)   (2.11676767714062341E-017,1.53884210338213677E-017)  (1.57731356561959224E-013,-3.77826205106366205E-013)
         200               (0.0000000000000000,0.0000000000000000)               (0.0000000000000000,0.0000000000000000)               (0.0000000000000000,0.0000000000000000)
         201  (8.73570885621287834E-013,-6.87418591676288304E-013)  (9.48875976382051379E-013,-7.79380551552920904E-013)   (1.00566381438240544E-003,1.09965492321186182E-003)
         202 (-9.89801120723175996E-018,-2.14440603766753053E-018) (-1.95560358185070410E-003,-1.33895762455249630E-004) (-2.41385155802481026E-013,-9.44342633167811103E-014)
         203   (3.55199068868597352E-017,4.13572731150664845E-017) (-3.08903942695028903E-002,-4.64102648325504744E-003)   (4.90942474520429742E-012,4.85218333881136838E-012)
         204 (-4.41679773123430196E-018,-2.82754510421395840E-018)  (-1.20570965400020719E-003,9.27618152958795540E-004)  (2.81821813591330558E-014,-7.97497897913004871E-014)
         205               (0.0000000000000000,0.0000000000000000)               (0.0000000000000000,0.0000000000000000)               (0.0000000000000000,0.0000000000000000)
         206               (0.0000000000000000,0.0000000000000000)               (0.0000000000000000,0.0000000000000000)               (0.0000000000000000,0.0000000000000000)
         207 (-1.84388075895399000E-017,-5.53044430600189647E-018) (-2.01330346193830632E-003,-1.17019655556416482E-004) (-2.41914379171885901E-013,-9.41245774066484282E-014)
         208               (0.0000000000000000,0.0000000000000000)               (0.0000000000000000,0.0000000000000000)               (0.0000000000000000,0.0000000000000000)
         209               (0.0000000000000000,0.0000000000000000)               (0.0000000000000000,0.0000000000000000)               (0.0000000000000000,0.0000000000000000)
         210               (0.0000000000000000,0.0000000000000000)               (0.0000000000000000,0.0000000000000000)               (0.0000000000000000,0.0000000000000000)
         211   (5.09524176288165417E-005,8.91835312943581614E-005)  (-2.61066168794004728E-018,1.12607443920091756E-017)   (2.66370633503167505E-014,2.05806152684378909E-015)
         212   (1.59807368400786233E-004,4.36058492820986621E-004)   (2.00315454313097859E-018,7.61583413265783782E-019) (-1.52401407690248968E-014,-8.51870065863158669E-015)
         213 (-1.54557744455824321E-012,-4.46376527216241756E-013) (-9.24655823303095552E-013,-1.05496965349010192E-013) (-2.27566382968156302E-004,-9.65494676826804112E-005)
         214 (-2.02724047087675290E-017,-7.89779580373137236E-017)      (-5.93781339792992038E-002,-0.11855144574746027) (-1.99391586261411627E-012,-5.96632973986489921E-012)
         215  (3.89259768950997453E-003,-4.13058866105460248E-004)  (-3.39900097891440905E-018,3.16521491356615720E-018)  (-7.45593001427487022E-013,4.58066745048446091E-013)
         216   (5.51335967938662295E-015,1.35860021079538470E-014)   (3.42815471003282750E-015,1.07240488769868375E-014)   (1.28026514270462258E-004,9.74589427095947817E-005)
         217   (6.55445038077214308E-013,5.17304636503079925E-013)   (5.64200738716915847E-013,3.75419800929621777E-013)  (3.84567433054079384E-003,-2.35763769744000526E-004)
         218   (2.76431067689065552E-017,3.44041372061738626E-017)  (-3.48414690955361627E-004,2.15855814794029578E-002)  (-3.08793702807323575E-013,1.21946804265332767E-012)
         219  (1.67093039079905498E-018,-8.05713194411098273E-018)   (1.79195747345595700E-003,1.90218156062891956E-003)  (4.23731048626079209E-013,-6.59834401638671897E-013)
         220 (-5.09058785108531834E-005,-8.96115992652259634E-005) (-1.20967157710596585E-018,-1.07623835578518746E-018) (-2.66187206714101925E-014,-2.05982737130586995E-015)
         221               (0.0000000000000000,0.0000000000000000)               (0.0000000000000000,0.0000000000000000)               (0.0000000000000000,0.0000000000000000)
         222  (9.70712101232965033E-017,-2.96624870482253252E-017)   (4.98524330823004250E-002,1.67627952616703942E-002)  (2.16725841671890354E-012,-3.33472479037133342E-013)
         223  (-5.52740963044296429E-018,4.39032612358825965E-018)  (4.32825844890448962E-004,-7.65952532966194589E-004) (-1.83968308147897270E-014,-1.34794481948774636E-014)
         224               (0.0000000000000000,0.0000000000000000)               (0.0000000000000000,0.0000000000000000)               (0.0000000000000000,0.0000000000000000)
         225               (0.0000000000000000,0.0000000000000000)               (0.0000000000000000,0.0000000000000000)               (0.0000000000000000,0.0000000000000000)
         226               (0.0000000000000000,0.0000000000000000)               (0.0000000000000000,0.0000000000000000)               (0.0000000000000000,0.0000000000000000)
         227               (0.0000000000000000,0.0000000000000000)               (0.0000000000000000,0.0000000000000000)               (0.0000000000000000,0.0000000000000000)
         228 (-4.97335620673814763E-015,-5.28190448329311097E-015) (-4.49112210430767823E-015,-3.38889358310270894E-015) (-1.29823540086297453E-006,-3.66984303945510940E-005)
         229               (0.0000000000000000,0.0000000000000000)               (0.0000000000000000,0.0000000000000000)               (0.0000000000000000,0.0000000000000000)
         230  (-2.11469115450096251E-004,7.80607039376470863E-005) (-1.71089823962976586E-017,-6.26304275125290452E-018)  (-1.10295371784140625E-014,1.04212045126077333E-014)
         231  (2.11122359563104580E-004,-7.85444830046937891E-005)   (1.05150155368307486E-017,5.93236279455955491E-018)  (1.09759245841950623E-014,-1.03191067981805700E-014)
         232 (-5.28908972831327080E-006,-2.76160273925025639E-005)   (7.18528413407482200E-020,1.00258666789466758E-018)  (6.97589548450240906E-015,-2.23357612317582562E-015)
         233  (-4.33893261326048460E-012,2.78804684121030490E-015)   (3.67821859662151453E-012,3.19631752601269716E-014)  (1.20256005928285297E-004,-1.57324193593067656E-004)
         234               (0.0000000000000000,0.0000000000000000)               (0.0000000000000000,0.0000000000000000)               (0.0000000000000000,0.0000000000000000)
         235  (-2.34301367973534219E-017,7.29028865456750358E-018) (-1.18500326575841260E-002,-4.28145832829575790E-003)  (-5.42874531576731373E-013,8.19925388729367382E-014)
         236  (7.93097976841100507E-004,-1.77497514146643539E-003)   (3.73509073558208144E-018,3.19844216706841409E-017)  (-4.52136999446414338E-013,4.07420927410262675E-014)
         237               (0.0000000000000000,0.0000000000000000)               (0.0000000000000000,0.0000000000000000)               (0.0000000000000000,0.0000000000000000)
         238               (0.0000000000000000,0.0000000000000000)               (0.0000000000000000,0.0000000000000000)               (0.0000000000000000,0.0000000000000000)
         239  (-8.40662360850268770E-013,8.65887491319783070E-013)  (-8.43791214395084491E-013,9.76685171512804238E-013)  (-1.74031856434021131E-003,2.13195198928904688E-004)
         240  (-1.80354310458538452E-003,1.28267189232171347E-003)  (-1.06404411107861682E-016,9.88073925071244601E-017) (-2.89095177414141856E-013,-1.91881262298586881E-013)
         241  (6.29883979044906643E-013,-3.06207563473779566E-013)  (6.53031709268390306E-013,-3.65580113874078070E-013) (-7.68556453840351766E-005,-1.45973727146906073E-005)
         242  (-1.68272602293190237E-018,7.77431229791625042E-018)  (5.61731232114049978E-003,-4.80429656950799849E-004) (-2.95180161700335515E-012,-2.13783214337134052E-012)
         243  (3.37363935051937473E-017,-1.90950916655002042E-017) (-3.21514601900548111E-003,-2.11332760211022791E-003) (-4.89162794010015123E-013,-9.90409796442403524E-013)
         244 (-3.90129705773238429E-019,-1.51153441897962677E-018)  (-2.75460892410701592E-004,4.43267276284546629E-005)  (-1.17717956407255218E-014,2.42451463427561733E-014)
         245               (0.0000000000000000,0.0000000000000000)               (0.0000000000000000,0.0000000000000000)               (0.0000000000000000,0.0000000000000000)
         246  (-7.56815460800660481E-003,4.73031988806635762E-003) (-2.53085792187853562E-016,-3.46110290567544144E-017)  (1.09264980302042080E-012,-6.65571924506383666E-014)
         247   (5.21384889209899720E-003,2.63046179288981517E-003)  (2.74211291717074360E-017,-5.27811663983923960E-018)   (3.20806704392845926E-013,1.46356896146784085E-014)
         248  (-1.08192718961181265E-017,6.51570094504236358E-018) (-8.76211250721381811E-004,-2.21034863473340909E-005)  (-5.54484904681949365E-014,7.12115660257723531E-014)
         249   (4.40239506112050373E-018,1.97560125981387828E-017)   (1.34750790957907565E-002,2.86862715345028406E-002)   (4.67347459837424932E-013,1.48155503786517859E-012)
         250  (3.97430282266152744E-012,-3.18173476322596725E-012)  (4.08069235319941525E-012,-3.13132991583694766E-012)  (-1.00289840342728605E-003,1.30008910044149490E-003)
         251               (0.0000000000000000,0.0000000000000000)               (0.0000000000000000,0.0000000000000000)               (0.0000000000000000,0.0000000000000000)
         252               (0.0000000000000000,0.0000000000000000)               (0.0000000000000000,0.0000000000000000)               (0.0000000000000000,0.0000000000000000)
         253               (0.0000000000000000,0.0000000000000000)               (0.0000000000000000,0.0000000000000000)               (0.0000000000000000,0.0000000000000000)
         254   (5.26935945341390105E-006,2.75374830325981768E-005)  (-4.82644386369320228E-019,3.00302338067997424E-018)  (-6.98430544867055334E-015,2.24031719819740688E-015)
         255  (-2.04193207645803219E-018,1.34968568715128599E-017)  (-5.64940153793349296E-003,1.08445580242786683E-002)  (1.81334141370520198E-012,-1.52137355136317672E-012)
         256 (-6.89257806666508187E-014,-1.34869883762004063E-014) (-1.12499673765352411E-013,-1.46351082636968941E-014)  (3.56653966765533149E-004,-1.56084542281410984E-004)
         257   (7.27450901356068011E-013,2.49171061193654313E-013)  (6.41268216325475678E-015,-9.72660143335739831E-014)  (5.48741634400039727E-005,-4.71053744656395782E-005)
         258   (1.30683450257750706E-018,8.70433294377967021E-019)  (1.76163642274666842E-003,-2.24851482586422679E-004)  (4.02568444807324451E-014,-5.11845252314300143E-015)
         259  (-2.82558859879596337E-013,4.67024410597730449E-013)  (1.11905833221781518E-012,-1.15203026531997467E-012)  (-8.13757851239961028E-005,8.15687810449347713E-005)
         260 (-6.83475758267898162E-005,-6.58690446656213694E-005)  (-3.06472154370973915E-018,4.79314808703907834E-019)   (9.65308064954794703E-014,1.12013091133018356E-014)
         261               (0.0000000000000000,0.0000000000000000)               (0.0000000000000000,0.0000000000000000)               (0.0000000000000000,0.0000000000000000)
         262 (-2.61844330855491071E-004,-8.54399361140586447E-005)  (1.72175380159829592E-017,-5.61628947828868632E-018)  (5.34521758187639543E-014,-3.49629022639348585E-014)
         263 (-2.35463178499625076E-013,-6.41180326753542307E-014) (-2.04531841352037399E-013,-2.60288004023249202E-014)   (9.14675535725656321E-005,1.57924477151350232E-005)
         264  (-6.37998126861081139E-003,6.34689883444877821E-004) (-7.92465047814624246E-017,-5.32048975751043345E-017)  (-1.24135983398573850E-012,5.42920294376421435E-013)
         265               (0.0000000000000000,0.0000000000000000)               (0.0000000000000000,0.0000000000000000)               (0.0000000000000000,0.0000000000000000)
         266  (-1.97368576729796221E-018,4.15366155247460989E-018) (-1.20731184338453878E-004,-7.64237555203753707E-004)   (2.57894569830594327E-013,4.71384321902554068E-013)
         267               (0.0000000000000000,0.0000000000000000)               (0.0000000000000000,0.0000000000000000)               (0.0000000000000000,0.0000000000000000)
         268   (5.72378039336736081E-013,1.07774884665076899E-012)   (5.87509963430462136E-013,1.14130728294465029E-012)   (9.19152272693993916E-004,2.41331047172316368E-003)
         269               (0.0000000000000000,0.0000000000000000)               (0.0000000000000000,0.0000000000000000)               (0.0000000000000000,0.0000000000000000)
         270  (-3.81657985100321235E-018,3.46355854086772078E-018) (-8.98111385746286524E-004,-2.87343747568660319E-005)  (-5.45576746574752054E-014,7.32155068171781631E-014)
         271  (3.76308758385727525E-005,-2.96207252047161413E-005) (-3.55511811547326588E-019,-1.86389471164576346E-018)  (-2.12086771142545874E-015,5.08015476875710651E-015)
         272 (-1.65716989796436991E-019,-3.32349608842058785E-018)  (-2.68654520183915155E-004,4.93653424533964364E-005)  (-1.17707668955640812E-014,2.42775223753683133E-014)
         273  (9.57500635303027007E-018,-8.16603131408572727E-018)  (1.54039286270941521E-003,-1.48491253647660198E-003)   (2.29129687141842867E-012,1.03316889891584713E-013)
         274   (4.51234037327311363E-014,1.66084063111794412E-014)   (2.44662155732632496E-014,1.69429851934425374E-014)   (1.58567194012213089E-004,1.09569261567801063E-004)
         275               (0.0000000000000000,0.0000000000000000)               (0.0000000000000000,0.0000000000000000)               (0.0000000000000000,0.0000000000000000)
         276               (0.0000000000000000,0.0000000000000000)               (0.0000000000000000,0.0000000000000000)               (0.0000000000000000,0.0000000000000000)
         277  (3.50451188486562918E-014,-2.01453140280281546E-014)  (4.40951376084852428E-015,-3.41966303325543013E-014)  (-6.66798078473524792E-004,7.61082873138198138E-005)
         278  (3.44978032046758706E-017,-1.16597543487013749E-017)   (1.61516343806926838E-002,7.97214793623537629E-003)  (9.39356432155940190E-013,-1.31367864201069493E-013)
         279  (2.52854705335114319E-018,-3.66845419972978697E-018) (-9.62569117348467944E-005,-7.72980821103707747E-004)  (-1.11524361954003874E-012,5.32281497428368164E-013)
         280   (2.34912233136968298E-004,3.43750392444964743E-004)   (7.06281779734483257E-019,5.14985528239083034E-018) (-1.59661898419638393E-014,-1.48884156665967151E-014)
         281 (-2.97472925680573201E-017,-4.25273125119958698E-017)   (7.85875215548735052E-003,2.01013083008247991E-003) (-5.65239907370458417E-012,-2.59319495231779422E-012)
         282               (0.0000000000000000,0.0000000000000000)               (0.0000000000000000,0.0000000000000000)               (0.0000000000000000,0.0000000000000000)
         283               (0.0000000000000000,0.0000000000000000)               (0.0000000000000000,0.0000000000000000)               (0.0000000000000000,0.0000000000000000)
         284  (2.94530840630369423E-012,-3.42902124117120787E-012)  (1.79343840309620404E-012,-2.00089256632895507E-012)  (2.24718525380046162E-004,-3.36297798579286407E-004)
         285               (0.0000000000000000,0.0000000000000000)               (0.0000000000000000,0.0000000000000000)               (0.0000000000000000,0.0000000000000000)
         286               (0.0000000000000000,0.0000000000000000)               (0.0000000000000000,0.0000000000000000)               (0.0000000000000000,0.0000000000000000)
         287   (5.49889987955353736E-015,1.51581436080831942E-014)   (3.54436982786141118E-015,1.17206451377412295E-014)   (5.90484682683145129E-005,4.61546628768153472E-005)
         288   (2.08143088608957459E-017,3.77762359417957503E-018) (-6.38345848715817258E-004,-2.23209751720761457E-003) (-6.66143544354871635E-013,-7.19962191560821018E-013)
         289  (5.94908957612978964E-018,-1.37427766438185579E-018)   (1.15842573913696109E-003,9.73054973162113717E-004)  (2.86768087239259540E-013,-1.26354053448644592E-013)
         290 (-1.21239476129653342E-002,-9.99657287430281982E-004)   (9.72088486513296883E-017,8.61095281528675164E-017)  (5.31600107762198683E-013,-4.07442422027846522E-014)
         291 (-3.00409796627937859E-018,-3.39995099103115377E-017) (-1.37667041867860357E-002,-4.27430162051593010E-002) (-5.89425994520547774E-013,-2.47519280419378397E-012)
         292  (1.37197792184165143E-018,-3.06449886848340776E-018)  (1.15896289093844786E-004,-9.93834210754626938E-004)  (-1.35499224700840807E-013,6.91000523064328423E-015)
         293               (0.0000000000000000,0.0000000000000000)               (0.0000000000000000,0.0000000000000000)               (0.0000000000000000,0.0000000000000000)
         294  (-3.86705272898897156E-004,3.51416341679770304E-005)  (-2.03595093463548453E-019,2.67926544819568766E-018) (-9.71705459895287743E-015,-2.22666907102847082E-015)
         295   (4.34825808139927641E-013,6.55811428589159119E-013)   (4.52567787861523007E-013,7.32321706266756596E-013)   (7.19571606685818132E-004,1.12269888076079423E-004)
         296   (2.27598449421023766E-002,6.66256577227488170E-003)  (3.46581517901592152E-016,-9.56821624119656758E-017)   (2.71171830656370271E-013,7.86764740553172594E-013)
         297  (-4.99477799929046846E-005,1.21387595873197699E-005)  (4.46406228220351344E-018,-1.20322067053914696E-017)  (1.35038691760715906E-015,-6.01754332392058363E-016)
         298 (-3.64728641099884175E-003,-1.77015467635924695E-003) (-3.80178416218895657E-017,-2.45647808607955744E-018)  (-2.13223099134343698E-015,1.43465434117480771E-014)
         299               (0.0000000000000000,0.0000000000000000)               (0.0000000000000000,0.0000000000000000)               (0.0000000000000000,0.0000000000000000)
         300  (-1.49353515362689287E-018,2.25105263085447856E-018)  (-8.88917989591693665E-003,6.58586044469851154E-004) (-1.11688563023908876E-012,-1.11765709438058938E-013)
         301   (3.34794659586045908E-013,4.23171336644133785E-014)   (9.84050040995104512E-013,3.27960163083234570E-013)  (-3.69587897890496109E-005,6.14807320125005698E-005)
         302               (0.0000000000000000,0.0000000000000000)               (0.0000000000000000,0.0000000000000000)               (0.0000000000000000,0.0000000000000000)
         303               (0.0000000000000000,0.0000000000000000)               (0.0000000000000000,0.0000000000000000)               (0.0000000000000000,0.0000000000000000)
         304               (0.0000000000000000,0.0000000000000000)               (0.0000000000000000,0.0000000000000000)               (0.0000000000000000,0.0000000000000000)
         305 (-1.51208106598087135E-004,-3.44616730450710181E-005)  (5.23305358548189202E-018,-5.65716461417057986E-018)   (1.56980534570756537E-014,4.12730931776218278E-015)
         306               (0.0000000000000000,0.0000000000000000)               (0.0000000000000000,0.0000000000000000)               (0.0000000000000000,0.0000000000000000)
         307               (0.0000000000000000,0.0000000000000000)               (0.0000000000000000,0.0000000000000000)               (0.0000000000000000,0.0000000000000000)
         308  (-7.52397866845498920E-013,2.22765483781727942E-013)  (-7.52157854517425448E-013,1.73937503168277905E-013)   (4.54153432096915215E-004,3.27545697372855584E-004)
         309 (-2.01707874005639532E-013,-1.69781564515821990E-013) (-1.56604183017296369E-013,-1.01245871723785992E-013)  (-7.16191642964174985E-004,2.14771654157094752E-004)
         310   (1.30454469654213392E-013,7.88147010243220458E-014)   (1.47983423958655516E-013,7.81217153638347157E-014)  (2.17117118693410557E-004,-1.23747239370037524E-004)
         311  (-5.05531678004734220E-005,9.59582970877227072E-006)   (1.57336864144765041E-017,1.01291378927021420E-017)  (2.84795109429560742E-015,-4.47952234154317309E-015)
         312   (1.83152652618306035E-018,8.93379841204701740E-018)  (-7.59335894358309721E-004,9.02563304069392927E-004)  (6.74404796280150664E-014,-1.42550035123778595E-013)
         313  (-1.27426690831100336E-019,1.72384366527628991E-018)  (5.64005880506979630E-004,-5.08077431167042182E-004)   (2.82983026303477057E-014,7.76481217347128577E-013)
         314 (-7.45181501806186806E-004,-6.55890955536300637E-003) (-1.33972756152526037E-016,-4.65887990617179522E-017)  (-6.35744003998400302E-013,3.46054238849539209E-013)
         315   (1.17302431445839199E-003,2.24947563645893798E-003)   (2.39462474190602628E-016,5.58856709500379062E-017) (-6.57302535317640854E-013,-1.41587833349336347E-013)
         316   (1.48051057465077150E-012,3.77276110305123193E-015) (-3.12136985351996892E-012,-4.40811649474585048E-014)  (-2.52268308972274731E-004,2.12037985315187815E-005)
         317               (0.0000000000000000,0.0000000000000000)               (0.0000000000000000,0.0000000000000000)               (0.0000000000000000,0.0000000000000000)
         318  (-4.69531000926235937E-014,7.04843695079673236E-014)  (2.05822494430832136E-014,-4.50599990075278215E-014)  (9.31085444646743260E-004,-3.71473656027814902E-004)
         319  (-8.02379336657872993E-017,3.56765944535525976E-017)  (-4.00963166204876178E-003,2.08187005944138782E-002)  (-1.11205388985543427E-012,1.33425611437001625E-012)
         320               (0.0000000000000000,0.0000000000000000)               (0.0000000000000000,0.0000000000000000)               (0.0000000000000000,0.0000000000000000)
         321   (1.74982319043866544E-018,6.24736195283986269E-019)  (-1.02001955745815770E-004,4.96028224301341201E-004)   (5.94883719058605680E-014,9.72312952071857259E-016)
         322   (2.00854532936459119E-003,3.09782292271971094E-004) (-4.41706255824760105E-018,-3.26219542908010668E-017) (-2.19896954713594848E-013,-5.30515032355794122E-014)
         323  (-1.21015197340802687E-012,1.05222146450757943E-012)  (-1.24613817148220940E-012,1.10537553553483064E-012)  (6.98697087030926271E-004,-1.12733093394052904E-003)
         324 (-3.73775989224312617E-004,-2.72915115433084029E-004) (-2.01489305026309009E-017,-4.20143502070333985E-018)  (5.76113091511967457E-015,-1.68092388093822237E-014)
         325               (0.0000000000000000,0.0000000000000000)               (0.0000000000000000,0.0000000000000000)               (0.0000000000000000,0.0000000000000000)
         326               (0.0000000000000000,0.0000000000000000)               (0.0000000000000000,0.0000000000000000)               (0.0000000000000000,0.0000000000000000)
         327  (9.09800891975159527E-013,-5.27948074916451412E-013)  (9.00171309769672022E-013,-4.62421410191110578E-013) (-4.47062722284318045E-004,-6.30572970825857997E-004)
         328               (0.0000000000000000,0.0000000000000000)               (0.0000000000000000,0.0000000000000000)               (0.0000000000000000,0.0000000000000000)
         329               (0.0000000000000000,0.0000000000000000)               (0.0000000000000000,0.0000000000000000)               (0.0000000000000000,0.0000000000000000)
         330  (1.07779203238133328E-017,-2.70549031903923260E-018)  (8.38862123588066490E-005,-3.82987016531062866E-004)  (-1.78205073326567036E-013,1.13324613789259563E-013)
         331  (3.90127501745259859E-019,-4.59662087688685079E-019)  (1.18618420786016144E-003,-1.15961116151105671E-004)   (1.92008038947702776E-013,1.66337396244501628E-014)
         332  (1.22558053018763556E-013,-5.50698407066106979E-014)  (1.06769179452319740E-013,-7.82877039252352791E-016)  (-1.69082704222385093E-003,7.51248036200635738E-004)
         333 (-3.33097189326159258E-003,-1.34451115331539950E-003)  (-3.51728322445664985E-018,8.28022177631360780E-018)   (2.03385536070337262E-013,2.10681503313621617E-013)
         334  (-2.29580599458609549E-003,2.10012695537285571E-004) (-1.19030159323625536E-016,-2.70902501997154389E-017)   (6.42890704180418295E-014,8.64453770079688515E-014)
         335               (0.0000000000000000,0.0000000000000000)               (0.0000000000000000,0.0000000000000000)               (0.0000000000000000,0.0000000000000000)
         336   (2.39617565720673975E-017,2.48663462739515975E-017)   (5.49255735232561104E-002,6.27978451009251482E-002)   (1.45387305241967201E-012,2.16501142606303119E-012)
         337               (0.0000000000000000,0.0000000000000000)               (0.0000000000000000,0.0000000000000000)               (0.0000000000000000,0.0000000000000000)
         338   (4.78466942925765283E-004,2.07851024449417696E-004)  (1.11461010287980047E-018,-5.26730249664443128E-019) (-4.48863859989769160E-014,-4.05042236256261349E-014)
         339               (0.0000000000000000,0.0000000000000000)               (0.0000000000000000,0.0000000000000000)               (0.0000000000000000,0.0000000000000000)
         340  (1.07802019770751289E-005,-2.47702741548653016E-005)  (-5.26382190616483866E-018,1.17592945872876031E-017)  (2.65984985977575588E-016,-7.37664833173322619E-016)
         341 (-1.37820220973904905E-018,-3.80161984663761277E-019)  (7.30165730127849632E-004,-6.15921732514462350E-004)  (-1.56884689427511478E-014,3.68639597242096714E-014)
         342  (-1.52279045383234461E-012,8.03068423393355878E-013)  (-1.56114678430444017E-012,7.45978680441308837E-013)  (-3.40068476705578777E-004,7.93916893882645725E-004)
         343  (1.52811468781254332E-004,-1.28402153174482140E-004) (-2.38397306981631683E-017,-5.97646156949604734E-018)  (3.39212511437993941E-015,-2.97686246155291842E-015)
         344  (-5.29573344203627570E-017,1.27480288230099224E-017) (-3.20049018852310366E-002,-2.95605473969725793E-003)  (-6.62812926883338038E-013,1.42437066303098164E-013)
         345 (-4.80863125199257348E-013,-9.32325662111224049E-014) (-9.60671921792120364E-013,-3.04010396663495926E-013)  (3.60940648621014182E-005,-3.44457076205382959E-005)
         346   (1.73804396719243137E-017,1.99884476915616680E-017)  (-5.59786353610991581E-003,8.88300259551868740E-003)  (-7.92594341802336445E-013,5.56370305832605649E-013)
         347   (3.90639564961712136E-015,8.28383082750221413E-015)   (5.26545133919094677E-015,1.21178489941947841E-014)  (-5.75429040536899205E-006,3.86532889208730836E-005)
         348  (3.26192406414697127E-014,-7.49714465662985933E-015)  (-3.73425532661242391E-015,8.84872817743020834E-015) (-3.19287507054738550E-004,-4.51036073039881227E-005)
         349 (-1.58533259786968757E-013,-2.70356597185325638E-014)   (9.03554857447104929E-013,1.47890490654983291E-014)   (2.10225683701626673E-004,1.02929495694350411E-004)
         350  (3.51120696325991983E-005,-2.43501371789883960E-005)  (-3.19215716374980349E-018,4.66581977070143524E-018)   (2.83270567748799021E-015,1.21212914900612463E-014)
         351  (-3.70263423162128530E-019,7.52964833417967029E-019)  (-1.03216466497031131E-004,3.22538248331906560E-004)  (1.82004560207369766E-013,-1.00302039794894030E-013)
         352  (2.00577904023499683E-002,-1.93654409059835749E-003) (-6.48163961763386404E-017,-4.67400821589987081E-017)  (-3.71789009352672897E-013,3.61353837043257224E-013)
         353               (0.0000000000000000,0.0000000000000000)               (0.0000000000000000,0.0000000000000000)               (0.0000000000000000,0.0000000000000000)
         354 (-1.64727741476948230E-017,-7.68224272055451348E-018) (-2.28203040344285984E-003,-2.20413764263951116E-003)  (-4.63522088486485603E-013,6.26590218630612335E-013)
         355   (3.15634274918774017E-013,1.69519579164558934E-013)   (2.24793871486141867E-013,5.81046619428398391E-014)  (7.91736842927737183E-004,-1.86365771993306868E-004)
         356  (-5.26269717501501246E-004,1.35333340595900835E-004)   (8.70431338496542925E-019,1.02398693692883850E-017)  (-1.86995864987166815E-014,6.59567771255838590E-015)
         357  (-1.14282547593841897E-003,1.73376016717826466E-004) (-9.51437886043273825E-019,-7.44218680648391418E-020)  (1.50289888928571350E-014,-7.57881495522946275E-015)
         358  (-2.98571069792748141E-012,3.36155915496615973E-012)  (-2.17194176133873489E-012,2.30713277048672251E-012)  (-1.17408231469089255E-004,2.23335275774661857E-004)
         359               (0.0000000000000000,0.0000000000000000)               (0.0000000000000000,0.0000000000000000)               (0.0000000000000000,0.0000000000000000)
         360  (1.03538419305053955E-018,-3.53204826750334601E-018)  (-4.03634456968365374E-004,5.56077673785313874E-004) (-2.17336078665520847E-013,-1.32936571839704891E-012)
         361               (0.0000000000000000,0.0000000000000000)               (0.0000000000000000,0.0000000000000000)               (0.0000000000000000,0.0000000000000000)
         362  (3.88142867574530598E-013,-4.01874517163619114E-013)  (4.44736309413954150E-013,-4.45282097808408542E-013)  (1.42121299106239343E-003,-1.89127220965507915E-005)
         363  (1.36089728593171436E-004,-1.28346579013343038E-003)   (1.40740214085536187E-017,2.52359128204302560E-018)  (1.40961628345371228E-013,-1.41711575331114012E-013)
         364 (-2.95012591088686154E-018,-2.72925896187851841E-018)   (6.52612534169069117E-004,2.84589734866885085E-004)  (6.90859359119391402E-014,-1.78492240472941354E-013)
         365               (0.0000000000000000,0.0000000000000000)               (0.0000000000000000,0.0000000000000000)               (0.0000000000000000,0.0000000000000000)
         366   (5.29622539792356292E-003,1.68203633235676638E-004) (-5.92035489406181873E-017,-3.47715565114539872E-017)  (7.66111931847255081E-014,-2.72396080088915452E-014)
         367               (0.0000000000000000,0.0000000000000000)               (0.0000000000000000,0.0000000000000000)               (0.0000000000000000,0.0000000000000000)
         368   (3.28688190702995063E-017,3.26596576412933116E-017) (-5.33194738371872441E-003,-6.22860326948384961E-004)   (1.07426870793486445E-011,3.66664247827980670E-012)
         369               (0.0000000000000000,0.0000000000000000)               (0.0000000000000000,0.0000000000000000)               (0.0000000000000000,0.0000000000000000)
         370  (-1.26097771391694170E-018,1.03415945740578397E-018)  (1.76181589792934597E-004,-1.51231917376496453E-004) (-5.28518967615835872E-014,-2.32595691340882688E-014)
         371               (0.0000000000000000,0.0000000000000000)               (0.0000000000000000,0.0000000000000000)               (0.0000000000000000,0.0000000000000000)
         372  (1.05450842083029215E-002,-5.55286071222321417E-003)  (4.01098311509292203E-017,-1.64808419921973957E-017)  (-3.61975225785003548E-013,5.28163507202623530E-013)
         373 (-6.63506677646630777E-013,-9.48581443777614230E-013) (-6.98910087472153283E-013,-1.05477174735183616E-012) (-1.00387102443492081E-003,-1.33113854314235568E-003)
         374               (0.0000000000000000,0.0000000000000000)               (0.0000000000000000,0.0000000000000000)               (0.0000000000000000,0.0000000000000000)
         375               (0.0000000000000000,0.0000000000000000)               (0.0000000000000000,0.0000000000000000)               (0.0000000000000000,0.0000000000000000)
