    100.00       0.00000E+00
    110.00       0.00000E+00
    120.00       0.00000E+00
    130.00       0.00000E+00
    140.00       0.00000E+00
    150.00       0.00000E+00
    160.00       0.00000E+00
    170.00       0.00000E+00
    180.00       0.00000E+00
    190.00       0.00000E+00
    200.00       0.00000E+00
    210.00       0.00000E+00
    220.00       0.00000E+00
    230.00       0.00000E+00
    240.00       0.00000E+00
    250.00       0.00000E+00
    260.00       0.00000E+00
    270.00       0.00000E+00
    280.00       0.00000E+00
    290.00       0.00000E+00
    300.00       0.00000E+00
    310.00       0.00000E+00
    320.00       0.00000E+00
    330.00       0.00000E+00
    340.00       0.00000E+00
    350.00       0.00000E+00
    360.00       0.00000E+00
    370.00       0.00000E+00
    380.00       0.00000E+00
    390.00       0.00000E+00
    400.00       0.00000E+00
    410.00       0.00000E+00
    420.00       0.00000E+00
    430.00       0.00000E+00
    440.00       0.00000E+00
    450.00       0.00000E+00
    460.00       0.00000E+00
    470.00       0.00000E+00
    480.00       0.00000E+00
    490.00       1.21176E-38
    500.00       5.63012E-38
    510.00       2.46175E-37
    520.00       1.01655E-36
    530.00       3.97716E-36
    540.00       1.47875E-35
    550.00       5.23959E-35
    560.00       1.77378E-34
    570.00       5.75118E-34
    580.00       1.78993E-33
    590.00       5.35845E-33
    600.00       1.54606E-32
    610.00       4.30697E-32
    620.00       1.16045E-31
    630.00       3.02888E-31
    640.00       7.66979E-31
    650.00       1.88686E-30
    660.00       4.51567E-30
    670.00       1.05263E-29
    680.00       2.39277E-29
    690.00       5.30975E-29
    700.00       1.15144E-28
    710.00       2.44254E-28
    720.00       5.07295E-28
    730.00       1.03247E-27
    740.00       2.06091E-27
    750.00       4.03775E-27
    760.00       7.77031E-27
    770.00       1.46983E-26
    780.00       2.73467E-26
    790.00       5.00756E-26
    800.00       9.03022E-26
    810.00       1.60460E-25
    820.00       2.81100E-25
    830.00       4.85749E-25
    840.00       8.28384E-25
    850.00       1.39483E-24
    860.00       2.31993E-24
    870.00       3.81309E-24
    880.00       6.19589E-24
    890.00       9.95694E-24
    900.00       1.58308E-23
    910.00       2.49109E-23
    920.00       3.88088E-23
    930.00       5.98785E-23
    940.00       9.15253E-23
    950.00       1.38635E-22
    960.00       2.08154E-22
    970.00       3.09888E-22
    980.00       4.57551E-22
    990.00       6.70193E-22
   1000.00       9.74076E-22
   1010.00       1.40513E-21
   1020.00       2.01218E-21
   1030.00       2.86114E-21
   1040.00       4.04036E-21
   1050.00       5.66757E-21
   1060.00       7.89866E-21
   1070.00       1.09388E-20
   1080.00       1.50563E-20
   1090.00       2.06004E-20
   1100.00       2.80231E-20
   1110.00       3.79053E-20
   1120.00       5.09918E-20
   1130.00       6.82306E-20
   1140.00       9.08234E-20
   1150.00       1.20286E-19
   1160.00       1.58521E-19
   1170.00       2.07907E-19
   1180.00       2.71404E-19
   1190.00       3.52680E-19
   1200.00       4.56262E-19
   1210.00       5.87706E-19
   1220.00       7.53816E-19
   1230.00       9.62894E-19
   1240.00       1.22502E-18
   1250.00       1.55238E-18
   1260.00       1.95969E-18
   1270.00       2.46461E-18
   1280.00       3.08832E-18
   1290.00       3.85606E-18
   1300.00       4.79788E-18
   1310.00       5.94942E-18
   1320.00       7.35278E-18
   1330.00       9.05766E-18
   1340.00       1.11225E-17
   1350.00       1.36155E-17
   1360.00       1.66167E-17
   1370.00       2.02191E-17
   1380.00       2.45312E-17
   1390.00       2.96782E-17
   1400.00       3.58052E-17
   1410.00       4.30799E-17
   1420.00       5.16942E-17
   1430.00       6.18694E-17
   1440.00       7.38587E-17
   1450.00       8.79504E-17
   1460.00       1.04475E-16
   1470.00       1.23807E-16
   1480.00       1.46370E-16
   1490.00       1.72648E-16
   1500.00       2.03184E-16
   1510.00       2.38593E-16
   1520.00       2.79566E-16
   1530.00       3.26880E-16
   1540.00       3.81407E-16
   1550.00       4.44120E-16
   1560.00       5.16111E-16
   1570.00       5.98593E-16
   1580.00       6.92919E-16
   1590.00       8.00596E-16
   1600.00       9.23293E-16
   1610.00       1.06286E-15
   1620.00       1.22134E-15
   1630.00       1.40099E-15
   1640.00       1.60430E-15
   1650.00       1.83402E-15
   1660.00       2.09316E-15
   1670.00       2.38504E-15
   1680.00       2.71327E-15
   1690.00       3.08183E-15
   1700.00       3.49506E-15
   1710.00       3.95770E-15
   1720.00       4.47492E-15
   1730.00       5.05234E-15
   1740.00       5.69609E-15
   1750.00       6.41279E-15
   1760.00       7.20965E-15
   1770.00       8.09451E-15
   1780.00       9.07579E-15
   1790.00       1.01626E-14
   1800.00       1.13649E-14
   1810.00       1.26932E-14
   1820.00       1.41590E-14
   1830.00       1.57747E-14
   1840.00       1.75534E-14
   1850.00       1.95094E-14
   1860.00       2.16580E-14
   1870.00       2.40155E-14
   1880.00       2.65994E-14
   1890.00       2.94284E-14
   1900.00       3.25227E-14
   1910.00       3.59033E-14
   1920.00       3.95931E-14
   1930.00       4.36167E-14
   1940.00       4.79995E-14
   1950.00       5.27691E-14
   1960.00       5.79547E-14
   1970.00       6.35873E-14
   1980.00       6.96996E-14
   1990.00       7.63269E-14
   2000.00       8.35057E-14
   2010.00       9.12751E-14
   2020.00       9.96765E-14
   2030.00       1.08754E-13
   2040.00       1.18552E-13
   2050.00       1.29121E-13
   2060.00       1.40512E-13
   2070.00       1.52778E-13
   2080.00       1.65976E-13
   2090.00       1.80166E-13
   2100.00       1.95412E-13
   2110.00       2.11778E-13
   2120.00       2.29334E-13
   2130.00       2.48154E-13
   2140.00       2.68313E-13
   2150.00       2.89890E-13
   2160.00       3.12970E-13
   2170.00       3.37640E-13
   2180.00       3.63991E-13
   2190.00       3.92121E-13
   2200.00       4.22127E-13
   2210.00       4.54114E-13
   2220.00       4.88190E-13
   2230.00       5.24470E-13
   2240.00       5.63073E-13
   2250.00       6.04121E-13
   2260.00       6.47740E-13
   2270.00       6.94066E-13
   2280.00       7.43237E-13
   2290.00       7.95396E-13
   2300.00       8.50694E-13
   2310.00       9.09284E-13
   2320.00       9.71332E-13
   2330.00       1.03700E-12
   2340.00       1.10646E-12
   2350.00       1.17990E-12
   2360.00       1.25750E-12
   2370.00       1.33945E-12
   2380.00       1.42595E-12
   2390.00       1.51722E-12
   2400.00       1.61346E-12
   2410.00       1.71488E-12
   2420.00       1.82173E-12
   2430.00       1.93422E-12
   2440.00       2.05261E-12
   2450.00       2.17716E-12
   2460.00       2.30809E-12
   2470.00       2.44570E-12
   2480.00       2.59025E-12
   2490.00       2.74202E-12
   2500.00       2.90131E-12
   2510.00       3.06840E-12
   2520.00       3.24361E-12
   2530.00       3.42726E-12
   2540.00       3.61965E-12
   2550.00       3.82115E-12
   2560.00       4.03208E-12
   2570.00       4.25278E-12
   2580.00       4.48363E-12
   2590.00       4.72498E-12
   2600.00       4.97724E-12
   2610.00       5.24078E-12
   2620.00       5.51599E-12
   2630.00       5.80329E-12
   2640.00       6.10309E-12
   2650.00       6.41584E-12
   2660.00       6.74194E-12
   2670.00       7.08187E-12
   2680.00       7.43610E-12
   2690.00       7.80505E-12
   2700.00       8.18924E-12
   2710.00       8.58913E-12
   2720.00       9.00527E-12
   2730.00       9.43810E-12
   2740.00       9.88820E-12
   2750.00       1.03561E-11
   2760.00       1.08423E-11
   2770.00       1.13474E-11
   2780.00       1.18719E-11
   2790.00       1.24165E-11
   2800.00       1.29816E-11
   2810.00       1.35680E-11
   2820.00       1.41762E-11
   2830.00       1.48068E-11
   2840.00       1.54605E-11
   2850.00       1.61379E-11
   2860.00       1.68397E-11
   2870.00       1.75665E-11
   2880.00       1.83191E-11
   2890.00       1.90980E-11
   2900.00       1.99041E-11
   2910.00       2.07379E-11
   2920.00       2.16003E-11
   2930.00       2.24920E-11
   2940.00       2.34138E-11
   2950.00       2.43662E-11
   2960.00       2.53502E-11
   2970.00       2.63666E-11
   2980.00       2.74161E-11
   2990.00       2.84995E-11
   3000.00       2.96177E-11
   3010.00       3.07715E-11
   3020.00       3.19615E-11
   3030.00       3.31890E-11
   3040.00       3.44545E-11
   3050.00       3.57591E-11
   3060.00       3.71034E-11
   3070.00       3.84886E-11
   3080.00       3.99155E-11
   3090.00       4.13848E-11
   3100.00       4.28979E-11
   3110.00       4.44552E-11
   3120.00       4.60582E-11
   3130.00       4.77073E-11
   3140.00       4.94039E-11
   3150.00       5.11488E-11
   3160.00       5.29430E-11
   3170.00       5.47876E-11
   3180.00       5.66834E-11
   3190.00       5.86317E-11
   3200.00       6.06333E-11
   3210.00       6.26895E-11
   3220.00       6.48011E-11
   3230.00       6.69692E-11
   3240.00       6.91952E-11
   3250.00       7.14797E-11
   3260.00       7.38241E-11
   3270.00       7.62294E-11
   3280.00       7.86968E-11
   3290.00       8.12275E-11
   3300.00       8.38224E-11
   3310.00       8.64828E-11
   3320.00       8.92097E-11
   3330.00       9.20044E-11
   3340.00       9.48681E-11
   3350.00       9.78020E-11
   3360.00       1.00807E-10
   3370.00       1.03885E-10
   3380.00       1.07036E-10
   3390.00       1.10262E-10
   3400.00       1.13565E-10
   3410.00       1.16945E-10
   3420.00       1.20403E-10
   3430.00       1.23942E-10
   3440.00       1.27561E-10
   3450.00       1.31263E-10
   3460.00       1.35049E-10
   3470.00       1.38919E-10
   3480.00       1.42876E-10
   3490.00       1.46921E-10
   3500.00       1.51054E-10
   3510.00       1.55277E-10
   3520.00       1.59591E-10
   3530.00       1.63999E-10
   3540.00       1.68500E-10
   3550.00       1.73097E-10
   3560.00       1.77791E-10
   3570.00       1.82582E-10
   3580.00       1.87473E-10
   3590.00       1.92465E-10
   3600.00       1.97559E-10
   3610.00       2.02757E-10
   3620.00       2.08059E-10
   3630.00       2.13467E-10
   3640.00       2.18984E-10
   3650.00       2.24609E-10
   3660.00       2.30345E-10
   3670.00       2.36192E-10
   3680.00       2.42152E-10
   3690.00       2.48227E-10
   3700.00       2.54418E-10
   3710.00       2.60726E-10
   3720.00       2.67154E-10
   3730.00       2.73701E-10
   3740.00       2.80370E-10
   3750.00       2.87162E-10
   3760.00       2.94078E-10
   3770.00       3.01120E-10
   3780.00       3.08290E-10
   3790.00       3.15588E-10
   3800.00       3.23017E-10
   3810.00       3.30576E-10
   3820.00       3.38269E-10
   3830.00       3.46097E-10
   3840.00       3.54060E-10
   3850.00       3.62160E-10
   3860.00       3.70400E-10
   3870.00       3.78779E-10
   3880.00       3.87300E-10
   3890.00       3.95964E-10
   3900.00       4.04773E-10
   3910.00       4.13727E-10
   3920.00       4.22829E-10
   3930.00       4.32080E-10
   3940.00       4.41481E-10
   3950.00       4.51033E-10
   3960.00       4.60739E-10
   3970.00       4.70599E-10
   3980.00       4.80616E-10
   3990.00       4.90789E-10
   4000.00       5.01122E-10
   4010.00       5.11615E-10
   4020.00       5.22269E-10
   4030.00       5.33087E-10
   4040.00       5.44069E-10
   4050.00       5.55218E-10
   4060.00       5.66533E-10
   4070.00       5.78017E-10
   4080.00       5.89672E-10
   4090.00       6.01499E-10
   4100.00       6.13499E-10
   4110.00       6.25673E-10
   4120.00       6.38023E-10
   4130.00       6.50550E-10
   4140.00       6.63256E-10
   4150.00       6.76142E-10
   4160.00       6.89209E-10
   4170.00       7.02460E-10
   4180.00       7.15894E-10
   4190.00       7.29515E-10
   4200.00       7.43321E-10
   4210.00       7.57318E-10
   4220.00       7.71503E-10
   4230.00       7.85879E-10
   4240.00       8.00448E-10
   4250.00       8.15211E-10
   4260.00       8.30170E-10
   4270.00       8.45323E-10
   4280.00       8.60677E-10
   4290.00       8.76227E-10
   4300.00       8.91980E-10
   4310.00       9.07934E-10
   4320.00       9.24090E-10
   4330.00       9.40452E-10
   4340.00       9.57019E-10
   4350.00       9.73793E-10
   4360.00       9.90775E-10
   4370.00       1.00797E-09
   4380.00       1.02537E-09
   4390.00       1.04299E-09
   4400.00       1.06081E-09
   4410.00       1.07886E-09
   4420.00       1.09712E-09
   4430.00       1.11559E-09
   4440.00       1.13429E-09
   4450.00       1.15320E-09
   4460.00       1.17234E-09
   4470.00       1.19169E-09
   4480.00       1.21127E-09
   4490.00       1.23108E-09
   4500.00       1.25111E-09
   4510.00       1.27137E-09
   4520.00       1.29186E-09
   4530.00       1.31257E-09
   4540.00       1.33352E-09
   4550.00       1.35469E-09
   4560.00       1.37610E-09
   4570.00       1.39775E-09
   4580.00       1.41962E-09
   4590.00       1.44174E-09
   4600.00       1.46409E-09
   4610.00       1.48668E-09
   4620.00       1.50951E-09
   4630.00       1.53258E-09
   4640.00       1.55589E-09
   4650.00       1.57944E-09
   4660.00       1.60324E-09
   4670.00       1.62728E-09
   4680.00       1.65157E-09
   4690.00       1.67610E-09
   4700.00       1.70088E-09
   4710.00       1.72592E-09
   4720.00       1.75119E-09
   4730.00       1.77672E-09
   4740.00       1.80251E-09
   4750.00       1.82855E-09
   4760.00       1.85483E-09
   4770.00       1.88138E-09
   4780.00       1.90818E-09
   4790.00       1.93524E-09
   4800.00       1.96255E-09
   4810.00       1.99012E-09
   4820.00       2.01795E-09
   4830.00       2.04604E-09
   4840.00       2.07440E-09
   4850.00       2.10301E-09
   4860.00       2.13189E-09
   4870.00       2.16103E-09
   4880.00       2.19044E-09
   4890.00       2.22011E-09
   4900.00       2.25005E-09
   4910.00       2.28025E-09
   4920.00       2.31072E-09
   4930.00       2.34146E-09
   4940.00       2.37247E-09
   4950.00       2.40375E-09
   4960.00       2.43530E-09
   4970.00       2.46713E-09
   4980.00       2.49922E-09
   4990.00       2.53159E-09
   5000.00       2.56423E-09
   5010.00       2.59715E-09
   5020.00       2.63034E-09
   5030.00       2.66381E-09
   5040.00       2.69756E-09
   5050.00       2.73158E-09
   5060.00       2.76588E-09
   5070.00       2.80046E-09
   5080.00       2.83531E-09
   5090.00       2.87045E-09
   6000.00       7.29025E-09
   7000.00       1.49003E-08
   8000.00       2.48673E-08
   9000.00       3.63444E-08
  10000.00       4.84903E-08
