       N2_  0.127663260707E+05  0.700335000000E+01
    01   -->    00    0.1858177362E+04
    02   -->    01    0.1834407052E+04
    03   -->    02    0.1803196479E+04
    04   -->    03    0.1773545611E+04
    05   -->    04    0.1744142110E+04
    06   -->    05    0.1714438929E+04
    07   -->    06    0.1684720566E+04
    08   -->    07    0.1655134353E+04
    09   -->    08    0.1625679098E+04
    10   -->    09    0.1596117997E+04
    11   -->    10    0.1566665286E+04
    12   -->    11    0.1537160885E+04
    13   -->    12    0.1507643470E+04
    14   -->    13    0.1478184737E+04
    15   -->    14    0.1448717258E+04
    16   -->    15    0.1419271312E+04
    17   -->    16    0.1389743073E+04
    18   -->    17    0.1360110876E+04
    19   -->    18    0.1330437024E+04
    20   -->    19    0.1300781194E+04
    21   -->    20    0.1271199743E+04
    22   -->    21    0.1241601492E+04
    23   -->    22    0.1211920615E+04
    24   -->    23    0.1182163055E+04
    25   -->    24    0.1152318517E+04
    26   -->    25    0.1122435899E+04
    27   -->    26    0.1092565053E+04
    28   -->    27    0.1062724635E+04
    29   -->    28    0.1032856699E+04
    30   -->    29    0.1002940675E+04
    31   -->    30    0.9731508691E+03
    32   -->    31    0.9436401214E+03
    33   -->    32    0.9143449489E+03
    34   -->    33    0.8851289647E+03
    35   -->    34    0.8560768619E+03
    36   -->    35    0.8273947782E+03
    37   -->    36    0.7992305428E+03
    38   -->    37    0.7715749176E+03
    39   -->    38    0.7441817256E+03
    40   -->    39    0.7171191516E+03
    41   -->    40    0.6908815363E+03
    42   -->    41    0.6652530786E+03
    43   -->    42    0.6397238067E+03
    44   -->    43    0.6146250738E+03
    45   -->    44    0.5900436471E+03
    46   -->    45    0.5657107583E+03
    47   -->    46    0.5417082871E+03
    48   -->    47    0.5178624028E+03
    49   -->    48    0.4941245025E+03
    50   -->    49    0.4705815870E+03
    51   -->    50    0.4467720176E+03
    52   -->    51    0.4228133081E+03
    53   -->    52    0.3989913853E+03
    54   -->    53    0.3748933728E+03
    55   -->    54    0.3506927729E+03
    56   -->    55    0.3261427467E+03
    57   -->    56    0.3011431993E+03
    58   -->    57    0.2755704543E+03
    59   -->    58    0.2497092335E+03
    60   -->    59    0.2239228139E+03
    61   -->    60    0.1979851275E+03
    62   -->    61    0.1718999745E+03
    63   -->    62    0.1461662076E+03
    64   -->    63    0.1215187309E+03
    65   -->    64    0.1047733135E+03
    66   -->    65    0.1085600186E+03
    67   -->    66    0.1247720036E+03
    68   -->    67    0.1403101112E+03
    69   -->    68    0.1536787585E+03
    70   -->    69    0.1655118718E+03
    71   -->    70    0.1762630844E+03
    72   -->    71    0.1862285433E+03
    73   -->    72    0.1955731786E+03
    74   -->    73    0.2044233381E+03
    75   -->    74    0.2128651125E+03
    76   -->    75    0.2209604951E+03
    77   -->    76    0.2287598011E+03
    78   -->    77    0.2362998684E+03
    79   -->    78    0.2436141455E+03
    80   -->    79    0.2507255170E+03
    81   -->    80    0.2576562914E+03
    82   -->    81    0.2644236546E+03
    83   -->    82    0.2710428560E+03
    84   -->    83    0.2775260600E+03
    85   -->    84    0.2838853149E+03
    86   -->    85    0.2901297954E+03
    87   -->    86    0.2962686455E+03
    88   -->    87    0.3023084165E+03
    89   -->    88    0.3082562795E+03
    90   -->    89    0.3141187828E+03
    91   -->    90    0.3199010863E+03
    92   -->    91    0.3256077171E+03
    93   -->    92    0.3312427048E+03
    94   -->    93    0.3368110411E+03
    95   -->    94    0.3423162315E+03
    96   -->    95    0.3477614357E+03
    97   -->    96    0.3531489395E+03
    98   -->    97    0.3584824077E+03
    99   -->    98    0.3637649399E+03
   100   -->    99    0.3689980666E+03
   101   -->   100    0.3741840473E+03
   102   -->   101    0.3793251086E+03
   103   -->   102    0.3844236807E+03
   104   -->   103    0.3894813449E+03
   105   -->   104    0.3944986648E+03
   106   -->   105    0.3994788454E+03
   107   -->   106    0.4044229669E+03
   108   -->   107    0.4093311752E+03
   109   -->   108    0.4142064386E+03
   110   -->   109    0.4190491470E+03
   111   -->   110    0.4238601975E+03
   112   -->   111    0.4286416272E+03
   113   -->   112    0.4333933871E+03
   114   -->   113    0.4381171703E+03
   115   -->   114    0.4428138547E+03
   116   -->   115    0.4474837234E+03
   117   -->   116    0.4521285659E+03
   118   -->   117    0.4567482834E+03
   119   -->   118    0.4613440768E+03
   120   -->   119    0.4659166760E+03
   121   -->   120    0.4704664268E+03
   122   -->   121    0.4749943797E+03
   123   -->   122    0.4795008652E+03
   124   -->   123    0.4839866164E+03
   125   -->   124    0.4884521479E+03
   126   -->   125    0.4928979718E+03
   127   -->   126    0.4973247366E+03
   128   -->   127    0.5017327498E+03
   129   -->   128    0.5061226752E+03
   130   -->   129    0.5104948516E+03
   131   -->   130    0.5148497039E+03
   132   -->   131    0.5191876568E+03
   133   -->   132    0.5235091524E+03
   134   -->   133    0.5278145639E+03
   135   -->   134    0.5321042373E+03
   136   -->   135    0.5363785704E+03
   137   -->   136    0.5406378734E+03
   138   -->   137    0.5448824718E+03
   139   -->   138    0.5491127244E+03
   140   -->   139    0.5533288608E+03
   141   -->   140    0.5575312252E+03
   142   -->   141    0.5617201378E+03
   143   -->   142    0.5658958728E+03
   144   -->   143    0.5700586435E+03
   145   -->   144    0.5742087541E+03
   146   -->   145    0.5783464748E+03
   147   -->   146    0.5824720374E+03
   148   -->   147    0.5865855491E+03
   149   -->   148    0.5906873721E+03
   150   -->   149    0.5947777280E+03
   151   -->   150    0.5988568396E+03
   152   -->   151    0.6029246917E+03
   153   -->   152    0.6069818120E+03
   154   -->   153    0.6110281645E+03
   155   -->   154    0.6150640320E+03
   156   -->   155    0.6190895302E+03
   157   -->   156    0.6231050559E+03
   158   -->   157    0.6271103321E+03
   159   -->   158    0.6311060985E+03
   160   -->   159    0.6350919835E+03
   161   -->   160    0.6390685606E+03
   162   -->   161    0.6430357556E+03
   163   -->   162    0.6469940999E+03
   164   -->   163    0.6509430599E+03
   165   -->   164    0.6548837950E+03
   166   -->   165    0.6588154265E+03
   167   -->   166    0.6627389989E+03
   168   -->   167    0.6666538471E+03
   169   -->   168    0.6705610999E+03
   170   -->   169    0.6744594907E+03
   171   -->   170    0.6783511320E+03
   172   -->   171    0.6822338161E+03
   173   -->   172    0.6861103641E+03
   174   -->   173    0.6899779236E+03
   175   -->   174    0.6938400195E+03
   176   -->   175    0.6976929145E+03
   177   -->   176    0.7015411883E+03
   178   -->   177    0.7053798514E+03
   179   -->   178    0.7092148936E+03
   180   -->   179    0.7130398155E+03
   181   -->   180    0.7168623093E+03
   182   -->   181    0.7206738618E+03
   183   -->   182    0.7244845028E+03
   184   -->   183    0.7282830022E+03
   185   -->   184    0.7320825008E+03
   186   -->   185    0.7358681598E+03
   187   -->   186    0.7396572687E+03
   188   -->   187    0.7434302243E+03
   189   -->   188    0.7472097375E+03
   190   -->   189    0.7509700011E+03
   191   -->   190    0.7547408009E+03
   192   -->   191    0.7584881987E+03
   193   -->   192    0.7622512409E+03
   194   -->   193    0.7659853836E+03
   195   -->   194    0.7697418056E+03
   196   -->   195    0.7734620857E+03
   197   -->   196    0.7772131759E+03
   198   -->   197    0.7809186605E+03
   199   -->   198    0.7846660234E+03
   200   -->   199    0.7883554100E+03
   201   -->   200    0.7921010091E+03
   202   -->   201    0.7957725035E+03
   203   -->   202    0.7995187768E+03
   204   -->   203    0.8031700381E+03
   205   -->   204    0.8069200375E+03
   206   -->   205    0.8105479129E+03
   207   -->   206    0.8143054701E+03
   208   -->   207    0.8179059242E+03
   209   -->   208    0.8216759730E+03
   210   -->   209    0.8252438076E+03
   211   -->   210    0.8290326517E+03
   212   -->   211    0.8325612513E+03
   213   -->   212    0.8363768432E+03
   214   -->   213    0.8398576279E+03
   215   -->   214    0.8437100359E+03
   216   -->   215    0.8471320677E+03
   217   -->   216    0.8510340334E+03
   218   -->   217    0.8543835179E+03
   219   -->   218    0.8583511651E+03
   220   -->   219    0.8616103934E+03
   221   -->   220    0.8656639977E+03
   222   -->   221    0.8688105896E+03
   223   -->   222    0.8729755270E+03
   224   -->   223    0.8759812763E+03
   225   -->   224    0.8802894252E+03
   226   -->   225    0.8831187358E+03
   227   -->   226    0.8876099710E+03
   228   -->   227    0.8902182135E+03
   229   -->   228    0.8949424898E+03
   230   -->   229    0.8972739237E+03
   231   -->   230    0.9022934242E+03
   232   -->   231    0.9042786020E+03
   233   -->   232    0.9096705834E+03
   234   -->   233    0.9112232127E+03
   235   -->   234    0.9170835989E+03
   236   -->   235    0.9180966702E+03
   237   -->   236    0.9245440958E+03
   238   -->   237    0.9248855239E+03
   239   -->   238    0.9320662684E+03
   240   -->   239    0.9315734417E+03
   241   -->   240    0.9396672832E+03
   242   -->   241    0.9381406265E+03
   243   -->   242    0.9473680031E+03
   244   -->   243    0.9445634363E+03
   245   -->   244    0.9551936053E+03
   246   -->   245    0.9508135246E+03
   247   -->   246    0.9631742057E+03
   248   -->   247    0.9568569687E+03
   249   -->   248    0.9713455746E+03
   250   -->   249    0.9626534211E+03
   251   -->   250    0.9797502414E+03
   252   -->   251    0.9681552841E+03
   253   -->   252    0.9884383751E+03
   254   -->   253    0.9733065496E+03
   255   -->   254    0.9974687617E+03
   256   -->   255    0.9780417472E+03
   257   -->   256    0.1006910000E+04
   258   -->   257    0.9822851350E+03
   259   -->   258    0.1016841712E+04
   260   -->   259    0.9859497404E+03
   261   -->   260    0.1027355466E+04
   262   -->   261    0.9889364760E+03
   263   -->   262    0.1038555599E+04
   264   -->   263    0.9911337104E+03
   265   -->   264    0.1050559851E+04
   266   -->   265    0.9924171667E+03
   267   -->   266    0.1063499441E+04
   268   -->   267    0.9926503609E+03
   269   -->   268    0.1077518442E+04
   270   -->   269    0.9916858064E+03
   271   -->   270    0.1092772412E+04
   272   -->   271    0.9893674022E+03
   273   -->   272    0.1109425848E+04
   274   -->   273    0.9855340077E+03
   275   -->   274    0.1127648295E+04
   276   -->   275    0.9800247537E+03
   277   -->   276    0.1147608838E+04
   278   -->   277    0.9726861416E+03
   279   -->   278    0.1169468853E+04
   280   -->   279    0.9633811280E+03
   281   -->   280    0.1193372791E+04
   282   -->   281    0.9519998184E+03
   283   -->   282    0.1219437351E+04
   284   -->   283    0.9384712680E+03
   285   -->   284    0.1247739387E+04
   286   -->   285    0.9227753939E+03
   287   -->   286    0.1278303690E+04
   288   -->   287    0.9049537224E+03
   289   -->   288    0.1311092131E+04
   290   -->   289    0.8851171986E+03
   291   -->   290    0.1345995754E+04
   292   -->   291    0.8634491075E+03
   293   -->   292    0.1382831562E+04
   294   -->   293    0.8402018064E+03
   295   -->   294    0.1421345807E+04
   296   -->   295    0.8156869114E+03
   297   -->   296    0.1461224090E+04
   298   -->   297    0.7902587889E+03
   299   -->   298    0.1502107795E+04
   300   -->   299    0.7642934460E+03
   301   -->   300    0.1543615318E+04
   302   -->   301    0.7381658487E+03
   303   -->   302    0.1585365036E+04
   304   -->   303    0.7122282752E+03
   305   -->   304    0.1626997145E+04
   306   -->   305    0.6867928145E+03
   307   -->   306    0.1668191662E+04
   308   -->   307    0.6621190838E+03
   309   -->   308    0.1708680730E+04
   310   -->   309    0.6384082998E+03
   311   -->   310    0.1748254775E+04
   312   -->   311    0.6158031980E+03
   313   -->   312    0.1786762774E+04
   314   -->   313    0.5943924984E+03
   315   -->   314    0.1824108036E+04
   316   -->   315    0.5742182927E+03
   317   -->   316    0.1860240898E+04
   318   -->   317    0.5552849923E+03
   319   -->   318    0.1895150070E+04
   320   -->   319    0.5375683195E+03
   321   -->   320    0.1928853789E+04
   322   -->   321    0.5210233544E+03
   323   -->   322    0.1961391729E+04
   324   -->   323    0.5055914768E+03
   325   -->   324    0.1992818013E+04
   326   -->   325    0.4912061423E+03
   327   -->   326    0.2023195569E+04
   328   -->   327    0.4777970239E+03
   329   -->   328    0.2052591826E+04
   330   -->   329    0.4652930283E+03
   331   -->   330    0.2081075498E+04
   332   -->   331    0.4536246556E+03
   333   -->   332    0.2108714271E+04
   334   -->   333    0.4427254468E+03
   335   -->   334    0.2135573289E+04
   336   -->   335    0.4325327424E+03
   337   -->   336    0.2161714201E+04
   338   -->   337    0.4229882559E+03
   339   -->   338    0.2187194583E+04
   340   -->   339    0.4140383049E+03
   341   -->   340    0.2212067685E+04
   342   -->   341    0.4056337603E+03
   343   -->   342    0.2236382443E+04
   344   -->   343    0.3977298098E+03
   345   -->   344    0.2260183616E+04
   346   -->   345    0.3902857576E+03
   347   -->   346    0.2283512034E+04
   348   -->   347    0.3832646271E+03
   349   -->   348    0.2306404910E+04
   350   -->   349    0.3766328058E+03
   351   -->   350    0.2328896134E+04
   352   -->   351    0.3703597727E+03
   353   -->   352    0.2351016538E+04
   354   -->   353    0.3644178423E+03
   355   -->   354    0.2372794140E+04
   356   -->   355    0.3587819236E+03
   357   -->   356    0.2394254378E+04
   358   -->   357    0.3534292842E+03
   359   -->   358    0.2415420361E+04
   360   -->   359    0.3483392912E+03
   361   -->   360    0.2436313086E+04
   362   -->   361    0.3434932381E+03
   363   -->   362    0.2456951602E+04
   364   -->   363    0.3388742007E+03
   365   -->   364    0.2477353196E+04
   366   -->   365    0.3344668471E+03
   367   -->   366    0.2497533580E+04
   368   -->   367    0.3302572252E+03
   369   -->   368    0.2517507035E+04
   370   -->   369    0.3262327001E+03
   371   -->   370    0.2537286535E+04
   372   -->   371    0.3223818282E+03
   373   -->   372    0.2556883908E+04
   374   -->   373    0.3186941290E+03
   375   -->   374    0.2576309994E+04
   376   -->   375    0.3151600039E+03
   377   -->   376    0.2595574797E+04
   378   -->   377    0.3117705137E+03
   379   -->   378    0.2614687591E+04
   380   -->   379    0.3085173811E+03
   381   -->   380    0.2633656941E+04
   382   -->   381    0.3053930009E+03
   383   -->   382    0.2652490754E+04
   384   -->   383    0.3023903284E+03
   385   -->   384    0.2671196348E+04
   386   -->   385    0.2995028511E+03
   387   -->   386    0.2689780479E+04
   388   -->   387    0.2967245721E+03
   389   -->   388    0.2708249389E+04
   390   -->   389    0.2940499630E+03
   391   -->   390    0.2726608866E+04
   392   -->   391    0.2914738569E+03
   393   -->   392    0.2744864307E+04
   394   -->   393    0.2889914403E+03
   395   -->   394    0.2763020719E+04
   396   -->   395    0.2865982873E+03
   397   -->   396    0.2781082751E+04
   398   -->   397    0.2842902566E+03
   399   -->   398    0.2799054770E+04
   400   -->   399    0.2820634260E+03
   401   -->   400    0.2816940875E+04
   402   -->   401    0.2799141477E+03
   403   -->   402    0.2834744895E+04
   404   -->   403    0.2778390052E+03
   405   -->   404    0.2852470430E+04
   406   -->   405    0.2758347690E+03
   407   -->   406    0.2870120864E+04
   408   -->   407    0.2738984206E+03
   409   -->   408    0.2887699372E+04
   410   -->   409    0.2720271202E+03
   411   -->   410    0.2905208923E+04
   412   -->   411    0.2702182274E+03
   413   -->   412    0.2922652288E+04
   414   -->   413    0.2684692805E+03
   415   -->   414    0.2940032046E+04
   416   -->   415    0.2667779992E+03
   417   -->   416    0.2957350591E+04
   418   -->   417    0.2651422788E+03
   419   -->   418    0.2974610168E+04
   420   -->   419    0.2635601138E+03
   421   -->   420    0.2991812904E+04
   422   -->   421    0.2620296046E+03
   423   -->   422    0.3008960809E+04
   424   -->   423    0.2605489672E+03
   425   -->   424    0.3026055772E+04
   426   -->   425    0.2591165271E+03
   427   -->   426    0.3043099584E+04
   428   -->   427    0.2577306803E+03
   429   -->   428    0.3060093956E+04
   430   -->   429    0.2563898918E+03
   431   -->   430    0.3077040517E+04
   432   -->   431    0.2550927093E+03
   433   -->   432    0.3093940831E+04
   434   -->   433    0.2538377134E+03
   435   -->   434    0.3110796412E+04
   436   -->   435    0.2526235341E+03
   437   -->   436    0.3127608706E+04
   438   -->   437    0.2514488765E+03
   439   -->   438    0.3144379083E+04
   440   -->   439    0.2503125110E+03
   441   -->   440    0.3161108838E+04
   442   -->   441    0.2492132845E+03
   443   -->   442    0.3177799186E+04
   444   -->   443    0.2481501171E+03
   445   -->   444    0.3194451245E+04
   446   -->   445    0.2471220489E+03
   447   -->   446    0.3211066048E+04
   448   -->   447    0.2461281709E+03
   449   -->   448    0.3227644610E+04
   450   -->   449    0.2451675387E+03
   451   -->   450    0.3244187922E+04
   452   -->   451    0.2442392746E+03
   453   -->   452    0.3260696914E+04
   454   -->   453    0.2433425580E+03
   455   -->   454    0.3277172480E+04
   456   -->   455    0.2424765789E+03
   457   -->   456    0.3293615489E+04
   458   -->   457    0.2416405486E+03
   459   -->   458    0.3310026761E+04
   460   -->   459    0.2408337554E+03
   461   -->   460    0.3326407059E+04
   462   -->   461    0.2400555250E+03
   463   -->   462    0.3342757126E+04
   464   -->   463    0.2393051733E+03
   465   -->   464    0.3359077687E+04
   466   -->   465    0.2385820534E+03
   467   -->   466    0.3375369424E+04
   468   -->   467    0.2378855688E+03
   469   -->   468    0.3391632976E+04
   470   -->   469    0.2372151511E+03
   471   -->   470    0.3407868942E+04
   472   -->   471    0.2365702780E+03
   473   -->   472    0.3424077892E+04
   474   -->   473    0.2359504452E+03
   475   -->   474    0.3440260377E+04
   476   -->   475    0.2353551507E+03
   477   -->   476    0.3456416900E+04
   478   -->   477    0.2347839844E+03
   479   -->   478    0.3472547906E+04
   480   -->   479    0.2342365799E+03
   481   -->   480    0.3488653847E+04
   482   -->   481    0.2337124876E+03
   483   -->   482    0.3504735199E+04
   484   -->   483    0.2332112904E+03
   485   -->   484    0.3520792427E+04
   486   -->   485    0.2327325557E+03
   487   -->   486    0.3536825983E+04
   488   -->   487    0.2322758844E+03
   489   -->   488    0.3552836282E+04
   490   -->   489    0.2318409308E+03
   491   -->   490    0.3568823716E+04
   492   -->   491    0.2314273294E+03
   493   -->   492    0.3584788687E+04
   494   -->   493    0.2310347111E+03
   495   -->   494    0.3600731576E+04
   496   -->   495    0.2306627505E+03
   497   -->   496    0.3616652728E+04
   498   -->   497    0.2303111511E+03
   499   -->   498    0.3632552479E+04
   500   -->   499    0.2299796017E+03
   501   -->   500    0.3648431145E+04
   502   -->   501    0.2296678351E+03
   503   -->   502    0.3664288981E+04
   504   -->   503    0.2293756768E+03
   505   -->   504    0.3680126206E+04
   506   -->   505    0.2291029353E+03
   507   -->   506    0.3695943062E+04
   508   -->   507    0.2288493675E+03
   509   -->   508    0.3711739788E+04
   510   -->   509    0.2286147907E+03
   511   -->   510    0.3727516575E+04
   512   -->   511    0.2283990703E+03
   513   -->   512    0.3743273639E+04
   514   -->   513    0.2282019651E+03
   515   -->   514    0.3759011255E+04
   516   -->   515    0.2280231988E+03
   517   -->   516    0.3774729655E+04
   518   -->   517    0.2278626241E+03
   519   -->   518    0.3790428999E+04
   520   -->   519    0.2277201299E+03
   521   -->   520    0.3806109464E+04
   522   -->   521    0.2275955168E+03
   523   -->   522    0.3821771239E+04
   524   -->   523    0.2274886445E+03
   525   -->   524    0.3837414470E+04
   526   -->   525    0.2273994063E+03
   527   -->   526    0.3853039305E+04
   528   -->   527    0.2273276579E+03
   529   -->   528    0.3868645914E+04
   530   -->   529    0.2272732378E+03
   531   -->   530    0.3884234442E+04
   532   -->   531    0.2272360484E+03
   533   -->   532    0.3899804997E+04
   534   -->   533    0.2272160164E+03
   535   -->   534    0.3915357653E+04
   536   -->   535    0.2272131019E+03
   537   -->   536    0.3930892478E+04
   538   -->   537    0.2272272522E+03
   539   -->   538    0.3946409549E+04
   540   -->   539    0.2272583984E+03
   541   -->   540    0.3961908947E+04
   542   -->   541    0.2273064789E+03
   543   -->   542    0.3977390706E+04
   544   -->   543    0.2273715210E+03
   545   -->   544    0.3992854868E+04
   546   -->   545    0.2274534649E+03
   547   -->   546    0.4008301595E+04
   548   -->   547    0.2275520569E+03
   549   -->   548    0.4023731048E+04
   550   -->   549    0.2276672344E+03
   551   -->   550    0.4039143266E+04
   552   -->   551    0.2277990269E+03
   553   -->   552    0.4054538261E+04
   554   -->   553    0.2279474073E+03
   555   -->   554    0.4069916040E+04
   556   -->   555    0.2281124239E+03
   557   -->   556    0.4085276621E+04
   558   -->   557    0.2282940145E+03
   559   -->   558    0.4100620039E+04
   560   -->   559    0.2284921924E+03
   561   -->   560    0.4115946272E+04
   562   -->   561    0.2287070146E+03
   563   -->   562    0.4131255269E+04
   564   -->   563    0.2289385580E+03
   565   -->   564    0.4146546986E+04
   566   -->   565    0.2291868546E+03
   567   -->   566    0.4161821370E+04
   568   -->   567    0.2294520001E+03
   569   -->   568    0.4177078312E+04
   570   -->   569    0.2297341528E+03
   571   -->   570    0.4192317749E+04
   572   -->   571    0.2300333106E+03
   573   -->   572    0.4207539723E+04
   574   -->   573    0.2303493941E+03
   575   -->   574    0.4222744217E+04
   576   -->   575    0.2306825272E+03
   577   -->   576    0.4237931134E+04
   578   -->   577    0.2310328253E+03
   579   -->   578    0.4253100481E+04
   580   -->   579    0.2314001701E+03
   581   -->   580    0.4268252313E+04
   582   -->   581    0.2317845561E+03
   583   -->   582    0.4283386509E+04
   584   -->   583    0.2321862656E+03
   585   -->   584    0.4298502879E+04
   586   -->   585    0.2326054433E+03
   587   -->   586    0.4313601382E+04
   588   -->   587    0.2330420302E+03
   589   -->   588    0.4328681987E+04
   590   -->   589    0.2334961431E+03
   591   -->   590    0.4343744574E+04
   592   -->   591    0.2339679367E+03
   593   -->   592    0.4358789037E+04
   594   -->   593    0.2344574870E+03
   595   -->   594    0.4373815277E+04
   596   -->   595    0.2349649188E+03
   597   -->   596    0.4388823119E+04
   598   -->   597    0.2354904764E+03
   599   -->   598    0.4403812332E+04
   600   -->   599    0.2360344073E+03
   601   -->   600    0.4418782704E+04
   602   -->   601    0.2365969085E+03
   603   -->   602    0.4433734083E+04
   604   -->   603    0.2371781014E+03
   605   -->   604    0.4448666349E+04
   606   -->   605    0.2377781148E+03
   607   -->   606    0.4463579373E+04
   608   -->   607    0.2383970816E+03
   609   -->   608    0.4478472992E+04
   610   -->   609    0.2390352172E+03
   611   -->   610    0.4493347096E+04
   612   -->   611    0.2396925450E+03
   613   -->   612    0.4508201709E+04
   614   -->   613    0.2403689588E+03
   615   -->   614    0.4523036639E+04
   616   -->   615    0.2410649438E+03
   617   -->   616    0.4537851384E+04
   618   -->   617    0.2417811055E+03
   619   -->   618    0.4552645602E+04
   620   -->   619    0.2425175327E+03
   621   -->   620    0.4567419086E+04
   622   -->   621    0.2432745368E+03
   623   -->   622    0.4582171604E+04
   624   -->   623    0.2440522930E+03
   625   -->   624    0.4596902874E+04
   626   -->   625    0.2448511788E+03
   627   -->   626    0.4611612520E+04
   628   -->   627    0.2456716072E+03
   629   -->   628    0.4626300162E+04
   630   -->   629    0.2465139442E+03
   631   -->   630    0.4640965505E+04
   632   -->   631    0.2473784188E+03
   633   -->   632    0.4655608257E+04
   634   -->   633    0.2482653906E+03
   635   -->   634    0.4670228078E+04
   636   -->   635    0.2491752132E+03
   637   -->   636    0.4684824773E+04
   638   -->   637    0.2501079186E+03
   639   -->   638    0.4699398260E+04
   640   -->   639    0.2510636015E+03
   641   -->   640    0.4713948187E+04
   642   -->   641    0.2520428882E+03
   643   -->   642    0.4728474072E+04
   644   -->   643    0.2530461835E+03
   645   -->   644    0.4742975722E+04
   646   -->   645    0.2540734347E+03
   647   -->   646    0.4757452902E+04
   648   -->   647    0.2551251136E+03
   649   -->   648    0.4771904916E+04
   650   -->   649    0.2562022302E+03
   651   -->   650    0.4786331174E+04
   652   -->   651    0.2573050139E+03
   653   -->   652    0.4800731538E+04
   654   -->   653    0.2584334335E+03
   655   -->   654    0.4815105709E+04
   656   -->   655    0.2595880868E+03
   657   -->   656    0.4829453039E+04
   658   -->   657    0.2607697549E+03
   659   -->   658    0.4843772933E+04
   660   -->   659    0.2619788447E+03
   661   -->   660    0.4858064883E+04
   662   -->   661    0.2632159506E+03
   663   -->   662    0.4872328208E+04
   664   -->   663    0.2644818745E+03
   665   -->   664    0.4886562218E+04
   666   -->   665    0.2657772440E+03
   667   -->   666    0.4900766445E+04
   668   -->   667    0.2671023490E+03
   669   -->   668    0.4914940552E+04
   670   -->   669    0.2684575589E+03
   671   -->   670    0.4929084116E+04
   672   -->   671    0.2698433323E+03
   673   -->   672    0.4943196641E+04
   674   -->   673    0.2712602003E+03
   675   -->   674    0.4957277517E+04
   676   -->   675    0.2727088748E+03
   677   -->   676    0.4971326167E+04
   678   -->   677    0.2741898023E+03
   679   -->   678    0.4985342050E+04
   680   -->   679    0.2757035357E+03
   681   -->   680    0.4999323948E+04
   682   -->   681    0.2772520015E+03
   683   -->   682    0.5013270225E+04
   684   -->   683    0.2788367849E+03
   685   -->   684    0.5027180236E+04
   686   -->   685    0.2804575061E+03
   687   -->   686    0.5041053685E+04
   688   -->   687    0.2821149877E+03
   689   -->   688    0.5054889688E+04
   690   -->   689    0.2838102724E+03
   691   -->   690    0.5068687168E+04
   692   -->   691    0.2855444507E+03
   693   -->   692    0.5082445016E+04
   694   -->   693    0.2873187428E+03
   695   -->   694    0.5096162271E+04
   696   -->   695    0.2891338445E+03
   697   -->   696    0.5109838307E+04
   698   -->   697    0.2909902761E+03
   699   -->   698    0.5123472371E+04
   700   -->   699    0.2928889985E+03
   701   -->   700    0.5137063573E+04
   702   -->   701    0.2948308841E+03
   703   -->   702    0.5150611315E+04
   704   -->   703    0.2968162028E+03
   705   -->   704    0.5164114926E+04
   706   -->   705    0.2988459022E+03
   707   -->   706    0.5177572829E+04
   708   -->   707    0.3009223107E+03
   709   -->   708    0.5190983382E+04
   710   -->   709    0.3030465555E+03
   711   -->   710    0.5204345916E+04
   712   -->   711    0.3052186443E+03
   713   -->   712    0.5217659286E+04
   714   -->   713    0.3074407400E+03
   715   -->   714    0.5230921012E+04
   716   -->   715    0.3097159979E+03
   717   -->   716    0.5244129639E+04
   718   -->   717    0.3120442340E+03
   719   -->   718    0.5257285019E+04
   720   -->   719    0.3144254945E+03
   721   -->   720    0.5270385653E+04
   722   -->   721    0.3168627402E+03
   723   -->   722    0.5283428673E+04
   724   -->   723    0.3193591444E+03
   725   -->   724    0.5296412091E+04
   726   -->   725    0.3219154350E+03
   727   -->   726    0.5309334556E+04
   728   -->   727    0.3245334323E+03
   729   -->   728    0.5322193991E+04
   730   -->   729    0.3272156478E+03
   731   -->   730    0.5334988509E+04
   732   -->   731    0.3299634136E+03
   733   -->   732    0.5347717195E+04
   734   -->   733    0.3327770231E+03
   735   -->   734    0.5360378910E+04
   736   -->   735    0.3356583453E+03
   737   -->   736    0.5372971657E+04
   738   -->   737    0.3386094826E+03
   739   -->   738    0.5385493097E+04
   740   -->   739    0.3416330849E+03
   741   -->   740    0.5397940399E+04
   742   -->   741    0.3447322270E+03
   743   -->   742    0.5410310788E+04
   744   -->   743    0.3479093765E+03
   745   -->   744    0.5422601260E+04
   746   -->   745    0.3511678564E+03
   747   -->   746    0.5434806746E+04
   748   -->   747    0.3545148778E+03
   749   -->   748    0.5446922252E+04
   750   -->   749    0.3579540967E+03
   751   -->   750    0.5458947693E+04
   752   -->   751    0.3614811725E+03
   753   -->   752    0.5470882766E+04
   754   -->   753    0.3651000866E+03
   755   -->   754    0.5482722602E+04
   756   -->   755    0.3688176622E+03
   757   -->   756    0.5494462346E+04
   758   -->   757    0.3726367452E+03
   759   -->   758    0.5506098538E+04
   760   -->   759    0.3765616599E+03
   761   -->   760    0.5517628505E+04
   762   -->   761    0.3805931968E+03
   763   -->   762    0.5529050629E+04
   764   -->   763    0.3847334442E+03
   765   -->   764    0.5540361618E+04
   766   -->   765    0.3889868309E+03
   767   -->   766    0.5551557387E+04
   768   -->   767    0.3933574138E+03
   769   -->   768    0.5562634764E+04
   770   -->   769    0.3978471020E+03
   771   -->   770    0.5573589311E+04
   772   -->   771    0.4024623440E+03
   773   -->   772    0.5584412455E+04
   774   -->   773    0.4072149010E+03
   775   -->   774    0.5595097245E+04
   776   -->   775    0.4121077846E+03
   777   -->   776    0.5605641995E+04
   778   -->   777    0.4171394547E+03
   779   -->   778    0.5616040485E+04
   780   -->   779    0.4223235178E+03
   781   -->   780    0.5626279827E+04
   782   -->   781    0.4276750817E+03
   783   -->   782    0.5636356068E+04
   784   -->   783    0.4331865007E+03
   785   -->   784    0.5646270785E+04
   786   -->   785    0.4388581097E+03
   787   -->   786    0.5656012504E+04
   788   -->   787    0.4447141305E+03
   789   -->   788    0.5665562446E+04
   790   -->   789    0.4507719198E+03
   791   -->   790    0.5674914087E+04
   792   -->   791    0.4570254548E+03
   793   -->   792    0.5684064746E+04
   794   -->   793    0.4634837932E+03
   795   -->   794    0.5693003133E+04
   796   -->   795    0.4701627891E+03
   797   -->   796    0.5701720369E+04
   798   -->   797    0.4770645453E+03
   799   -->   798    0.5710214716E+04
   800   -->   799    0.4841876074E+03
   801   -->   800    0.5718477526E+04
   802   -->   801    0.4915496796E+03
   803   -->   802    0.5726492154E+04
   804   -->   803    0.4991678540E+03
   805   -->   804    0.5734240396E+04
   806   -->   805    0.5070625700E+03
   807   -->   806    0.5741702616E+04
   808   -->   807    0.5152529000E+03
   809   -->   808    0.5748861417E+04
   810   -->   809    0.5237539457E+03
   811   -->   810    0.5755695176E+04
   812   -->   811    0.5325918930E+03
   813   -->   812    0.5762165248E+04
   814   -->   813    0.5418247689E+03
   815   -->   814    0.5768246395E+04
   816   -->   815    0.5514556377E+03
   817   -->   816    0.5773966943E+04
   818   -->   817    0.5614049262E+03
   819   -->   818    0.5779327455E+04
   820   -->   819    0.5717341891E+03
   821   -->   820    0.5784258471E+04
   822   -->   821    0.5825524856E+03
   823   -->   822    0.5788711911E+04
   824   -->   823    0.5938467968E+03
   825   -->   824    0.5792677401E+04
   826   -->   825    0.6056463427E+03
   827   -->   826    0.5796149462E+04
   828   -->   827    0.6179279994E+03
   829   -->   828    0.5799121718E+04
   830   -->   829    0.6307172932E+03
   831   -->   830    0.5801550566E+04
   832   -->   831    0.6440808599E+03
   833   -->   832    0.5803387889E+04
   834   -->   833    0.6580604436E+03
   835   -->   834    0.5804612941E+04
   836   -->   835    0.6726383318E+03
   837   -->   836    0.5805167305E+04
   838   -->   837    0.6879310671E+03
   839   -->   838    0.5804902552E+04
   840   -->   839    0.7041754844E+03
   841   -->   840    0.5803767876E+04
   842   -->   841    0.7212669298E+03
   843   -->   842    0.5801858526E+04
   844   -->   843    0.7389825983E+03
   845   -->   844    0.5799019904E+04
   846   -->   845    0.7578508724E+03
   847   -->   846    0.5794888346E+04
   848   -->   847    0.7783439171E+03
   849   -->   848    0.5789649476E+04
   850   -->   849    0.7995365871E+03
   851   -->   850    0.5783678781E+04
   852   -->   851    0.8210881740E+03
   853   -->   852    0.5776401455E+04
   854   -->   853    0.8447593926E+03
   855   -->   854    0.5766966151E+04
   856   -->   855    0.8711941122E+03
   857   -->   856    0.5755852011E+04
   858   -->   857    0.8983194291E+03
   859   -->   858    0.5743518501E+04
   860   -->   859    0.9265231583E+03
   861   -->   860    0.5728994027E+04
   862   -->   861    0.9582956318E+03
   863   -->   862    0.5711594599E+04
   864   -->   863    0.9930181303E+03
   865   -->   864    0.5691205398E+04
   866   -->   865    0.1030448801E+04
   867   -->   866    0.5665791874E+04
   868   -->   867    0.1076798279E+04
   869   -->   868    0.5639670964E+04
   870   -->   869    0.1119894173E+04
   871   -->   870    0.5632257844E+04
   872   -->   871    0.1105398982E+04
   873   -->   872    0.5609649939E+04
   874   -->   873    0.1097267749E+04
   875   -->   874    0.5405626927E+04
   876   -->   875    0.1511418767E+04
   877   -->   876    0.5126033115E+04
   878   -->   877    0.2044595611E+04
   879   -->   878    0.5076824121E+04
   880   -->   879    0.1840839303E+04
   881   -->   880    0.4882482961E+04
   882   -->   881    0.1260110760E+04
   883   -->   882    0.4681734945E+04
   884   -->   883    0.3208544969E+04
   885   -->   884    0.4515915732E+04
   886   -->   885    0.3887369933E+04
   887   -->   886    0.4591641284E+04
   888   -->   887    0.4213442082E+04
   889   -->   888    0.4778955576E+04
   890   -->   889    0.4389650530E+04
   891   -->   890    0.4103956342E+04
   892   -->   891    0.1748459075E+04
   893   -->   892    0.4716675292E+04
   894   -->   893    0.5620172616E+04
   895   -->   894    0.6087243694E+04
   896   -->   895    0.6573809601E+05
