    100.00       1.14350E-22
    110.00       3.97988E-21
    120.00       7.58067E-20
    130.00       9.09006E-19
    140.00       7.58266E-18
    150.00       4.73418E-17
    160.00       2.33685E-16
    170.00       9.50943E-16
    180.00       3.29556E-15
    190.00       9.97890E-15
    200.00       2.69469E-14
    210.00       6.59770E-14
    220.00       1.48459E-13
    230.00       3.10453E-13
    240.00       6.08964E-13
    250.00       1.12922E-12
    260.00       1.99256E-12
    270.00       3.36453E-12
    280.00       5.46256E-12
    290.00       8.56289E-12
    300.00       1.30061E-11
    310.00       1.92010E-11
    320.00       2.76268E-11
    330.00       3.88332E-11
    340.00       5.34383E-11
    350.00       7.21246E-11
    360.00       9.56345E-11
    370.00       1.24761E-10
    380.00       1.60344E-10
    390.00       2.03256E-10
    400.00       2.54396E-10
    410.00       3.14677E-10
    420.00       3.85022E-10
    430.00       4.66345E-10
    440.00       5.59550E-10
    450.00       6.65520E-10
    460.00       7.85104E-10
    470.00       9.19120E-10
    480.00       1.06834E-09
    490.00       1.23348E-09
    500.00       1.41522E-09
    510.00       1.61416E-09
    520.00       1.83086E-09
    530.00       2.06581E-09
    540.00       2.31944E-09
    550.00       2.59210E-09
    560.00       2.88411E-09
    570.00       3.19568E-09
    580.00       3.52701E-09
    590.00       3.87818E-09
    600.00       4.24928E-09
    610.00       4.64028E-09
    620.00       5.05113E-09
    630.00       5.48171E-09
    640.00       5.93188E-09
    650.00       6.40142E-09
    660.00       6.89009E-09
    670.00       7.39760E-09
    680.00       7.92362E-09
    690.00       8.46779E-09
    700.00       9.02973E-09
    710.00       9.60901E-09
    720.00       1.02052E-08
    730.00       1.08178E-08
    740.00       1.14464E-08
    750.00       1.20904E-08
    760.00       1.27493E-08
    770.00       1.34227E-08
    780.00       1.41099E-08
    790.00       1.48104E-08
    800.00       1.55237E-08
    810.00       1.62491E-08
    820.00       1.69862E-08
    830.00       1.77344E-08
    840.00       1.84931E-08
    850.00       1.92617E-08
    860.00       2.00397E-08
    870.00       2.08266E-08
    880.00       2.16217E-08
    890.00       2.24246E-08
    900.00       2.32347E-08
    910.00       2.40515E-08
    920.00       2.48745E-08
    930.00       2.57032E-08
    940.00       2.65370E-08
    950.00       2.73754E-08
    960.00       2.82181E-08
    970.00       2.90645E-08
    980.00       2.99141E-08
    990.00       3.07666E-08
   1000.00       3.16215E-08
   1010.00       3.24783E-08
   1020.00       3.33367E-08
   1030.00       3.41963E-08
   1040.00       3.50567E-08
   1050.00       3.59174E-08
   1060.00       3.67782E-08
   1070.00       3.76387E-08
   1080.00       3.84985E-08
   1090.00       3.93574E-08
   1100.00       4.02150E-08
   1110.00       4.10709E-08
   1120.00       4.19251E-08
   1130.00       4.27770E-08
   1140.00       4.36265E-08
   1150.00       4.44733E-08
   1160.00       4.53172E-08
   1170.00       4.61579E-08
   1180.00       4.69952E-08
   1190.00       4.78288E-08
   1200.00       4.86587E-08
   1210.00       4.94845E-08
   1220.00       5.03060E-08
   1230.00       5.11232E-08
   1240.00       5.19358E-08
   1250.00       5.27436E-08
   1260.00       5.35466E-08
   1270.00       5.43445E-08
   1280.00       5.51373E-08
   1290.00       5.59247E-08
   1300.00       5.67067E-08
   1310.00       5.74831E-08
   1320.00       5.82539E-08
   1330.00       5.90189E-08
   1340.00       5.97781E-08
   1350.00       6.05313E-08
   1360.00       6.12785E-08
   1370.00       6.20195E-08
   1380.00       6.27544E-08
   1390.00       6.34830E-08
   1400.00       6.42053E-08
   1410.00       6.49212E-08
   1420.00       6.56307E-08
   1430.00       6.63337E-08
   1440.00       6.70303E-08
   1450.00       6.77202E-08
   1460.00       6.84036E-08
   1470.00       6.90804E-08
   1480.00       6.97505E-08
   1490.00       7.04140E-08
   1500.00       7.10708E-08
   1510.00       7.17209E-08
   1520.00       7.23643E-08
   1530.00       7.30010E-08
   1540.00       7.36311E-08
   1550.00       7.42543E-08
   1560.00       7.48708E-08
   1570.00       7.54807E-08
   1580.00       7.60838E-08
   1590.00       7.66802E-08
   1600.00       7.72699E-08
   1610.00       7.78530E-08
   1620.00       7.84294E-08
   1630.00       7.89991E-08
   1640.00       7.95622E-08
   1650.00       8.01188E-08
   1660.00       8.06687E-08
   1670.00       8.12121E-08
   1680.00       8.17490E-08
   1690.00       8.22794E-08
   1700.00       8.28033E-08
   1710.00       8.33207E-08
   1720.00       8.38317E-08
   1730.00       8.43364E-08
   1740.00       8.48347E-08
   1750.00       8.53267E-08
   1760.00       8.58125E-08
   1770.00       8.62920E-08
   1780.00       8.67653E-08
   1790.00       8.72325E-08
   1800.00       8.76935E-08
   1810.00       8.81485E-08
   1820.00       8.85975E-08
   1830.00       8.90404E-08
   1840.00       8.94774E-08
   1850.00       8.99085E-08
   1860.00       9.03338E-08
   1870.00       9.07531E-08
   1880.00       9.11668E-08
   1890.00       9.15747E-08
   1900.00       9.19769E-08
   1910.00       9.23735E-08
   1920.00       9.27645E-08
   1930.00       9.31500E-08
   1940.00       9.35299E-08
   1950.00       9.39044E-08
   1960.00       9.42735E-08
   1970.00       9.46372E-08
   1980.00       9.49956E-08
   1990.00       9.53487E-08
   2000.00       9.56967E-08
   2010.00       9.60394E-08
   2020.00       9.63770E-08
   2030.00       9.67096E-08
   2040.00       9.70371E-08
   2050.00       9.73596E-08
   2060.00       9.76772E-08
   2070.00       9.79900E-08
   2080.00       9.82978E-08
   2090.00       9.86009E-08
   2100.00       9.88992E-08
   2110.00       9.91928E-08
   2120.00       9.94818E-08
   2130.00       9.97661E-08
   2140.00       1.00046E-07
   2150.00       1.00321E-07
   2160.00       1.00592E-07
   2170.00       1.00858E-07
   2180.00       1.01120E-07
   2190.00       1.01378E-07
   2200.00       1.01631E-07
   2210.00       1.01880E-07
   2220.00       1.02125E-07
   2230.00       1.02366E-07
   2240.00       1.02603E-07
   2250.00       1.02835E-07
   2260.00       1.03064E-07
   2270.00       1.03288E-07
   2280.00       1.03509E-07
   2290.00       1.03726E-07
   2300.00       1.03938E-07
   2310.00       1.04147E-07
   2320.00       1.04353E-07
   2330.00       1.04554E-07
   2340.00       1.04752E-07
   2350.00       1.04946E-07
   2360.00       1.05137E-07
   2370.00       1.05324E-07
   2380.00       1.05507E-07
   2390.00       1.05687E-07
   2400.00       1.05863E-07
   2410.00       1.06037E-07
   2420.00       1.06206E-07
   2430.00       1.06373E-07
   2440.00       1.06536E-07
   2450.00       1.06695E-07
   2460.00       1.06852E-07
   2470.00       1.07005E-07
   2480.00       1.07156E-07
   2490.00       1.07303E-07
   2500.00       1.07447E-07
   2510.00       1.07588E-07
   2520.00       1.07726E-07
   2530.00       1.07860E-07
   2540.00       1.07992E-07
   2550.00       1.08122E-07
   2560.00       1.08248E-07
   2570.00       1.08371E-07
   2580.00       1.08492E-07
   2590.00       1.08610E-07
   2600.00       1.08725E-07
   2610.00       1.08837E-07
   2620.00       1.08947E-07
   2630.00       1.09054E-07
   2640.00       1.09158E-07
   2650.00       1.09260E-07
   2660.00       1.09359E-07
   2670.00       1.09456E-07
   2680.00       1.09550E-07
   2690.00       1.09642E-07
   2700.00       1.09731E-07
   2710.00       1.09818E-07
   2720.00       1.09903E-07
   2730.00       1.09985E-07
   2740.00       1.10065E-07
   2750.00       1.10142E-07
   2760.00       1.10218E-07
   2770.00       1.10291E-07
   2780.00       1.10362E-07
   2790.00       1.10430E-07
   2800.00       1.10497E-07
   2810.00       1.10561E-07
   2820.00       1.10623E-07
   2830.00       1.10684E-07
   2840.00       1.10742E-07
   2850.00       1.10798E-07
   2860.00       1.10852E-07
   2870.00       1.10904E-07
   2880.00       1.10954E-07
   2890.00       1.11002E-07
   2900.00       1.11049E-07
   2910.00       1.11093E-07
   2920.00       1.11136E-07
   2930.00       1.11176E-07
   2940.00       1.11215E-07
   2950.00       1.11252E-07
   2960.00       1.11288E-07
   2970.00       1.11321E-07
   2980.00       1.11353E-07
   2990.00       1.11383E-07
   3000.00       1.11412E-07
   3010.00       1.11439E-07
   3020.00       1.11464E-07
   3030.00       1.11487E-07
   3040.00       1.11509E-07
   3050.00       1.11529E-07
   3060.00       1.11548E-07
   3070.00       1.11565E-07
   3080.00       1.11581E-07
   3090.00       1.11595E-07
   3100.00       1.11608E-07
   3110.00       1.11619E-07
   3120.00       1.11629E-07
   3130.00       1.11637E-07
   3140.00       1.11644E-07
   3150.00       1.11650E-07
   3160.00       1.11654E-07
   3170.00       1.11657E-07
   3180.00       1.11658E-07
   3190.00       1.11658E-07
   3200.00       1.11657E-07
   3210.00       1.11655E-07
   3220.00       1.11651E-07
   3230.00       1.11646E-07
   3240.00       1.11640E-07
   3250.00       1.11632E-07
   3260.00       1.11623E-07
   3270.00       1.11613E-07
   3280.00       1.11602E-07
   3290.00       1.11590E-07
   3300.00       1.11577E-07
   3310.00       1.11562E-07
   3320.00       1.11547E-07
   3330.00       1.11530E-07
   3340.00       1.11512E-07
   3350.00       1.11493E-07
   3360.00       1.11473E-07
   3370.00       1.11452E-07
   3380.00       1.11430E-07
   3390.00       1.11407E-07
   3400.00       1.11383E-07
   3410.00       1.11358E-07
   3420.00       1.11331E-07
   3430.00       1.11304E-07
   3440.00       1.11276E-07
   3450.00       1.11247E-07
   3460.00       1.11217E-07
   3470.00       1.11187E-07
   3480.00       1.11155E-07
   3490.00       1.11122E-07
   3500.00       1.11089E-07
   3510.00       1.11054E-07
   3520.00       1.11019E-07
   3530.00       1.10983E-07
   3540.00       1.10946E-07
   3550.00       1.10908E-07
   3560.00       1.10870E-07
   3570.00       1.10830E-07
   3580.00       1.10790E-07
   3590.00       1.10749E-07
   3600.00       1.10708E-07
   3610.00       1.10665E-07
   3620.00       1.10622E-07
   3630.00       1.10578E-07
   3640.00       1.10533E-07
   3650.00       1.10488E-07
   3660.00       1.10442E-07
   3670.00       1.10395E-07
   3680.00       1.10347E-07
   3690.00       1.10299E-07
   3700.00       1.10250E-07
   3710.00       1.10201E-07
   3720.00       1.10151E-07
   3730.00       1.10100E-07
   3740.00       1.10048E-07
   3750.00       1.09996E-07
   3760.00       1.09943E-07
   3770.00       1.09890E-07
   3780.00       1.09836E-07
   3790.00       1.09782E-07
   3800.00       1.09726E-07
   3810.00       1.09671E-07
   3820.00       1.09615E-07
   3830.00       1.09558E-07
   3840.00       1.09500E-07
   3850.00       1.09442E-07
   3860.00       1.09384E-07
   3870.00       1.09325E-07
   3880.00       1.09266E-07
   3890.00       1.09206E-07
   3900.00       1.09145E-07
   3910.00       1.09084E-07
   3920.00       1.09023E-07
   3930.00       1.08961E-07
   3940.00       1.08898E-07
   3950.00       1.08835E-07
   3960.00       1.08772E-07
   3970.00       1.08708E-07
   3980.00       1.08644E-07
   3990.00       1.08579E-07
   4000.00       1.08514E-07
   4010.00       1.08448E-07
   4020.00       1.08382E-07
   4030.00       1.08316E-07
   4040.00       1.08249E-07
   4050.00       1.08182E-07
   4060.00       1.08114E-07
   4070.00       1.08046E-07
   4080.00       1.07978E-07
   4090.00       1.07909E-07
   4100.00       1.07840E-07
   4110.00       1.07770E-07
   4120.00       1.07700E-07
   4130.00       1.07630E-07
   4140.00       1.07559E-07
   4150.00       1.07488E-07
   4160.00       1.07417E-07
   4170.00       1.07346E-07
   4180.00       1.07274E-07
   4190.00       1.07201E-07
   4200.00       1.07129E-07
   4210.00       1.07056E-07
   4220.00       1.06983E-07
   4230.00       1.06909E-07
   4240.00       1.06835E-07
   4250.00       1.06761E-07
   4260.00       1.06687E-07
   4270.00       1.06612E-07
   4280.00       1.06537E-07
   4290.00       1.06462E-07
   4300.00       1.06387E-07
   4310.00       1.06311E-07
   4320.00       1.06235E-07
   4330.00       1.06159E-07
   4340.00       1.06082E-07
   4350.00       1.06005E-07
   4360.00       1.05928E-07
   4370.00       1.05851E-07
   4380.00       1.05774E-07
   4390.00       1.05696E-07
   4400.00       1.05618E-07
   4410.00       1.05540E-07
   4420.00       1.05462E-07
   4430.00       1.05383E-07
   4440.00       1.05304E-07
   4450.00       1.05225E-07
   4460.00       1.05146E-07
   4470.00       1.05067E-07
   4480.00       1.04987E-07
   4490.00       1.04907E-07
   4500.00       1.04827E-07
   4510.00       1.04747E-07
   4520.00       1.04667E-07
   4530.00       1.04587E-07
   4540.00       1.04506E-07
   4550.00       1.04425E-07
   4560.00       1.04344E-07
   4570.00       1.04263E-07
   4580.00       1.04182E-07
   4590.00       1.04100E-07
   4600.00       1.04019E-07
   4610.00       1.03937E-07
   4620.00       1.03855E-07
   4630.00       1.03773E-07
   4640.00       1.03691E-07
   4650.00       1.03608E-07
   4660.00       1.03526E-07
   4670.00       1.03443E-07
   4680.00       1.03361E-07
   4690.00       1.03278E-07
   4700.00       1.03195E-07
   4710.00       1.03112E-07
   4720.00       1.03029E-07
   4730.00       1.02945E-07
   4740.00       1.02862E-07
   4750.00       1.02778E-07
   4760.00       1.02695E-07
   4770.00       1.02611E-07
   4780.00       1.02527E-07
   4790.00       1.02443E-07
   4800.00       1.02359E-07
   4810.00       1.02275E-07
   4820.00       1.02191E-07
   4830.00       1.02107E-07
   4840.00       1.02022E-07
   4850.00       1.01938E-07
   4860.00       1.01853E-07
   4870.00       1.01769E-07
   4880.00       1.01684E-07
   4890.00       1.01599E-07
   4900.00       1.01515E-07
   4910.00       1.01430E-07
   4920.00       1.01345E-07
   4930.00       1.01260E-07
   4940.00       1.01175E-07
   4950.00       1.01090E-07
   4960.00       1.01005E-07
   4970.00       1.00919E-07
   4980.00       1.00834E-07
   4990.00       1.00749E-07
   5000.00       1.00663E-07
   5010.00       1.00578E-07
   5020.00       1.00492E-07
   5030.00       1.00407E-07
   5040.00       1.00321E-07
   5050.00       1.00236E-07
   5060.00       1.00150E-07
   5070.00       1.00064E-07
   5080.00       9.99788E-08
   5090.00       9.98931E-08
   6000.00       9.21412E-08
   7000.00       8.42149E-08
   8000.00       7.71857E-08
   9000.00       7.10445E-08
  10000.00       6.56916E-08
