    0     -108.4434     -108.1552     -108.1173     -108.0716     -108.0500     -108.0494     -108.0255     -108.0085     -107.9493     -107.9220
     -107.8867     -107.8567     -107.8316     -107.7989     -107.7896     -107.7513     -108.4445     -108.0851     -108.0756     -108.0504
     -108.0249     -108.0081     -107.9742     -107.9551     -107.9159     -107.8089     -107.7828     -107.7700     -107.7646     -107.7345
     -107.7137     -108.4452     -108.0863     -108.0748     -108.0504     -108.0219     -108.0081     -107.9773     -107.9531     -107.9139
     -107.8098     -107.7841     -107.7697     -107.7646     -107.7339     -107.7146     -108.1173     -108.0752     -108.0716     -108.0520
     -108.0492     -108.0253     -107.9494     -107.9387     -107.8956     -107.8864     -107.8431     -107.8317     -107.8099     -107.7896
     -108.3268     -108.2338     -108.2101     -108.1970     -108.0269     -107.9634     -107.9504     -107.8951     -107.8842     -107.8277
     -107.8137     -107.8085     -107.8005     -107.7710     -107.7528     -107.7311     -108.2971     -108.2526     -108.2313     -108.1964
     -108.1030     -107.9429     -107.8990     -107.8677     -107.8567     -107.8203     -107.7995     -107.7829     -107.7391     -108.2985
     -108.2526     -108.2291     -108.1947     -108.1030     -107.9432     -107.8985     -107.8674     -107.8567     -107.8222     -107.7989
     -107.7834     -107.7391     -108.2338     -108.2275     -108.2100     -108.2037     -107.9634     -107.9383     -107.8881     -107.8840
     -107.8086     -107.8005     -107.7776     -107.7710     -107.7527     -107.7442     -108.2169     -108.1830     -108.1158     -108.1101
     -107.9898     -107.9585     -107.8659     -107.8611     -107.8376     -107.7200     -108.1280     -108.1221     -108.0489     -107.9011
     -107.8420     -107.8302     -107.8058     -107.7908     -107.7622     -108.1293     -108.1224     -108.0485     -107.9017     -107.8442
     -107.8302     -107.8052     -107.7904     -107.7617     -108.1830     -108.1529     -108.1103     -108.0828     -107.9587     -107.9425
     -107.8645     -108.3637     -108.3031     -107.9570     -107.9411     -107.9169     -107.8873     -107.7149     -108.3290     -108.0194
     -107.9647     -107.8928     -107.8881     -107.8803     -107.8399     -107.7352     -107.7270     -108.3326     -108.0190     -107.9647
     -107.8921     -107.8881     -107.8807     -107.8421     -107.7347     -107.7258     -108.3031     -108.2769     -108.0118     -107.9569
     -107.9201     -107.9169     -107.8969     -107.7934     -107.7148
