    100.00       7.12762E-12
    110.00       1.78479E-11
    120.00       3.80323E-11
    130.00       7.16825E-11
    140.00       1.22817E-10
    150.00       1.95133E-10
    160.00       2.91770E-10
    170.00       4.15189E-10
    180.00       5.67123E-10
    190.00       7.48600E-10
    200.00       9.59996E-10
    210.00       1.20111E-09
    220.00       1.47126E-09
    230.00       1.76936E-09
    240.00       2.09398E-09
    250.00       2.44349E-09
    260.00       2.81605E-09
    270.00       3.20971E-09
    280.00       3.62246E-09
    290.00       4.05225E-09
    300.00       4.49706E-09
    310.00       4.95489E-09
    320.00       5.42381E-09
    330.00       5.90195E-09
    340.00       6.38756E-09
    350.00       6.87896E-09
    360.00       7.37458E-09
    370.00       7.87295E-09
    380.00       8.37273E-09
    390.00       8.87266E-09
    400.00       9.37160E-09
    410.00       9.86849E-09
    420.00       1.03624E-08
    430.00       1.08525E-08
    440.00       1.13379E-08
    450.00       1.18180E-08
    460.00       1.22923E-08
    470.00       1.27600E-08
    480.00       1.32209E-08
    490.00       1.36744E-08
    500.00       1.41203E-08
    510.00       1.45581E-08
    520.00       1.49878E-08
    530.00       1.54090E-08
    540.00       1.58216E-08
    550.00       1.62255E-08
    560.00       1.66206E-08
    570.00       1.70069E-08
    580.00       1.73842E-08
    590.00       1.77526E-08
    600.00       1.81122E-08
    610.00       1.84629E-08
    620.00       1.88048E-08
    630.00       1.91379E-08
    640.00       1.94624E-08
    650.00       1.97783E-08
    660.00       2.00858E-08
    670.00       2.03850E-08
    680.00       2.06760E-08
    690.00       2.09589E-08
    700.00       2.12338E-08
    710.00       2.15010E-08
    720.00       2.17606E-08
    730.00       2.20126E-08
    740.00       2.22573E-08
    750.00       2.24949E-08
    760.00       2.27254E-08
    770.00       2.29491E-08
    780.00       2.31660E-08
    790.00       2.33764E-08
    800.00       2.35805E-08
    810.00       2.37783E-08
    820.00       2.39701E-08
    830.00       2.41559E-08
    840.00       2.43360E-08
    850.00       2.45106E-08
    860.00       2.46796E-08
    870.00       2.48434E-08
    880.00       2.50020E-08
    890.00       2.51556E-08
    900.00       2.53044E-08
    910.00       2.54484E-08
    920.00       2.55879E-08
    930.00       2.57229E-08
    940.00       2.58536E-08
    950.00       2.59801E-08
    960.00       2.61025E-08
    970.00       2.62210E-08
    980.00       2.63357E-08
    990.00       2.64467E-08
   1000.00       2.65541E-08
   1010.00       2.66580E-08
   1020.00       2.67586E-08
   1030.00       2.68559E-08
   1040.00       2.69500E-08
   1050.00       2.70411E-08
   1060.00       2.71293E-08
   1070.00       2.72146E-08
   1080.00       2.72971E-08
   1090.00       2.73770E-08
   1100.00       2.74542E-08
   1110.00       2.75290E-08
   1120.00       2.76013E-08
   1130.00       2.76714E-08
   1140.00       2.77391E-08
   1150.00       2.78047E-08
   1160.00       2.78681E-08
   1170.00       2.79295E-08
   1180.00       2.79890E-08
   1190.00       2.80465E-08
   1200.00       2.81022E-08
   1210.00       2.81561E-08
   1220.00       2.82083E-08
   1230.00       2.82588E-08
   1240.00       2.83078E-08
   1250.00       2.83552E-08
   1260.00       2.84011E-08
   1270.00       2.84455E-08
   1280.00       2.84886E-08
   1290.00       2.85303E-08
   1300.00       2.85708E-08
   1310.00       2.86099E-08
   1320.00       2.86479E-08
   1330.00       2.86847E-08
   1340.00       2.87203E-08
   1350.00       2.87549E-08
   1360.00       2.87885E-08
   1370.00       2.88210E-08
   1380.00       2.88525E-08
   1390.00       2.88831E-08
   1400.00       2.89128E-08
   1410.00       2.89416E-08
   1420.00       2.89695E-08
   1430.00       2.89967E-08
   1440.00       2.90230E-08
   1450.00       2.90486E-08
   1460.00       2.90734E-08
   1470.00       2.90975E-08
   1480.00       2.91209E-08
   1490.00       2.91437E-08
   1500.00       2.91658E-08
   1510.00       2.91873E-08
   1520.00       2.92082E-08
   1530.00       2.92285E-08
   1540.00       2.92483E-08
   1550.00       2.92675E-08
   1560.00       2.92862E-08
   1570.00       2.93044E-08
   1580.00       2.93220E-08
   1590.00       2.93392E-08
   1600.00       2.93560E-08
   1610.00       2.93723E-08
   1620.00       2.93882E-08
   1630.00       2.94037E-08
   1640.00       2.94187E-08
   1650.00       2.94334E-08
   1660.00       2.94477E-08
   1670.00       2.94616E-08
   1680.00       2.94752E-08
   1690.00       2.94884E-08
   1700.00       2.95013E-08
   1710.00       2.95139E-08
   1720.00       2.95261E-08
   1730.00       2.95381E-08
   1740.00       2.95497E-08
   1750.00       2.95611E-08
   1760.00       2.95722E-08
   1770.00       2.95830E-08
   1780.00       2.95935E-08
   1790.00       2.96038E-08
   1800.00       2.96138E-08
   1810.00       2.96236E-08
   1820.00       2.96332E-08
   1830.00       2.96425E-08
   1840.00       2.96516E-08
   1850.00       2.96604E-08
   1860.00       2.96691E-08
   1870.00       2.96775E-08
   1880.00       2.96858E-08
   1890.00       2.96938E-08
   1900.00       2.97016E-08
   1910.00       2.97093E-08
   1920.00       2.97167E-08
   1930.00       2.97240E-08
   1940.00       2.97311E-08
   1950.00       2.97380E-08
   1960.00       2.97448E-08
   1970.00       2.97513E-08
   1980.00       2.97577E-08
   1990.00       2.97640E-08
   2000.00       2.97700E-08
   2010.00       2.97759E-08
   2020.00       2.97817E-08
   2030.00       2.97873E-08
   2040.00       2.97928E-08
   2050.00       2.97981E-08
   2060.00       2.98032E-08
   2070.00       2.98083E-08
   2080.00       2.98131E-08
   2090.00       2.98179E-08
   2100.00       2.98225E-08
   2110.00       2.98269E-08
   2120.00       2.98313E-08
   2130.00       2.98355E-08
   2140.00       2.98395E-08
   2150.00       2.98434E-08
   2160.00       2.98472E-08
   2170.00       2.98509E-08
   2180.00       2.98545E-08
   2190.00       2.98579E-08
   2200.00       2.98612E-08
   2210.00       2.98644E-08
   2220.00       2.98674E-08
   2230.00       2.98703E-08
   2240.00       2.98732E-08
   2250.00       2.98758E-08
   2260.00       2.98784E-08
   2270.00       2.98809E-08
   2280.00       2.98832E-08
   2290.00       2.98855E-08
   2300.00       2.98876E-08
   2310.00       2.98896E-08
   2320.00       2.98915E-08
   2330.00       2.98932E-08
   2340.00       2.98949E-08
   2350.00       2.98964E-08
   2360.00       2.98979E-08
   2370.00       2.98992E-08
   2380.00       2.99004E-08
   2390.00       2.99016E-08
   2400.00       2.99026E-08
   2410.00       2.99035E-08
   2420.00       2.99043E-08
   2430.00       2.99050E-08
   2440.00       2.99055E-08
   2450.00       2.99060E-08
   2460.00       2.99064E-08
   2470.00       2.99067E-08
   2480.00       2.99068E-08
   2490.00       2.99069E-08
   2500.00       2.99068E-08
   2510.00       2.99067E-08
   2520.00       2.99064E-08
   2530.00       2.99061E-08
   2540.00       2.99056E-08
   2550.00       2.99051E-08
   2560.00       2.99044E-08
   2570.00       2.99037E-08
   2580.00       2.99028E-08
   2590.00       2.99018E-08
   2600.00       2.99008E-08
   2610.00       2.98996E-08
   2620.00       2.98984E-08
   2630.00       2.98971E-08
   2640.00       2.98956E-08
   2650.00       2.98940E-08
   2660.00       2.98924E-08
   2670.00       2.98906E-08
   2680.00       2.98888E-08
   2690.00       2.98869E-08
   2700.00       2.98849E-08
   2710.00       2.98827E-08
   2720.00       2.98805E-08
   2730.00       2.98782E-08
   2740.00       2.98758E-08
   2750.00       2.98733E-08
   2760.00       2.98707E-08
   2770.00       2.98680E-08
   2780.00       2.98652E-08
   2790.00       2.98623E-08
   2800.00       2.98593E-08
   2810.00       2.98563E-08
   2820.00       2.98531E-08
   2830.00       2.98499E-08
   2840.00       2.98465E-08
   2850.00       2.98431E-08
   2860.00       2.98396E-08
   2870.00       2.98359E-08
   2880.00       2.98323E-08
   2890.00       2.98284E-08
   2900.00       2.98246E-08
   2910.00       2.98206E-08
   2920.00       2.98165E-08
   2930.00       2.98124E-08
   2940.00       2.98082E-08
   2950.00       2.98038E-08
   2960.00       2.97994E-08
   2970.00       2.97949E-08
   2980.00       2.97903E-08
   2990.00       2.97856E-08
   3000.00       2.97809E-08
   3010.00       2.97761E-08
   3020.00       2.97711E-08
   3030.00       2.97661E-08
   3040.00       2.97610E-08
   3050.00       2.97558E-08
   3060.00       2.97506E-08
   3070.00       2.97452E-08
   3080.00       2.97398E-08
   3090.00       2.97342E-08
   3100.00       2.97287E-08
   3110.00       2.97230E-08
   3120.00       2.97172E-08
   3130.00       2.97114E-08
   3140.00       2.97055E-08
   3150.00       2.96995E-08
   3160.00       2.96934E-08
   3170.00       2.96872E-08
   3180.00       2.96810E-08
   3190.00       2.96747E-08
   3200.00       2.96683E-08
   3210.00       2.96618E-08
   3220.00       2.96552E-08
   3230.00       2.96486E-08
   3240.00       2.96419E-08
   3250.00       2.96351E-08
   3260.00       2.96282E-08
   3270.00       2.96213E-08
   3280.00       2.96143E-08
   3290.00       2.96072E-08
   3300.00       2.96000E-08
   3310.00       2.95928E-08
   3320.00       2.95855E-08
   3330.00       2.95781E-08
   3340.00       2.95706E-08
   3350.00       2.95631E-08
   3360.00       2.95555E-08
   3370.00       2.95479E-08
   3380.00       2.95401E-08
   3390.00       2.95323E-08
   3400.00       2.95244E-08
   3410.00       2.95165E-08
   3420.00       2.95084E-08
   3430.00       2.95004E-08
   3440.00       2.94922E-08
   3450.00       2.94840E-08
   3460.00       2.94757E-08
   3470.00       2.94673E-08
   3480.00       2.94589E-08
   3490.00       2.94504E-08
   3500.00       2.94418E-08
   3510.00       2.94332E-08
   3520.00       2.94245E-08
   3530.00       2.94157E-08
   3540.00       2.94069E-08
   3550.00       2.93980E-08
   3560.00       2.93891E-08
   3570.00       2.93800E-08
   3580.00       2.93710E-08
   3590.00       2.93618E-08
   3600.00       2.93526E-08
   3610.00       2.93433E-08
   3620.00       2.93340E-08
   3630.00       2.93246E-08
   3640.00       2.93152E-08
   3650.00       2.93057E-08
   3660.00       2.92961E-08
   3670.00       2.92865E-08
   3680.00       2.92768E-08
   3690.00       2.92670E-08
   3700.00       2.92572E-08
   3710.00       2.92474E-08
   3720.00       2.92375E-08
   3730.00       2.92275E-08
   3740.00       2.92174E-08
   3750.00       2.92073E-08
   3760.00       2.91972E-08
   3770.00       2.91870E-08
   3780.00       2.91768E-08
   3790.00       2.91664E-08
   3800.00       2.91561E-08
   3810.00       2.91457E-08
   3820.00       2.91352E-08
   3830.00       2.91247E-08
   3840.00       2.91141E-08
   3850.00       2.91035E-08
   3860.00       2.90928E-08
   3870.00       2.90820E-08
   3880.00       2.90713E-08
   3890.00       2.90604E-08
   3900.00       2.90495E-08
   3910.00       2.90386E-08
   3920.00       2.90276E-08
   3930.00       2.90166E-08
   3940.00       2.90055E-08
   3950.00       2.89944E-08
   3960.00       2.89832E-08
   3970.00       2.89720E-08
   3980.00       2.89607E-08
   3990.00       2.89494E-08
   4000.00       2.89380E-08
   4010.00       2.89266E-08
   4020.00       2.89152E-08
   4030.00       2.89037E-08
   4040.00       2.88921E-08
   4050.00       2.88805E-08
   4060.00       2.88689E-08
   4070.00       2.88572E-08
   4080.00       2.88455E-08
   4090.00       2.88337E-08
   4100.00       2.88219E-08
   4110.00       2.88100E-08
   4120.00       2.87981E-08
   4130.00       2.87862E-08
   4140.00       2.87742E-08
   4150.00       2.87622E-08
   4160.00       2.87502E-08
   4170.00       2.87381E-08
   4180.00       2.87259E-08
   4190.00       2.87138E-08
   4200.00       2.87015E-08
   4210.00       2.86893E-08
   4220.00       2.86770E-08
   4230.00       2.86646E-08
   4240.00       2.86523E-08
   4250.00       2.86399E-08
   4260.00       2.86274E-08
   4270.00       2.86149E-08
   4280.00       2.86024E-08
   4290.00       2.85899E-08
   4300.00       2.85773E-08
   4310.00       2.85646E-08
   4320.00       2.85520E-08
   4330.00       2.85393E-08
   4340.00       2.85265E-08
   4350.00       2.85138E-08
   4360.00       2.85010E-08
   4370.00       2.84881E-08
   4380.00       2.84753E-08
   4390.00       2.84624E-08
   4400.00       2.84494E-08
   4410.00       2.84365E-08
   4420.00       2.84235E-08
   4430.00       2.84105E-08
   4440.00       2.83974E-08
   4450.00       2.83843E-08
   4460.00       2.83712E-08
   4470.00       2.83580E-08
   4480.00       2.83448E-08
   4490.00       2.83316E-08
   4500.00       2.83184E-08
   4510.00       2.83051E-08
   4520.00       2.82918E-08
   4530.00       2.82785E-08
   4540.00       2.82651E-08
   4550.00       2.82517E-08
   4560.00       2.82383E-08
   4570.00       2.82249E-08
   4580.00       2.82114E-08
   4590.00       2.81979E-08
   4600.00       2.81844E-08
   4610.00       2.81709E-08
   4620.00       2.81573E-08
   4630.00       2.81437E-08
   4640.00       2.81301E-08
   4650.00       2.81164E-08
   4660.00       2.81027E-08
   4670.00       2.80890E-08
   4680.00       2.80753E-08
   4690.00       2.80616E-08
   4700.00       2.80478E-08
   4710.00       2.80340E-08
   4720.00       2.80202E-08
   4730.00       2.80063E-08
   4740.00       2.79925E-08
   4750.00       2.79786E-08
   4760.00       2.79647E-08
   4770.00       2.79507E-08
   4780.00       2.79368E-08
   4790.00       2.79228E-08
   4800.00       2.79088E-08
   4810.00       2.78948E-08
   4820.00       2.78807E-08
   4830.00       2.78667E-08
   4840.00       2.78526E-08
   4850.00       2.78385E-08
   4860.00       2.78244E-08
   4870.00       2.78102E-08
   4880.00       2.77961E-08
   4890.00       2.77819E-08
   4900.00       2.77677E-08
   4910.00       2.77535E-08
   4920.00       2.77392E-08
   4930.00       2.77250E-08
   4940.00       2.77107E-08
   4950.00       2.76964E-08
   4960.00       2.76821E-08
   4970.00       2.76678E-08
   4980.00       2.76535E-08
   4990.00       2.76391E-08
   5000.00       2.76247E-08
   5010.00       2.76103E-08
   5020.00       2.75959E-08
   5030.00       2.75815E-08
   5040.00       2.75671E-08
   5050.00       2.75526E-08
   5060.00       2.75382E-08
   5070.00       2.75237E-08
   5080.00       2.75092E-08
   5090.00       2.74947E-08
   6000.00       2.61366E-08
   7000.00       2.46393E-08
   8000.00       2.32116E-08
   9000.00       2.18848E-08
  10000.00       2.06670E-08
