       N2_  0.127663260707E+05  0.700335000000E+01
    01   -->    00    0.2317393918E+04
    02   -->    01    0.2291854995E+04
    03   -->    02    0.2261280768E+04
    04   -->    03    0.2228269630E+04
    05   -->    04    0.2196148216E+04
    06   -->    05    0.2165141580E+04
    07   -->    06    0.2136416804E+04
    08   -->    07    0.2109470698E+04
    09   -->    08    0.2083872739E+04
    10   -->    09    0.2059052709E+04
    11   -->    10    0.2034174629E+04
    12   -->    11    0.2008805910E+04
    13   -->    12    0.1982782929E+04
    14   -->    13    0.1956035426E+04
    15   -->    14    0.1928689324E+04
    16   -->    15    0.1900783027E+04
    17   -->    16    0.1872246701E+04
    18   -->    17    0.1843100027E+04
    19   -->    18    0.1813393020E+04
    20   -->    19    0.1783157201E+04
    21   -->    20    0.1752463862E+04
    22   -->    21    0.1721397560E+04
    23   -->    22    0.1689983867E+04
    24   -->    23    0.1658214698E+04
    25   -->    24    0.1626114777E+04
    26   -->    25    0.1593647911E+04
    27   -->    26    0.1560749573E+04
    28   -->    27    0.1527402453E+04
    29   -->    28    0.1493553742E+04
    30   -->    29    0.1459138876E+04
    31   -->    30    0.1424110218E+04
    32   -->    31    0.1388377281E+04
    33   -->    32    0.1351827326E+04
    34   -->    33    0.1314371756E+04
    35   -->    34    0.1275919605E+04
    36   -->    35    0.1236382766E+04
    37   -->    36    0.1195671333E+04
    38   -->    37    0.1153662976E+04
    39   -->    38    0.1110314498E+04
    40   -->    39    0.1065569450E+04
    41   -->    40    0.1018963220E+04
    42   -->    41    0.9695114219E+03
    43   -->    42    0.9175589449E+03
    44   -->    43    0.8664581028E+03
    45   -->    44    0.8148887643E+03
    46   -->    45    0.7542284872E+03
    47   -->    46    0.6941545174E+03
    48   -->    47    0.6522872739E+03
    49   -->    48    0.5973366140E+03
    50   -->    49    0.5091089641E+03
    51   -->    50    0.4545723699E+03
    52   -->    51    0.3565327429E+03
    53   -->    52    0.2436492329E+03
    54   -->    53    0.7394517618E+02
    55   -->    54    0.2815444053E+02
    56   -->    55    0.3931974130E+02
    57   -->    56    0.5393566601E+02
    58   -->    57    0.6399218430E+02
    59   -->    58    0.8070840566E+02
    60   -->    59    0.8233092119E+02
    61   -->    60    0.1001332670E+03
    62   -->    61    0.1027352217E+03
    63   -->    62    0.1209904647E+03
    64   -->    63    0.1156877135E+03
    65   -->    64    0.1380693876E+03
    66   -->    65    0.1309664856E+03
    67   -->    66    0.1567336924E+03
    68   -->    67    0.1439501757E+03
    69   -->    68    0.1721788807E+03
    70   -->    69    0.1571306834E+03
    71   -->    70    0.1896713538E+03
    72   -->    71    0.1677342667E+03
    73   -->    72    0.2052237808E+03
    74   -->    73    0.1787840378E+03
    75   -->    74    0.2218899779E+03
    76   -->    75    0.1881129480E+03
    77   -->    76    0.2376081103E+03
    78   -->    77    0.1975436928E+03
    79   -->    78    0.2535172303E+03
    80   -->    79    0.2057286296E+03
    81   -->    80    0.2696733169E+03
    82   -->    81    0.2132282835E+03
    83   -->    82    0.2859061455E+03
    84   -->    83    0.2199306925E+03
    85   -->    84    0.3024981950E+03
    86   -->    85    0.2257019163E+03
    87   -->    86    0.3194836052E+03
    88   -->    87    0.2305758562E+03
    89   -->    88    0.3369419776E+03
    90   -->    89    0.2344941171E+03
    91   -->    90    0.3549446692E+03
    92   -->    91    0.2374268458E+03
    93   -->    92    0.3735737886E+03
    94   -->    93    0.2393335643E+03
    95   -->    94    0.3928841981E+03
    96   -->    95    0.2401916616E+03
    97   -->    96    0.4129377691E+03
    98   -->    97    0.2399802648E+03
    99   -->    98    0.4337806795E+03
   100   -->    99    0.2386952177E+03
   101   -->   100    0.4554259700E+03
   102   -->   101    0.2363543454E+03
   103   -->   102    0.4778977127E+03
   104   -->   103    0.2330014505E+03
   105   -->   104    0.5011453094E+03
   106   -->   105    0.2286858988E+03
   107   -->   106    0.5251683969E+03
   108   -->   107    0.2235048743E+03
   109   -->   108    0.5498364988E+03
   110   -->   109    0.2175732097E+03
   111   -->   110    0.5751271900E+03
   112   -->   111    0.2109680036E+03
   113   -->   112    0.6008625422E+03
   114   -->   113    0.2039263734E+03
   115   -->   114    0.6269473330E+03
   116   -->   115    0.1964603746E+03
   117   -->   116    0.6532987073E+03
   118   -->   117    0.1887725268E+03
   119   -->   118    0.6796968545E+03
   120   -->   119    0.1810522249E+03
   121   -->   120    0.7060690487E+03
   122   -->   121    0.1733015059E+03
   123   -->   122    0.7323211155E+03
   124   -->   123    0.1657065500E+03
   125   -->   124    0.7583187773E+03
   126   -->   125    0.1583179424E+03
   127   -->   126    0.7840378313E+03
   128   -->   127    0.1511628033E+03
   129   -->   128    0.8093985202E+03
   130   -->   129    0.1443488289E+03
   131   -->   130    0.8343429987E+03
   132   -->   131    0.1378794379E+03
   133   -->   132    0.8588713840E+03
   134   -->   133    0.1317560329E+03
   135   -->   134    0.8829716391E+03
   136   -->   135    0.1259947387E+03
   137   -->   136    0.9066382806E+03
   138   -->   137    0.1205901539E+03
   139   -->   138    0.9298791628E+03
   140   -->   139    0.1155335734E+03
   141   -->   140    0.9527048346E+03
   142   -->   141    0.1108141870E+03
   143   -->   142    0.9751299836E+03
   144   -->   143    0.1064163502E+03
   145   -->   144    0.9971731469E+03
   146   -->   145    0.1023223353E+03
   147   -->   146    0.1018855158E+04
   148   -->   147    0.9851239698E+02
   149   -->   148    0.1040199094E+04
   150   -->   149    0.9496476896E+02
   151   -->   150    0.1061229135E+04
   152   -->   151    0.9165773384E+02
   153   -->   152    0.1081969073E+04
   154   -->   153    0.8857037714E+02
   155   -->   154    0.1102440881E+04
   156   -->   155    0.8568471877E+02
   157   -->   156    0.1122663487E+04
   158   -->   157    0.8298564509E+02
   159   -->   158    0.1142653028E+04
   160   -->   159    0.8046072128E+02
   161   -->   160    0.1162424139E+04
   162   -->   161    0.7809756160E+02
   163   -->   162    0.1181990550E+04
   164   -->   163    0.7588565850E+02
   165   -->   164    0.1201366288E+04
   166   -->   165    0.7381113562E+02
   167   -->   166    0.1220570003E+04
   168   -->   167    0.7185531688E+02
   169   -->   168    0.1239614557E+04
   170   -->   169    0.7001474269E+02
   171   -->   170    0.1258511451E+04
   172   -->   171    0.6827300658E+02
   173   -->   172    0.1277277143E+04
   174   -->   173    0.6661813731E+02
   175   -->   174    0.1295917058E+04
   176   -->   175    0.6505402997E+02
   177   -->   176    0.1314431681E+04
   178   -->   177    0.6357876545E+02
   179   -->   178    0.1332828491E+04
   180   -->   179    0.6218237451E+02
   181   -->   180    0.1351120077E+04
   182   -->   181    0.6085286700E+02
   183   -->   182    0.1369313989E+04
   184   -->   183    0.5958980706E+02
   185   -->   184    0.1387414268E+04
   186   -->   185    0.5838771520E+02
   187   -->   186    0.1405430279E+04
   188   -->   187    0.5723615316E+02
   189   -->   188    0.1423368291E+04
   190   -->   189    0.5613538920E+02
   191   -->   190    0.1441227925E+04
   192   -->   191    0.5508779875E+02
   193   -->   192    0.1459010975E+04
   194   -->   193    0.5408953882E+02
   195   -->   194    0.1476723348E+04
   196   -->   195    0.5313472811E+02
   197   -->   196    0.1494371568E+04
   198   -->   197    0.5221813895E+02
   199   -->   198    0.1511960973E+04
   200   -->   199    0.5133615047E+02
   201   -->   200    0.1529494808E+04
   202   -->   201    0.5048762475E+02
   203   -->   202    0.1546974001E+04
   204   -->   203    0.4967345439E+02
   205   -->   204    0.1564398739E+04
   206   -->   205    0.4889391411E+02
   207   -->   206    0.1581770747E+04
   208   -->   207    0.4814677639E+02
   209   -->   208    0.1599094052E+04
   210   -->   209    0.4742766975E+02
   211   -->   210    0.1616373511E+04
   212   -->   211    0.4673265248E+02
   213   -->   212    0.1633612483E+04
   214   -->   213    0.4606027178E+02
   215   -->   214    0.1650811862E+04
   216   -->   215    0.4541142009E+02
   217   -->   216    0.1667971150E+04
   218   -->   217    0.4478735918E+02
   219   -->   218    0.1685090600E+04
   220   -->   219    0.4418743776E+02
   221   -->   220    0.1702172639E+04
   222   -->   221    0.4360857148E+02
   223   -->   222    0.1719221232E+04
   224   -->   223    0.4304699090E+02
   225   -->   224    0.1736239718E+04
   226   -->   225    0.4250081293E+02
   227   -->   226    0.1753228682E+04
   228   -->   227    0.4197170240E+02
   229   -->   228    0.1770187128E+04
   230   -->   229    0.4146084684E+02
   231   -->   230    0.1787115409E+04
   232   -->   231    0.4096726417E+02
   233   -->   232    0.1804014589E+04
   234   -->   233    0.4049066578E+02
   235   -->   234    0.1820886556E+04
   236   -->   235    0.4002835618E+02
   237   -->   236    0.1837734507E+04
   238   -->   237    0.3957748920E+02
   239   -->   238    0.1854559809E+04
   240   -->   239    0.3913892325E+02
   241   -->   240    0.1871361411E+04
   242   -->   241    0.3871459284E+02
   243   -->   242    0.1888138060E+04
   244   -->   243    0.3830573162E+02
   245   -->   244    0.1904890647E+04
   246   -->   245    0.3790996232E+02
   247   -->   246    0.1921622972E+04
   248   -->   247    0.3752274767E+02
   249   -->   248    0.1938338055E+04
   250   -->   249    0.3714322849E+02
   251   -->   250    0.1955035456E+04
   252   -->   251    0.3677370224E+02
   253   -->   252    0.1971713378E+04
   254   -->   253    0.3641600696E+02
   255   -->   254    0.1988371344E+04
   256   -->   255    0.3606981026E+02
   257   -->   256    0.2005010796E+04
   258   -->   257    0.3573310173E+02
   259   -->   258    0.2021634096E+04
   260   -->   259    0.3540369516E+02
   261   -->   260    0.2038242749E+04
   262   -->   261    0.3508126517E+02
   263   -->   262    0.2054836391E+04
   264   -->   263    0.3476732234E+02
   265   -->   264    0.2071413766E+04
   266   -->   265    0.3446329706E+02
   267   -->   266    0.2087974706E+04
   268   -->   267    0.3416852316E+02
   269   -->   268    0.2104520927E+04
   270   -->   269    0.3388066484E+02
   271   -->   270    0.2121054710E+04
   272   -->   271    0.3359791866E+02
   273   -->   272    0.2137576951E+04
   274   -->   273    0.3332068615E+02
   275   -->   274    0.2154086705E+04
   276   -->   275    0.3305082089E+02
   277   -->   276    0.2170582743E+04
   278   -->   277    0.3278927609E+02
   279   -->   278    0.2187065377E+04
   280   -->   279    0.3253482781E+02
   281   -->   280    0.2203536475E+04
   282   -->   281    0.3228531798E+02
   283   -->   282    0.2219997680E+04
   284   -->   283    0.3203995269E+02
   285   -->   284    0.2236448928E+04
   286   -->   285    0.3179997143E+02
   287   -->   286    0.2252888954E+04
   288   -->   287    0.3156694784E+02
   289   -->   288    0.2269317210E+04
   290   -->   289    0.3134068997E+02
   291   -->   290    0.2285734734E+04
   292   -->   291    0.3111960834E+02
   293   -->   292    0.2302143139E+04
   294   -->   293    0.3090235056E+02
   295   -->   294    0.2318543392E+04
   296   -->   295    0.3068860264E+02
   297   -->   296    0.2334935080E+04
   298   -->   297    0.3047975766E+02
   299   -->   298    0.2351316919E+04
   300   -->   299    0.3027722025E+02
   301   -->   300    0.2367688812E+04
   302   -->   301    0.3008001362E+02
   303   -->   302    0.2384052339E+04
   304   -->   303    0.2988620287E+02
   305   -->   304    0.2400408984E+04
   306   -->   305    0.2969498530E+02
   307   -->   306    0.2416758833E+04
   308   -->   307    0.2950720427E+02
   309   -->   308    0.2433100688E+04
   310   -->   309    0.2932461310E+02
   311   -->   310    0.2449433636E+04
   312   -->   311    0.2914747278E+02
   313   -->   312    0.2465758525E+04
   314   -->   313    0.2897403688E+02
   315   -->   314    0.2482077004E+04
   316   -->   315    0.2880295893E+02
   317   -->   316    0.2498389551E+04
   318   -->   317    0.2863481172E+02
   319   -->   318    0.2514695208E+04
   320   -->   319    0.2847110723E+02
   321   -->   320    0.2530993115E+04
   322   -->   321    0.2831221321E+02
   323   -->   322    0.2547283798E+04
   324   -->   323    0.2815687698E+02
   325   -->   324    0.2563568731E+04
   326   -->   325    0.2800357345E+02
   327   -->   326    0.2579848792E+04
   328   -->   327    0.2785223669E+02
   329   -->   328    0.2596123434E+04
   330   -->   329    0.2770416913E+02
   331   -->   330    0.2612391581E+04
   332   -->   331    0.2756035842E+02
   333   -->   332    0.2628653105E+04
   334   -->   333    0.2742021651E+02
   335   -->   334    0.2644909086E+04
   336   -->   335    0.2728231779E+02
   337   -->   336    0.2661160558E+04
   338   -->   337    0.2714616201E+02
   339   -->   338    0.2677407355E+04
   340   -->   339    0.2701270666E+02
   341   -->   340    0.2693648502E+04
   342   -->   341    0.2688306182E+02
   343   -->   342    0.2709883613E+04
   344   -->   343    0.2675700636E+02
   345   -->   344    0.2726113533E+04
   346   -->   345    0.2663319733E+02
   347   -->   346    0.2742339425E+04
   348   -->   347    0.2651076960E+02
   349   -->   348    0.2758561477E+04
   350   -->   349    0.2639032769E+02
   351   -->   350    0.2774778850E+04
   352   -->   351    0.2627304280E+02
   353   -->   352    0.2790990905E+04
   354   -->   353    0.2615912256E+02
   355   -->   354    0.2807198093E+04
   356   -->   355    0.2604756482E+02
   357   -->   356    0.2823401507E+04
   358   -->   357    0.2593728786E+02
   359   -->   358    0.2839601656E+04
   360   -->   359    0.2582845554E+02
   361   -->   360    0.2855797856E+04
   362   -->   361    0.2572236186E+02
   363   -->   362    0.2871989226E+04
   364   -->   363    0.2561955577E+02
   365   -->   364    0.2888176000E+04
   366   -->   365    0.2551911308E+02
   367   -->   366    0.2904359211E+04
   368   -->   367    0.2541997992E+02
   369   -->   368    0.2920539445E+04
   370   -->   369    0.2532212730E+02
   371   -->   370    0.2936716276E+04
   372   -->   371    0.2522651333E+02
   373   -->   372    0.2952888890E+04
   374   -->   373    0.2513388126E+02
   375   -->   374    0.2969057251E+04
   376   -->   375    0.2504362968E+02
   377   -->   376    0.2985222291E+04
   378   -->   377    0.2495458195E+02
   379   -->   378    0.3001384748E+04
   380   -->   379    0.2486651333E+02
   381   -->   380    0.3017544324E+04
   382   -->   381    0.2478030825E+02
   383   -->   382    0.3033700253E+04
   384   -->   383    0.2469667835E+02
   385   -->   384    0.3049852433E+04
   386   -->   385    0.2461517907E+02
   387   -->   386    0.3066001594E+04
   388   -->   387    0.2453486810E+02
   389   -->   388    0.3082148336E+04
   390   -->   389    0.2445555502E+02
   391   -->   390    0.3098292382E+04
   392   -->   391    0.2437804137E+02
   393   -->   392    0.3114433012E+04
   394   -->   393    0.2430302103E+02
   395   -->   394    0.3130570077E+04
   396   -->   395    0.2423015385E+02
   397   -->   396    0.3146704257E+04
   398   -->   397    0.2415848211E+02
   399   -->   398    0.3162836241E+04
   400   -->   399    0.2408763961E+02
   401   -->   400    0.3178965915E+04
   402   -->   401    0.2401827400E+02
   403   -->   402    0.3195092630E+04
   404   -->   403    0.2395108423E+02
   405   -->   404    0.3211216169E+04
   406   -->   405    0.2388585127E+02
   407   -->   406    0.3227337093E+04
   408   -->   407    0.2382172668E+02
   409   -->   408    0.3243456020E+04
   410   -->   409    0.2375837461E+02
   411   -->   410    0.3259572843E+04
   412   -->   411    0.2369639063E+02
   413   -->   412    0.3275686939E+04
   414   -->   413    0.2363646487E+02
   415   -->   414    0.3291798068E+04
   416   -->   415    0.2357843180E+02
   417   -->   416    0.3307906735E+04
   418   -->   417    0.2352149130E+02
   419   -->   418    0.3324013522E+04
   420   -->   419    0.2346532656E+02
   421   -->   420    0.3340118330E+04
   422   -->   421    0.2341049248E+02
   423   -->   422    0.3356220621E+04
   424   -->   423    0.2335754434E+02
   425   -->   424    0.3372320230E+04
   426   -->   425    0.2330629602E+02
   427   -->   426    0.3388417599E+04
   428   -->   427    0.2325608795E+02
   429   -->   428    0.3404513244E+04
   430   -->   429    0.2320659099E+02
   431   -->   430    0.3420607107E+04
   432   -->   431    0.2315828105E+02
   433   -->   432    0.3436698660E+04
   434   -->   433    0.2311177428E+02
   435   -->   434    0.3452787711E+04
   436   -->   435    0.2306686668E+02
   437   -->   436    0.3468874740E+04
   438   -->   437    0.2302284286E+02
   439   -->   438    0.3484960225E+04
   440   -->   439    0.2297949571E+02
   441   -->   440    0.3501044020E+04
   442   -->   441    0.2293735473E+02
   443   -->   442    0.3517125597E+04
   444   -->   443    0.2289697432E+02
   445   -->   444    0.3533204784E+04
   446   -->   445    0.2285817468E+02
   447   -->   446    0.3549282014E+04
   448   -->   447    0.2282029936E+02
   449   -->   448    0.3565357743E+04
   450   -->   449    0.2278312740E+02
   451   -->   450    0.3581431869E+04
   452   -->   451    0.2274710720E+02
   453   -->   452    0.3597503941E+04
   454   -->   453    0.2271271908E+02
   455   -->   454    0.3613573829E+04
   456   -->   455    0.2267976860E+02
   457   -->   456    0.3629641959E+04
   458   -->   457    0.2264762484E+02
   459   -->   458    0.3645708771E+04
   460   -->   459    0.2261606577E+02
   461   -->   460    0.3661774143E+04
   462   -->   461    0.2258558218E+02
   463   -->   462    0.3677837599E+04
   464   -->   463    0.2255665955E+02
   465   -->   464    0.3693899005E+04
   466   -->   465    0.2252909970E+02
   467   -->   466    0.3709958751E+04
   468   -->   467    0.2250234967E+02
   469   -->   468    0.3726017190E+04
   470   -->   469    0.2247627824E+02
   471   -->   470    0.3742074169E+04
   472   -->   471    0.2245134590E+02
   473   -->   472    0.3758129282E+04
   474   -->   473    0.2242791998E+02
   475   -->   474    0.3774182483E+04
   476   -->   475    0.2240575102E+02
   477   -->   476    0.3790234160E+04
   478   -->   477    0.2238433009E+02
   479   -->   478    0.3806284599E+04
   480   -->   479    0.2236361898E+02
   481   -->   480    0.3822333596E+04
   482   -->   481    0.2234408037E+02
   483   -->   482    0.3838380802E+04
   484   -->   483    0.2232596762E+02
   485   -->   484    0.3854426266E+04
   486   -->   485    0.2230894979E+02
   487   -->   486    0.3870470377E+04
   488   -->   487    0.2229259566E+02
   489   -->   488    0.3886513336E+04
   490   -->   489    0.2227695705E+02
   491   -->   490    0.3902554902E+04
   492   -->   491    0.2226247916E+02
   493   -->   492    0.3918594747E+04
   494   -->   493    0.2224938839E+02
   495   -->   494    0.3934632937E+04
   496   -->   495    0.2223734513E+02
   497   -->   496    0.3950669848E+04
   498   -->   497    0.2222595160E+02
   499   -->   498    0.3966705608E+04
   500   -->   499    0.2221537163E+02
   501   -->   500    0.3982739900E+04
   502   -->   501    0.2220608554E+02
   503   -->   502    0.3998772447E+04
   504   -->   503    0.2219818139E+02
   505   -->   504    0.4014803445E+04
   506   -->   505    0.2219119418E+02
   507   -->   506    0.4030833330E+04
   508   -->   507    0.2218473507E+02
   509   -->   508    0.4046862178E+04
   510   -->   509    0.2217905546E+02
   511   -->   510    0.4062889624E+04
   512   -->   511    0.2217464550E+02
   513   -->   512    0.4078915418E+04
   514   -->   513    0.2217152592E+02
   515   -->   514    0.4094939781E+04
   516   -->   515    0.2216925073E+02
   517   -->   516    0.4110963094E+04
   518   -->   517    0.2216751802E+02
   519   -->   518    0.4126985368E+04
   520   -->   519    0.2216662245E+02
   521   -->   520    0.4143006200E+04
   522   -->   521    0.2216708241E+02
   523   -->   522    0.4159025348E+04
   524   -->   523    0.2216887859E+02
   525   -->   524    0.4175043097E+04
   526   -->   525    0.2217147294E+02
   527   -->   526    0.4191059833E+04
   528   -->   527    0.2217464278E+02
   529   -->   528    0.4207075476E+04
   530   -->   529    0.2217878565E+02
   531   -->   530    0.4223089625E+04
   532   -->   531    0.2218431112E+02
   533   -->   532    0.4239102172E+04
   534   -->   533    0.2219103732E+02
   535   -->   534    0.4255113481E+04
   536   -->   535    0.2219843358E+02
   537   -->   536    0.4271123861E+04
   538   -->   537    0.2220642037E+02
   539   -->   538    0.4287133122E+04
   540   -->   539    0.2221547098E+02
   541   -->   540    0.4303140863E+04
   542   -->   541    0.2222591753E+02
   543   -->   542    0.4319147096E+04
   544   -->   543    0.2223741871E+02
   545   -->   544    0.4335152260E+04
   546   -->   545    0.2224944422E+02
   547   -->   546    0.4351156588E+04
   548   -->   547    0.2226207295E+02
   549   -->   548    0.4367159733E+04
   550   -->   549    0.2227592703E+02
   551   -->   550    0.4383161242E+04
   552   -->   551    0.2229129764E+02
   553   -->   552    0.4399161190E+04
   554   -->   553    0.2230775319E+02
   555   -->   554    0.4415160044E+04
   556   -->   555    0.2232480315E+02
   557   -->   556    0.4431157977E+04
   558   -->   557    0.2234260153E+02
   559   -->   558    0.4447154629E+04
   560   -->   559    0.2236171969E+02
   561   -->   560    0.4463149656E+04
   562   -->   561    0.2238228145E+02
   563   -->   562    0.4479143291E+04
   564   -->   563    0.2240370290E+02
   565   -->   564    0.4495136069E+04
   566   -->   565    0.2242551229E+02
   567   -->   566    0.4511128055E+04
   568   -->   567    0.2244805598E+02
   569   -->   568    0.4527118723E+04
   570   -->   569    0.2247204911E+02
   571   -->   570    0.4543107669E+04
   572   -->   571    0.2249758739E+02
   573   -->   572    0.4559095176E+04
   574   -->   573    0.2252401787E+02
   575   -->   574    0.4575081786E+04
   576   -->   575    0.2255092321E+02
   577   -->   576    0.4591067457E+04
   578   -->   577    0.2257880844E+02
   579   -->   578    0.4607051616E+04
   580   -->   579    0.2260831965E+02
   581   -->   580    0.4623034041E+04
   582   -->   581    0.2263925957E+02
   583   -->   582    0.4639015184E+04
   584   -->   583    0.2267093029E+02
   585   -->   584    0.4654995505E+04
   586   -->   585    0.2270311952E+02
   587   -->   586    0.4670974836E+04
   588   -->   587    0.2273637763E+02
   589   -->   588    0.4686952634E+04
   590   -->   589    0.2277124903E+02
   591   -->   590    0.4702928758E+04
   592   -->   591    0.2280747388E+02
   593   -->   592    0.4718903721E+04
   594   -->   593    0.2284429392E+02
   595   -->   594    0.4734877962E+04
   596   -->   595    0.2288159930E+02
   597   -->   596    0.4750851138E+04
   598   -->   597    0.2292018988E+02
   599   -->   598    0.4766822593E+04
   600   -->   599    0.2296057949E+02
   601   -->   600    0.4782792330E+04
   602   -->   601    0.2300225338E+02
   603   -->   602    0.4798761005E+04
   604   -->   603    0.2304442402E+02
   605   -->   604    0.4814728936E+04
   606   -->   605    0.2308725060E+02
   607   -->   606    0.4830695564E+04
   608   -->   607    0.2313169306E+02
   609   -->   608    0.4846660201E+04
   610   -->   609    0.2317817418E+02
   611   -->   610    0.4862623008E+04
   612   -->   611    0.2322595150E+02
   613   -->   612    0.4878584786E+04
   614   -->   613    0.2327417427E+02
   615   -->   614    0.4894545844E+04
   616   -->   615    0.2332308368E+02
   617   -->   616    0.4910505593E+04
   618   -->   617    0.2337361208E+02
   619   -->   618    0.4926463482E+04
   620   -->   619    0.2342593575E+02
   621   -->   620    0.4942419865E+04
   622   -->   621    0.2347917378E+02
   623   -->   622    0.4958375480E+04
   624   -->   623    0.2353274158E+02
   625   -->   624    0.4974330273E+04
   626   -->   625    0.2358733526E+02
   627   -->   626    0.4990283345E+04
   628   -->   627    0.2364406125E+02
   629   -->   628    0.5006234152E+04
   630   -->   629    0.2370290052E+02
   631   -->   630    0.5022183247E+04
   632   -->   631    0.2376277486E+02
   633   -->   632    0.5038131438E+04
   634   -->   633    0.2382315384E+02
   635   -->   634    0.5054078629E+04
   636   -->   635    0.2388475933E+02
   637   -->   636    0.5070024040E+04
   638   -->   637    0.2394843367E+02
   639   -->   638    0.5085967392E+04
   640   -->   639    0.2401389332E+02
   641   -->   640    0.5101909381E+04
   642   -->   641    0.2408003351E+02
   643   -->   642    0.5117850722E+04
   644   -->   643    0.2414654157E+02
   645   -->   644    0.5133790983E+04
   646   -->   645    0.2421459374E+02
   647   -->   646    0.5149729072E+04
   648   -->   647    0.2428519493E+02
   649   -->   648    0.5165664850E+04
   650   -->   649    0.2435762740E+02
   651   -->   650    0.5181599336E+04
   652   -->   651    0.2443057540E+02
   653   -->   652    0.5197533131E+04
   654   -->   653    0.2450415835E+02
   655   -->   654    0.5213465456E+04
   656   -->   655    0.2457981637E+02
   657   -->   656    0.5229395247E+04
   658   -->   657    0.2465823712E+02
   659   -->   658    0.5245322680E+04
   660   -->   659    0.2473838152E+02
   661   -->   660    0.5261248878E+04
   662   -->   661    0.2481905361E+02
   663   -->   662    0.5277174267E+04
   664   -->   663    0.2490060483E+02
   665   -->   664    0.5293097926E+04
   666   -->   665    0.2498451905E+02
   667   -->   666    0.5309018882E+04
   668   -->   667    0.2507126414E+02
   669   -->   668    0.5324937580E+04
   670   -->   669    0.2515948094E+02
   671   -->   670    0.5340855310E+04
   672   -->   671    0.2524795810E+02
   673   -->   672    0.5356772348E+04
   674   -->   673    0.2533735957E+02
   675   -->   674    0.5372687566E+04
   676   -->   675    0.2542927418E+02
   677   -->   676    0.5388600065E+04
   678   -->   677    0.2552391033E+02
   679   -->   678    0.5404510434E+04
   680   -->   679    0.2561988517E+02
   681   -->   680    0.5420419716E+04
   682   -->   681    0.2571650998E+02
   683   -->   682    0.5436327599E+04
   684   -->   683    0.2581510209E+02
   685   -->   684    0.5452232616E+04
   686   -->   685    0.2591727141E+02
   687   -->   686    0.5468134201E+04
   688   -->   687    0.2602254167E+02
   689   -->   688    0.5484033618E+04
   690   -->   689    0.2612886488E+02
   691   -->   690    0.5499932297E+04
   692   -->   691    0.2623543872E+02
   693   -->   692    0.5515829888E+04
   694   -->   693    0.2634375991E+02
   695   -->   694    0.5531724855E+04
   696   -->   695    0.2645540276E+02
   697   -->   696    0.5547616776E+04
   698   -->   697    0.2656963697E+02
   699   -->   698    0.5563506990E+04
   700   -->   699    0.2668452402E+02
   701   -->   700    0.5579396414E+04
   702   -->   701    0.2680017956E+02
   703   -->   702    0.5595283789E+04
   704   -->   703    0.2691900377E+02
   705   -->   704    0.5611167308E+04
   706   -->   705    0.2704220427E+02
   707   -->   706    0.5627047143E+04
   708   -->   707    0.2716823409E+02
   709   -->   708    0.5642925057E+04
   710   -->   709    0.2729512151E+02
   711   -->   710    0.5658801960E+04
   712   -->   711    0.2742302678E+02
   713   -->   712    0.5674676743E+04
   714   -->   713    0.2755400151E+02
   715   -->   714    0.5690547841E+04
   716   -->   715    0.2768911703E+02
   717   -->   716    0.5706415523E+04
   718   -->   717    0.2782676615E+02
   719   -->   718    0.5722281553E+04
   720   -->   719    0.2796504401E+02
   721   -->   720    0.5738146497E+04
   722   -->   721    0.2810472907E+02
   723   -->   722    0.5754008746E+04
   724   -->   723    0.2824824821E+02
   725   -->   724    0.5769866840E+04
   726   -->   725    0.2839609518E+02
   727   -->   726    0.5785721718E+04
   728   -->   727    0.2854590323E+02
   729   -->   728    0.5801575284E+04
   730   -->   729    0.2869623989E+02
   731   -->   730    0.5817427311E+04
   732   -->   731    0.2884899642E+02
   733   -->   732    0.5833275599E+04
   734   -->   733    0.2900667221E+02
   735   -->   734    0.5849119000E+04
   736   -->   735    0.2916906301E+02
   737   -->   736    0.5864958895E+04
   738   -->   737    0.2933362083E+02
   739   -->   738    0.5880796929E+04
   740   -->   739    0.2949961553E+02
   741   -->   740    0.5896632279E+04
   742   -->   741    0.2966942448E+02
   743   -->   742    0.5912462772E+04
   744   -->   743    0.2984500552E+02
   745   -->   744    0.5928288290E+04
   746   -->   745    0.3002463383E+02
   747   -->   746    0.5944111412E+04
   748   -->   747    0.3020488013E+02
   749   -->   748    0.5959934047E+04
   750   -->   749    0.3038536567E+02
   751   -->   750    0.5975754754E+04
   752   -->   751    0.3056933957E+02
   753   -->   752    0.5991570680E+04
   754   -->   753    0.3075925589E+02
   755   -->   754    0.6007381269E+04
   756   -->   755    0.3095377893E+02
   757   -->   756    0.6023188359E+04
   758   -->   757    0.3115059230E+02
   759   -->   758    0.6038992651E+04
   760   -->   759    0.3135061594E+02
   761   -->   760    0.6054792190E+04
   762   -->   761    0.3155683172E+02
   763   -->   762    0.6070585195E+04
   764   -->   763    0.3176980908E+02
   765   -->   764    0.6086372780E+04
   766   -->   765    0.3198675016E+02
   767   -->   766    0.6102157698E+04
   768   -->   767    0.3220495338E+02
   769   -->   768    0.6117940863E+04
   770   -->   769    0.3242529940E+02
   771   -->   770    0.6133720034E+04
   772   -->   771    0.3265137827E+02
   773   -->   772    0.6149493085E+04
   774   -->   773    0.3288384359E+02
   775   -->   774    0.6165261444E+04
   776   -->   775    0.3311919430E+02
   777   -->   776    0.6181027390E+04
   778   -->   777    0.3335639832E+02
   779   -->   778    0.6196789369E+04
   780   -->   779    0.3359959308E+02
   781   -->   780    0.6212543665E+04
   782   -->   781    0.3385206344E+02
   783   -->   782    0.6228289765E+04
   784   -->   783    0.3411154808E+02
   785   -->   784    0.6244030996E+04
   786   -->   785    0.3437365699E+02
   787   -->   786    0.6259769554E+04
   788   -->   787    0.3463840039E+02
   789   -->   788    0.6275503126E+04
   790   -->   789    0.3491040250E+02
   791   -->   790    0.6291228051E+04
   792   -->   791    0.3519234132E+02
   793   -->   792    0.6306944177E+04
   794   -->   793    0.3548183392E+02
   795   -->   794    0.6322654924E+04
   796   -->   795    0.3577444882E+02
   797   -->   796    0.6338362617E+04
   798   -->   797    0.3606997917E+02
   799   -->   798    0.6354064857E+04
   800   -->   799    0.3637341781E+02
   801   -->   800    0.6369758189E+04
   802   -->   801    0.3668665600E+02
   803   -->   802    0.6385443697E+04
   804   -->   803    0.3700563351E+02
   805   -->   804    0.6401125658E+04
   806   -->   805    0.3732587354E+02
   807   -->   806    0.6416805073E+04
   808   -->   807    0.3764986229E+02
   809   -->   808    0.6432477085E+04
   810   -->   809    0.3798481104E+02
   811   -->   810    0.6448136552E+04
   812   -->   811    0.3833379106E+02
   813   -->   812    0.6463783715E+04
   814   -->   813    0.3869327981E+02
   815   -->   814    0.6479422017E+04
   816   -->   815    0.3905996016E+02
   817   -->   816    0.6495051888E+04
   818   -->   817    0.3943629072E+02
   819   -->   818    0.6510670284E+04
   820   -->   819    0.3982585076E+02
   821   -->   820    0.6526276904E+04
   822   -->   821    0.4022561242E+02
   823   -->   822    0.6541877217E+04
   824   -->   823    0.4062766467E+02
   825   -->   824    0.6557476514E+04
   826   -->   825    0.4102936188E+02
   827   -->   826    0.6573071910E+04
   828   -->   827    0.4143913188E+02
   829   -->   828    0.6588654066E+04
   830   -->   829    0.4186720271E+02
   831   -->   830    0.6604218715E+04
   832   -->   831    0.4231188647E+02
   833   -->   832    0.6619771121E+04
   834   -->   833    0.4276440870E+02
   835   -->   834    0.6635315309E+04
   836   -->   835    0.4322553687E+02
   837   -->   836    0.6650846504E+04
   838   -->   837    0.4370400980E+02
   839   -->   838    0.6666358354E+04
   840   -->   839    0.4420375277E+02
   841   -->   840    0.6681851148E+04
   842   -->   841    0.4472025723E+02
   843   -->   842    0.6697331748E+04
   844   -->   843    0.4524431779E+02
   845   -->   844    0.6712806806E+04
   846   -->   845    0.4577185156E+02
   847   -->   846    0.6728274168E+04
   848   -->   847    0.4631120760E+02
   849   -->   848    0.6743724684E+04
   850   -->   849    0.4687229325E+02
   851   -->   850    0.6759155186E+04
   852   -->   851    0.4745161431E+02
   853   -->   852    0.6774572723E+04
   854   -->   853    0.4803863382E+02
   855   -->   854    0.6789981627E+04
   856   -->   855    0.4863514602E+02
   857   -->   856    0.6805374075E+04
   858   -->   857    0.4925496692E+02
   859   -->   858    0.6820742327E+04
   860   -->   859    0.4989977275E+02
   861   -->   860    0.6836090310E+04
   862   -->   861    0.5056001526E+02
   863   -->   862    0.6851423726E+04
   864   -->   863    0.5123393775E+02
   865   -->   864    0.6866738450E+04
   866   -->   865    0.5193154859E+02
   867   -->   866    0.6882022146E+04
   868   -->   867    0.5266748292E+02
   869   -->   868    0.6897267791E+04
   870   -->   869    0.5344115707E+02
   871   -->   870    0.6912481658E+04
   872   -->   871    0.5424072338E+02
   873   -->   872    0.6927672831E+04
   874   -->   873    0.5505992946E+02
   875   -->   874    0.6942842553E+04
   876   -->   875    0.5590244903E+02
   877   -->   876    0.6957989209E+04
   878   -->   877    0.5676760321E+02
   879   -->   878    0.6973120570E+04
   880   -->   879    0.5764032594E+02
   881   -->   880    0.6988249979E+04
   882   -->   881    0.5850895864E+02
   883   -->   882    0.7003375386E+04
   884   -->   883    0.5938936375E+02
   885   -->   884    0.7018469961E+04
   886   -->   885    0.6031953705E+02
   887   -->   886    0.7033501591E+04
   888   -->   887    0.6132594529E+02
   889   -->   888    0.7048459254E+04
   890   -->   889    0.6240444431E+02
   891   -->   890    0.7063350996E+04
   892   -->   891    0.6354326195E+02
   893   -->   892    0.7078184556E+04
   894   -->   893    0.6473847528E+02
   895   -->   894    0.7092969595E+04
   896   -->   895    0.6597426772E+02
   897   -->   896    0.7107725828E+04
   898   -->   897    0.6722678008E+02
   899   -->   898    0.7122468174E+04
   900   -->   899    0.6848988354E+02
   901   -->   900    0.7137198378E+04
   902   -->   901    0.6976612090E+02
   903   -->   902    0.7151904767E+04
   904   -->   903    0.7107652956E+02
   905   -->   904    0.7166555100E+04
   906   -->   905    0.7246447298E+02
   907   -->   906    0.7181126885E+04
   908   -->   907    0.7393136925E+02
   909   -->   908    0.7195634345E+04
   910   -->   909    0.7544789965E+02
   911   -->   910    0.7210075308E+04
   912   -->   911    0.7704859232E+02
   913   -->   912    0.7224400844E+04
   914   -->   913    0.7879698184E+02
   915   -->   914    0.7238589702E+04
   916   -->   915    0.8067114665E+02
   917   -->   916    0.7252682939E+04
   918   -->   917    0.8260929757E+02
   919   -->   918    0.7266699167E+04
   920   -->   919    0.8463637706E+02
   921   -->   920    0.7280597314E+04
   922   -->   921    0.8681239519E+02
   923   -->   922    0.7294347039E+04
   924   -->   923    0.8913755585E+02
   925   -->   924    0.7307933219E+04
   926   -->   925    0.9164019063E+02
   927   -->   926    0.7321351255E+04
   928   -->   927    0.9430293454E+02
   929   -->   928    0.7334647089E+04
   930   -->   929    0.9705091801E+02
   931   -->   930    0.7347865671E+04
   932   -->   931    0.9986966213E+02
   933   -->   932    0.7361031396E+04
   934   -->   933    0.1027230542E+03
   935   -->   934    0.7374202909E+04
   936   -->   935    0.1055267734E+03
   937   -->   936    0.7387472499E+04
   938   -->   937    0.1081756824E+03
   939   -->   938    0.7400875519E+04
   940   -->   939    0.1107001736E+03
   941   -->   940    0.7414222149E+04
   942   -->   941    0.1134487555E+03
   943   -->   942    0.7427011755E+04
   944   -->   943    0.1170804837E+03
   945   -->   944    0.7438557417E+04
   946   -->   945    0.1223286596E+03
   947   -->   946    0.7448311183E+04
   948   -->   947    0.1295830119E+03
   949   -->   948    0.7456239502E+04
   950   -->   949    0.1385424589E+03
   951   -->   950    0.7462987054E+04
   952   -->   951    0.1482155535E+03
   953   -->   952    0.7469706498E+04
   954   -->   953    0.1572551866E+03
   955   -->   954    0.7477647204E+04
   956   -->   955    0.1644575895E+03
   957   -->   956    0.7487902897E+04
   958   -->   957    0.1687717608E+03
   959   -->   958    0.7501385164E+04
   960   -->   959    0.1693698665E+03
   961   -->   960    0.7517678598E+04
   962   -->   961    0.1678722015E+03
   963   -->   962    0.7532621248E+04
   964   -->   963    0.1709452927E+03
   965   -->   964    0.7537455312E+04
   966   -->   965    0.1895451128E+03
   967   -->   966    0.7524181709E+04
   968   -->   967    0.2290442596E+03
   969   -->   968    0.7501140454E+04
   970   -->   969    0.2658606229E+03
   971   -->   970    0.7509930365E+04
   972   -->   971    0.2278788692E+03
   973   -->   972    0.7523927774E+04
   974   -->   973    0.2041878436E+03
   975   -->   974    0.7167103579E+04
   976   -->   975    0.8398463402E+03
   977   -->   976    0.6360633473E+04
   978   -->   977    0.1853736600E+04
   979   -->   978    0.5614235307E+04
   980   -->   979    0.2815770306E+04
   981   -->   980    0.5171157149E+04
   982   -->   981    0.3470658119E+04
   983   -->   982    0.4982631602E+04
   984   -->   983    0.3875526503E+04
   985   -->   984    0.4932231933E+04
   986   -->   985    0.4154202238E+04
   987   -->   986    0.4961013199E+04
   988   -->   987    0.4356266827E+04
   989   -->   988    0.5051452673E+04
   990   -->   989    0.4534679638E+04
   991   -->   990    0.5194297190E+04
   992   -->   991    0.4692079852E+04
   993   -->   992    0.5410065242E+04
   994   -->   993    0.4872938502E+04
   995   -->   994    0.5896392620E+04
   996   -->   995    0.4839561024E+04
