 0.10000E+00  0.13674047E+04
 0.11000E+00  0.12339685E+04
 0.12000E+00  0.11140044E+04
 0.13000E+00  0.96570587E+03
 0.14000E+00  0.78787921E+03
 0.15000E+00  0.97764923E+03
 0.16000E+00  0.89094550E+03
 0.17000E+00  0.91552313E+03
 0.18000E+00  0.12220391E+04
 0.19000E+00  0.74927917E+03
 0.20000E+00  0.89209918E+03
 0.21000E+00  0.69864032E+03
 0.22000E+00  0.66078442E+03
 0.23000E+00  0.68292444E+03
 0.24000E+00  0.68040546E+03
 0.25000E+00  0.55301013E+03
 0.26000E+00  0.66423486E+03
 0.27000E+00  0.53096332E+03
 0.28000E+00  0.50562396E+03
 0.29000E+00  0.48477209E+03
 0.30000E+00  0.46467294E+03
 0.31000E+00  0.44052039E+03
 0.32000E+00  0.40721179E+03
 0.33000E+00  0.44088687E+03
 0.34000E+00  0.46441528E+03
 0.35000E+00  0.41833221E+03
 0.36000E+00  0.44619437E+03
 0.37000E+00  0.39780991E+03
 0.38000E+00  0.54779803E+03
 0.39000E+00  0.35715298E+03
 0.40000E+00  0.36206015E+03
 0.41000E+00  0.34731888E+03
 0.42000E+00  0.33351776E+03
 0.43000E+00  0.30557608E+03
 0.44000E+00  0.33888831E+03
 0.45000E+00  0.32400333E+03
 0.46000E+00  0.32221304E+03
 0.47000E+00  0.30359851E+03
 0.48000E+00  0.30558472E+03
 0.49000E+00  0.29105737E+03
 0.50000E+00  0.26920990E+03
 0.51000E+00  0.29939371E+03
 0.52000E+00  0.28688083E+03
 0.53000E+00  0.26626608E+03
 0.54000E+00  0.26613321E+03
 0.55000E+00  0.90795886E+03
 0.56000E+00  0.29349188E+03
 0.57000E+00  0.25221606E+03
 0.58000E+00  0.23996407E+03
 0.59000E+00  0.23406891E+03
 0.60000E+00  0.24585854E+03
 0.61000E+00  0.24808041E+03
 0.62000E+00  0.24557568E+03
 0.63000E+00  0.23605272E+03
 0.64000E+00  0.24589520E+03
 0.65000E+00  0.22394083E+03
 0.66000E+00  0.22004662E+03
 0.67000E+00  0.22206740E+03
 0.68000E+00  0.21333505E+03
 0.69000E+00  0.21415306E+03
 0.70000E+00  0.21198418E+03
 0.71000E+00  0.20191206E+03
 0.72000E+00  0.39419580E+03
 0.73000E+00  0.19520621E+03
 0.74000E+00  0.19270691E+03
 0.75000E+00  0.19029451E+03
 0.76000E+00  0.18794543E+03
 0.77000E+00  0.18565715E+03
 0.78000E+00  0.18342737E+03
 0.79000E+00  0.18125383E+03
 0.80000E+00  0.17913445E+03
 0.81000E+00  0.17706720E+03
 0.82000E+00  0.17505020E+03
 0.83000E+00  0.17308163E+03
 0.84000E+00  0.17115974E+03
 0.85000E+00  0.16928291E+03
 0.86000E+00  0.16744955E+03
 0.87000E+00  0.16565817E+03
 0.88000E+00  0.16390735E+03
 0.89000E+00  0.16219569E+03
 0.90000E+00  0.16052193E+03
 0.91000E+00  0.15888480E+03
 0.92000E+00  0.15728308E+03
 0.93000E+00  0.15571568E+03
 0.94000E+00  0.15418147E+03
 0.95000E+00  0.15267941E+03
 0.96000E+00  0.15120850E+03
 0.97000E+00  0.14976778E+03
 0.98000E+00  0.14835632E+03
 0.99000E+00  0.14697324E+03
 0.10000E+01  0.14561768E+03
 0.10100E+01  0.14428883E+03
 0.10200E+01  0.14298590E+03
 0.10300E+01  0.14170815E+03
 0.10400E+01  0.14045483E+03
 0.10500E+01  0.13922528E+03
 0.10600E+01  0.13801878E+03
 0.10700E+01  0.13683472E+03
 0.10800E+01  0.13567247E+03
 0.10900E+01  0.13453142E+03
 0.11000E+01  0.13341100E+03
 0.11100E+01  0.13231065E+03
 0.11200E+01  0.13122983E+03
 0.11300E+01  0.13016805E+03
 0.11400E+01  0.12912476E+03
 0.11500E+01  0.12809950E+03
 0.11600E+01  0.12709183E+03
 0.11700E+01  0.12610126E+03
 0.11800E+01  0.12512738E+03
 0.11900E+01  0.12416977E+03
 0.12000E+01  0.12322800E+03
 0.12100E+01  0.12230170E+03
 0.12200E+01  0.12139050E+03
 0.12300E+01  0.12049400E+03
 0.12400E+01  0.11961186E+03
 0.12500E+01  0.11874374E+03
 0.12600E+01  0.11788931E+03
 0.12700E+01  0.11704823E+03
 0.12800E+01  0.11622019E+03
 0.12900E+01  0.11540491E+03
 0.13000E+01  0.11460207E+03
 0.13100E+01  0.11381139E+03
 0.13200E+01  0.11303261E+03
 0.13300E+01  0.11226543E+03
 0.13400E+01  0.11150963E+03
 0.13500E+01  0.11076493E+03
 0.13600E+01  0.11003111E+03
 0.13700E+01  0.10930789E+03
 0.13800E+01  0.10859507E+03
 0.13900E+01  0.10789243E+03
 0.14000E+01  0.10719973E+03
 0.14100E+01  0.10651678E+03
 0.14200E+01  0.10584335E+03
 0.14300E+01  0.10517928E+03
 0.14400E+01  0.10452433E+03
 0.14500E+01  0.10387833E+03
 0.14600E+01  0.10324110E+03
 0.14700E+01  0.10261246E+03
 0.14800E+01  0.10199223E+03
 0.14900E+01  0.10138025E+03
 0.15000E+01  0.10077634E+03
 0.15100E+01  0.10018036E+03
 0.15200E+01  0.99592133E+02
 0.15300E+01  0.99011513E+02
 0.15400E+01  0.98438362E+02
 0.15500E+01  0.97872520E+02
 0.15600E+01  0.97313858E+02
 0.15700E+01  0.96762230E+02
 0.15800E+01  0.96217506E+02
 0.15900E+01  0.95679550E+02
 0.16000E+01  0.95148247E+02
 0.16100E+01  0.94623466E+02
 0.16200E+01  0.94105080E+02
 0.16300E+01  0.93592979E+02
 0.16400E+01  0.93087051E+02
 0.16500E+01  0.92587166E+02
 0.16600E+01  0.92093231E+02
 0.16700E+01  0.91605133E+02
 0.16800E+01  0.91122765E+02
 0.16900E+01  0.90646027E+02
 0.17000E+01  0.90174820E+02
 0.17100E+01  0.89709045E+02
 0.17200E+01  0.89248611E+02
 0.17300E+01  0.88793411E+02
 0.17400E+01  0.88343369E+02
 0.17500E+01  0.87898392E+02
 0.17600E+01  0.87458389E+02
 0.17700E+01  0.87023285E+02
 0.17800E+01  0.86592979E+02
 0.17900E+01  0.86167404E+02
 0.18000E+01  0.85746475E+02
 0.18100E+01  0.85330124E+02
 0.18200E+01  0.84918259E+02
 0.18300E+01  0.84510811E+02
 0.18400E+01  0.84107712E+02
 0.18500E+01  0.83708885E+02
 0.18600E+01  0.83314262E+02
 0.18700E+01  0.82923775E+02
 0.18800E+01  0.82537361E+02
 0.18900E+01  0.82154945E+02
 0.19000E+01  0.81776466E+02
 0.19100E+01  0.81401871E+02
 0.19200E+01  0.81031082E+02
 0.19300E+01  0.80664047E+02
 0.19400E+01  0.80300705E+02
 0.19500E+01  0.79941002E+02
 0.19600E+01  0.79584877E+02
 0.19700E+01  0.79232277E+02
 0.19800E+01  0.78883141E+02
 0.19900E+01  0.78537422E+02
 0.20000E+01  0.78195061E+02
 0.20100E+01  0.77856010E+02
 0.20200E+01  0.77520218E+02
 0.20300E+01  0.77187637E+02
 0.20400E+01  0.76858215E+02
 0.20500E+01  0.76531906E+02
 0.20600E+01  0.76208656E+02
 0.20700E+01  0.75888428E+02
 0.20800E+01  0.75571167E+02
 0.20900E+01  0.75256844E+02
 0.21000E+01  0.74945396E+02
 0.21100E+01  0.74636787E+02
 0.21200E+01  0.74330986E+02
 0.21300E+01  0.74027931E+02
 0.21400E+01  0.73727592E+02
 0.21500E+01  0.73429932E+02
 0.21600E+01  0.73134903E+02
 0.21700E+01  0.72842468E+02
 0.21800E+01  0.72552589E+02
 0.21900E+01  0.72265228E+02
 0.22000E+01  0.71980354E+02
 0.22100E+01  0.71697922E+02
 0.22200E+01  0.71417892E+02
 0.22300E+01  0.71140236E+02
 0.22400E+01  0.70864914E+02
 0.22500E+01  0.70591888E+02
 0.22600E+01  0.70321136E+02
 0.22700E+01  0.70052620E+02
 0.22800E+01  0.69786293E+02
 0.22900E+01  0.69522133E+02
 0.23000E+01  0.69260101E+02
 0.23100E+01  0.69000175E+02
 0.23200E+01  0.68742317E+02
 0.23300E+01  0.68486488E+02
 0.23400E+01  0.68232658E+02
 0.23500E+01  0.67980804E+02
 0.23600E+01  0.67730896E+02
 0.23700E+01  0.67482887E+02
 0.23800E+01  0.67236763E+02
 0.23900E+01  0.66992477E+02
 0.24000E+01  0.66750015E+02
 0.24100E+01  0.66509331E+02
 0.24200E+01  0.66270401E+02
 0.24300E+01  0.66033203E+02
 0.24400E+01  0.65797691E+02
 0.24500E+01  0.65563843E+02
 0.24600E+01  0.65331627E+02
 0.24700E+01  0.65101006E+02
 0.24800E+01  0.64871964E+02
 0.24900E+01  0.64644447E+02
 0.25000E+01  0.64418442E+02
 0.25100E+01  0.64193916E+02
 0.25200E+01  0.63970821E+02
 0.25300E+01  0.63749134E+02
 0.25400E+01  0.63528824E+02
 0.25500E+01  0.63309853E+02
 0.25600E+01  0.63092182E+02
 0.25700E+01  0.62875782E+02
 0.25800E+01  0.62660610E+02
 0.25900E+01  0.62446629E+02
 0.26000E+01  0.62233799E+02
 0.26100E+01  0.62022083E+02
 0.26200E+01  0.61811432E+02
 0.26300E+01  0.61601799E+02
 0.26400E+01  0.61393147E+02
 0.26500E+01  0.61185421E+02
 0.26600E+01  0.60978565E+02
 0.26700E+01  0.60772533E+02
 0.26800E+01  0.60567261E+02
 0.26900E+01  0.60362682E+02
 0.27000E+01  0.60158741E+02
 0.27100E+01  0.59955357E+02
 0.27200E+01  0.59752453E+02
 0.27300E+01  0.59549950E+02
 0.27400E+01  0.59347755E+02
 0.27500E+01  0.59145767E+02
 0.27600E+01  0.58943882E+02
 0.27700E+01  0.58741974E+02
 0.27800E+01  0.58539909E+02
 0.27900E+01  0.58337547E+02
 0.28000E+01  0.58134716E+02
 0.28100E+01  0.57931232E+02
 0.28200E+01  0.57726891E+02
 0.28300E+01  0.57521450E+02
 0.28400E+01  0.57314644E+02
 0.28500E+01  0.57106155E+02
 0.28600E+01  0.56895634E+02
 0.28700E+01  0.56682663E+02
 0.28800E+01  0.56466759E+02
 0.28900E+01  0.56247349E+02
 0.29000E+01  0.56023762E+02
 0.29100E+01  0.55795185E+02
 0.29200E+01  0.55560654E+02
 0.29300E+01  0.55318977E+02
 0.29400E+01  0.55068714E+02
 0.29500E+01  0.54808060E+02
 0.29600E+01  0.54534760E+02
 0.29700E+01  0.54245941E+02
 0.29800E+01  0.53937904E+02
 0.29900E+01  0.53605801E+02
 0.30000E+01  0.53243191E+02
 0.30100E+01  0.52841335E+02
 0.30200E+01  0.52388161E+02
 0.30300E+01  0.51866615E+02
 0.30400E+01  0.51252113E+02
 0.30500E+01  0.50508499E+02
 0.30600E+01  0.49582066E+02
 0.30700E+01  0.48394325E+02
 0.30800E+01  0.46842117E+02
 0.30900E+01  0.44851089E+02
 0.31000E+01  0.42667679E+02
 0.31100E+01  0.41713497E+02
 0.31200E+01  0.44401493E+02
 0.31300E+01  0.49398243E+02
 0.31400E+01  0.52971985E+02
 0.31500E+01  0.54628860E+02
 0.31600E+01  0.55221928E+02
 0.31700E+01  0.55332535E+02
 0.31800E+01  0.55226318E+02
 0.31900E+01  0.54897327E+02
 0.32000E+01  0.54784161E+02
 0.32100E+01  0.54587799E+02
 0.32200E+01  0.54372101E+02
 0.32300E+01  0.54162090E+02
 0.32400E+01  0.53965588E+02
 0.32500E+01  0.53788025E+02
 0.32600E+01  0.53632584E+02
 0.32700E+01  0.53491287E+02
 0.32800E+01  0.53331802E+02
 0.32900E+01  0.53124184E+02
 0.33000E+01  0.52888649E+02
 0.33100E+01  0.52659489E+02
 0.33200E+01  0.52448265E+02
 0.33300E+01  0.52253281E+02
 0.33400E+01  0.52070526E+02
 0.33500E+01  0.51896786E+02
 0.33600E+01  0.51729885E+02
 0.33700E+01  0.51568378E+02
 0.33800E+01  0.51411282E+02
 0.33900E+01  0.51257912E+02
 0.34000E+01  0.51107765E+02
 0.34100E+01  0.50960472E+02
 0.34200E+01  0.50815739E+02
 0.34300E+01  0.50673332E+02
 0.34400E+01  0.50533062E+02
 0.34500E+01  0.50394768E+02
 0.34600E+01  0.50258316E+02
 0.34700E+01  0.50123589E+02
 0.34800E+01  0.49990486E+02
 0.34900E+01  0.49858921E+02
 0.35000E+01  0.49728809E+02
 0.35100E+01  0.49600086E+02
 0.35200E+01  0.49472683E+02
 0.35300E+01  0.49346550E+02
 0.35400E+01  0.49221630E+02
 0.35500E+01  0.49097874E+02
 0.35600E+01  0.48975243E+02
 0.35700E+01  0.48853695E+02
 0.35800E+01  0.48733192E+02
 0.35900E+01  0.48613701E+02
 0.36000E+01  0.48495193E+02
 0.36100E+01  0.48377636E+02
 0.36200E+01  0.48261005E+02
 0.36300E+01  0.48145267E+02
 0.36400E+01  0.48030407E+02
 0.36500E+01  0.47916397E+02
 0.36600E+01  0.47803219E+02
 0.36700E+01  0.47690853E+02
 0.36800E+01  0.47579277E+02
 0.36900E+01  0.47468475E+02
 0.37000E+01  0.47358429E+02
 0.37100E+01  0.47249126E+02
 0.37200E+01  0.47140549E+02
 0.37300E+01  0.47032681E+02
 0.37400E+01  0.46925510E+02
 0.37500E+01  0.46819023E+02
 0.37600E+01  0.46713207E+02
 0.37700E+01  0.46608051E+02
 0.37800E+01  0.46503544E+02
 0.37900E+01  0.46399670E+02
 0.38000E+01  0.46296425E+02
 0.38100E+01  0.46193790E+02
 0.38200E+01  0.46091763E+02
 0.38300E+01  0.45990330E+02
 0.38400E+01  0.45889484E+02
 0.38500E+01  0.45789215E+02
 0.38600E+01  0.45689514E+02
 0.38700E+01  0.45590370E+02
 0.38800E+01  0.45491783E+02
 0.38900E+01  0.45393734E+02
 0.39000E+01  0.45296223E+02
 0.39100E+01  0.45199234E+02
 0.39200E+01  0.45102772E+02
 0.39300E+01  0.45006821E+02
 0.39400E+01  0.44911377E+02
 0.39500E+01  0.44816429E+02
 0.39600E+01  0.44721973E+02
 0.39700E+01  0.44628002E+02
 0.39800E+01  0.44534512E+02
 0.39900E+01  0.44441490E+02
 0.40000E+01  0.44348934E+02
 0.40100E+01  0.44256832E+02
 0.40200E+01  0.44165184E+02
 0.40300E+01  0.44073982E+02
 0.40400E+01  0.43983219E+02
 0.40500E+01  0.43892883E+02
 0.40600E+01  0.43802971E+02
 0.40700E+01  0.43713478E+02
 0.40800E+01  0.43624393E+02
 0.40900E+01  0.43535709E+02
 0.41000E+01  0.43447418E+02
 0.41100E+01  0.43359509E+02
 0.41200E+01  0.43271973E+02
 0.41300E+01  0.43184803E+02
 0.41400E+01  0.43097980E+02
 0.41500E+01  0.43011490E+02
 0.41600E+01  0.42925323E+02
 0.41700E+01  0.42839455E+02
 0.41800E+01  0.42753864E+02
 0.41900E+01  0.42668522E+02
 0.42000E+01  0.42583397E+02
 0.42100E+01  0.42498451E+02
 0.42200E+01  0.42413651E+02
 0.42300E+01  0.42329002E+02
 0.42400E+01  0.42244629E+02
 0.42500E+01  0.42161060E+02
 0.42600E+01  0.42080017E+02
 0.42700E+01  0.42005550E+02
 0.42800E+01  0.41940353E+02
 0.42900E+01  0.41874409E+02
 0.43000E+01  0.41798492E+02
 0.43100E+01  0.41716770E+02
 0.43200E+01  0.41633827E+02
 0.43300E+01  0.41551281E+02
 0.43400E+01  0.41469467E+02
 0.43500E+01  0.41388382E+02
 0.43600E+01  0.41307938E+02
 0.43700E+01  0.41228046E+02
 0.43800E+01  0.41148647E+02
 0.43900E+01  0.41069679E+02
 0.44000E+01  0.40991096E+02
 0.44100E+01  0.40912872E+02
 0.44200E+01  0.40834969E+02
 0.44300E+01  0.40757366E+02
 0.44400E+01  0.40680038E+02
 0.44500E+01  0.40602966E+02
 0.44600E+01  0.40526134E+02
 0.44700E+01  0.40449524E+02
 0.44800E+01  0.40373108E+02
 0.44900E+01  0.40296879E+02
 0.45000E+01  0.40220814E+02
 0.45100E+01  0.40144886E+02
 0.45200E+01  0.40069084E+02
 0.45300E+01  0.39993378E+02
 0.45400E+01  0.39917740E+02
 0.45500E+01  0.39842148E+02
 0.45600E+01  0.39766563E+02
 0.45700E+01  0.39690956E+02
 0.45800E+01  0.39615288E+02
 0.45900E+01  0.39539505E+02
 0.46000E+01  0.39463554E+02
 0.46100E+01  0.39387379E+02
 0.46200E+01  0.39310905E+02
 0.46300E+01  0.39234051E+02
 0.46400E+01  0.39156708E+02
 0.46500E+01  0.39078754E+02
 0.46600E+01  0.39000042E+02
 0.46700E+01  0.38920387E+02
 0.46800E+01  0.38839550E+02
 0.46900E+01  0.38757240E+02
 0.47000E+01  0.38673058E+02
 0.47100E+01  0.38586475E+02
 0.47200E+01  0.38496750E+02
 0.47300E+01  0.38402779E+02
 0.47400E+01  0.38302818E+02
 0.47500E+01  0.38193817E+02
 0.47600E+01  0.38069569E+02
 0.47700E+01  0.37914040E+02
 0.47800E+01  0.37662983E+02
 0.47900E+01  0.36317535E+02
 0.48000E+01  0.38234131E+02
 0.48100E+01  0.37814316E+02
 0.48200E+01  0.37566597E+02
 0.48300E+01  0.37328335E+02
 0.48400E+01  0.37059589E+02
 0.48500E+01  0.36732990E+02
 0.48600E+01  0.36322971E+02
 0.48700E+01  0.35821213E+02
 0.48800E+01  0.35299992E+02
 0.48900E+01  0.35011135E+02
 0.49000E+01  0.35242737E+02
 0.49100E+01  0.35853298E+02
 0.49200E+01  0.36441715E+02
 0.49300E+01  0.36838001E+02
 0.49400E+01  0.37065056E+02
 0.49500E+01  0.37181595E+02
 0.49600E+01  0.37231453E+02
 0.49700E+01  0.37241386E+02
 0.49800E+01  0.37226952E+02
 0.49900E+01  0.37197975E+02
 0.50000E+01  0.37159065E+02
