    100.00       0.00000E+00
    110.00       1.77826E-38
    120.00       9.73677E-36
    130.00       2.00562E-33
    140.00       1.91740E-31
    150.00       9.92362E-30
    160.00       3.12059E-28
    170.00       6.51221E-27
    180.00       9.65887E-26
    190.00       1.07480E-24
    200.00       9.36995E-24
    210.00       6.62749E-23
    220.00       3.91385E-22
    230.00       1.97592E-21
    240.00       8.69754E-21
    250.00       3.39368E-20
    260.00       1.19031E-19
    270.00       3.79786E-19
    280.00       1.11362E-18
    290.00       3.02742E-18
    300.00       7.68869E-18
    310.00       1.83634E-17
    320.00       4.14856E-17
    330.00       8.91031E-17
    340.00       1.82766E-16
    350.00       3.59438E-16
    360.00       6.80176E-16
    370.00       1.24236E-15
    380.00       2.19650E-15
    390.00       3.76853E-15
    400.00       6.28854E-15
    410.00       1.02272E-14
    420.00       1.62407E-14
    430.00       2.52242E-14
    440.00       3.83758E-14
    450.00       5.72707E-14
    460.00       8.39445E-14
    470.00       1.20988E-13
    480.00       1.71648E-13
    490.00       2.39947E-13
    500.00       3.30792E-13
    510.00       4.50110E-13
    520.00       6.04974E-13
    530.00       8.03743E-13
    540.00       1.05619E-12
    550.00       1.37365E-12
    560.00       1.76913E-12
    570.00       2.25747E-12
    580.00       2.85544E-12
    590.00       3.58186E-12
    600.00       4.45774E-12
    610.00       5.50628E-12
    620.00       6.75310E-12
    630.00       8.22616E-12
    640.00       9.95592E-12
    650.00       1.19753E-11
    660.00       1.43198E-11
    670.00       1.70275E-11
    680.00       2.01388E-11
    690.00       2.36969E-11
    700.00       2.77471E-11
    710.00       3.23376E-11
    720.00       3.75187E-11
    730.00       4.33427E-11
    740.00       4.98647E-11
    750.00       5.71412E-11
    760.00       6.52313E-11
    770.00       7.41956E-11
    780.00       8.40963E-11
    790.00       9.49973E-11
    800.00       1.06964E-10
    810.00       1.20063E-10
    820.00       1.34362E-10
    830.00       1.49930E-10
    840.00       1.66836E-10
    850.00       1.85151E-10
    860.00       2.04944E-10
    870.00       2.26287E-10
    880.00       2.49250E-10
    890.00       2.73905E-10
    900.00       3.00322E-10
    910.00       3.28572E-10
    920.00       3.58725E-10
    930.00       3.90849E-10
    940.00       4.25014E-10
    950.00       4.61287E-10
    960.00       4.99734E-10
    970.00       5.40423E-10
    980.00       5.83414E-10
    990.00       6.28773E-10
   1000.00       6.76561E-10
   1010.00       7.26836E-10
   1020.00       7.79656E-10
   1030.00       8.35080E-10
   1040.00       8.93159E-10
   1050.00       9.53947E-10
   1060.00       1.01749E-09
   1070.00       1.08385E-09
   1080.00       1.15306E-09
   1090.00       1.22517E-09
   1100.00       1.30022E-09
   1110.00       1.37825E-09
   1120.00       1.45929E-09
   1130.00       1.54340E-09
   1140.00       1.63059E-09
   1150.00       1.72089E-09
   1160.00       1.81434E-09
   1170.00       1.91097E-09
   1180.00       2.01079E-09
   1190.00       2.11383E-09
   1200.00       2.22011E-09
   1210.00       2.32964E-09
   1220.00       2.44244E-09
   1230.00       2.55853E-09
   1240.00       2.67791E-09
   1250.00       2.80060E-09
   1260.00       2.92659E-09
   1270.00       3.05590E-09
   1280.00       3.18852E-09
   1290.00       3.32446E-09
   1300.00       3.46372E-09
   1310.00       3.60628E-09
   1320.00       3.75215E-09
   1330.00       3.90133E-09
   1340.00       4.05379E-09
   1350.00       4.20953E-09
   1360.00       4.36854E-09
   1370.00       4.53080E-09
   1380.00       4.69629E-09
   1390.00       4.86501E-09
   1400.00       5.03693E-09
   1410.00       5.21203E-09
   1420.00       5.39028E-09
   1430.00       5.57168E-09
   1440.00       5.75619E-09
   1450.00       5.94378E-09
   1460.00       6.13443E-09
   1470.00       6.32813E-09
   1480.00       6.52481E-09
   1490.00       6.72448E-09
   1500.00       6.92708E-09
   1510.00       7.13260E-09
   1520.00       7.34099E-09
   1530.00       7.55223E-09
   1540.00       7.76629E-09
   1550.00       7.98310E-09
   1560.00       8.20267E-09
   1570.00       8.42493E-09
   1580.00       8.64985E-09
   1590.00       8.87740E-09
   1600.00       9.10755E-09
   1610.00       9.34024E-09
   1620.00       9.57543E-09
   1630.00       9.81310E-09
   1640.00       1.00532E-08
   1650.00       1.02957E-08
   1660.00       1.05405E-08
   1670.00       1.07876E-08
   1680.00       1.10370E-08
   1690.00       1.12887E-08
   1700.00       1.15425E-08
   1710.00       1.17984E-08
   1720.00       1.20564E-08
   1730.00       1.23165E-08
   1740.00       1.25786E-08
   1750.00       1.28427E-08
   1760.00       1.31086E-08
   1770.00       1.33765E-08
   1780.00       1.36462E-08
   1790.00       1.39177E-08
   1800.00       1.41909E-08
   1810.00       1.44659E-08
   1820.00       1.47425E-08
   1830.00       1.50208E-08
   1840.00       1.53006E-08
   1850.00       1.55820E-08
   1860.00       1.58648E-08
   1870.00       1.61491E-08
   1880.00       1.64349E-08
   1890.00       1.67220E-08
   1900.00       1.70104E-08
   1910.00       1.73001E-08
   1920.00       1.75911E-08
   1930.00       1.78833E-08
   1940.00       1.81766E-08
   1950.00       1.84711E-08
   1960.00       1.87667E-08
   1970.00       1.90633E-08
   1980.00       1.93609E-08
   1990.00       1.96595E-08
   2000.00       1.99590E-08
   2010.00       2.02594E-08
   2020.00       2.05607E-08
   2030.00       2.08628E-08
   2040.00       2.11657E-08
   2050.00       2.14693E-08
   2060.00       2.17736E-08
   2070.00       2.20786E-08
   2080.00       2.23843E-08
   2090.00       2.26905E-08
   2100.00       2.29973E-08
   2110.00       2.33047E-08
   2120.00       2.36126E-08
   2130.00       2.39209E-08
   2140.00       2.42296E-08
   2150.00       2.45388E-08
   2160.00       2.48483E-08
   2170.00       2.51582E-08
   2180.00       2.54684E-08
   2190.00       2.57788E-08
   2200.00       2.60895E-08
   2210.00       2.64004E-08
   2220.00       2.67115E-08
   2230.00       2.70227E-08
   2240.00       2.73341E-08
   2250.00       2.76456E-08
   2260.00       2.79571E-08
   2270.00       2.82687E-08
   2280.00       2.85803E-08
   2290.00       2.88919E-08
   2300.00       2.92035E-08
   2310.00       2.95150E-08
   2320.00       2.98264E-08
   2330.00       3.01377E-08
   2340.00       3.04488E-08
   2350.00       3.07598E-08
   2360.00       3.10706E-08
   2370.00       3.13812E-08
   2380.00       3.16915E-08
   2390.00       3.20016E-08
   2400.00       3.23114E-08
   2410.00       3.26209E-08
   2420.00       3.29301E-08
   2430.00       3.32390E-08
   2440.00       3.35475E-08
   2450.00       3.38556E-08
   2460.00       3.41632E-08
   2470.00       3.44705E-08
   2480.00       3.47773E-08
   2490.00       3.50837E-08
   2500.00       3.53896E-08
   2510.00       3.56950E-08
   2520.00       3.59998E-08
   2530.00       3.63042E-08
   2540.00       3.66079E-08
   2550.00       3.69112E-08
   2560.00       3.72138E-08
   2570.00       3.75158E-08
   2580.00       3.78172E-08
   2590.00       3.81180E-08
   2600.00       3.84181E-08
   2610.00       3.87176E-08
   2620.00       3.90163E-08
   2630.00       3.93145E-08
   2640.00       3.96118E-08
   2650.00       3.99085E-08
   2660.00       4.02044E-08
   2670.00       4.04996E-08
   2680.00       4.07941E-08
   2690.00       4.10877E-08
   2700.00       4.13806E-08
   2710.00       4.16727E-08
   2720.00       4.19640E-08
   2730.00       4.22544E-08
   2740.00       4.25441E-08
   2750.00       4.28329E-08
   2760.00       4.31209E-08
   2770.00       4.34080E-08
   2780.00       4.36942E-08
   2790.00       4.39795E-08
   2800.00       4.42640E-08
   2810.00       4.45476E-08
   2820.00       4.48302E-08
   2830.00       4.51120E-08
   2840.00       4.53928E-08
   2850.00       4.56727E-08
   2860.00       4.59517E-08
   2870.00       4.62297E-08
   2880.00       4.65068E-08
   2890.00       4.67828E-08
   2900.00       4.70580E-08
   2910.00       4.73321E-08
   2920.00       4.76053E-08
   2930.00       4.78775E-08
   2940.00       4.81487E-08
   2950.00       4.84189E-08
   2960.00       4.86881E-08
   2970.00       4.89562E-08
   2980.00       4.92234E-08
   2990.00       4.94895E-08
   3000.00       4.97547E-08
   3010.00       5.00188E-08
   3020.00       5.02818E-08
   3030.00       5.05438E-08
   3040.00       5.08048E-08
   3050.00       5.10647E-08
   3060.00       5.13235E-08
   3070.00       5.15814E-08
   3080.00       5.18381E-08
   3090.00       5.20938E-08
   3100.00       5.23484E-08
   3110.00       5.26020E-08
   3120.00       5.28544E-08
   3130.00       5.31058E-08
   3140.00       5.33562E-08
   3150.00       5.36054E-08
   3160.00       5.38536E-08
   3170.00       5.41006E-08
   3180.00       5.43466E-08
   3190.00       5.45915E-08
   3200.00       5.48353E-08
   3210.00       5.50780E-08
   3220.00       5.53197E-08
   3230.00       5.55602E-08
   3240.00       5.57996E-08
   3250.00       5.60379E-08
   3260.00       5.62752E-08
   3270.00       5.65113E-08
   3280.00       5.67463E-08
   3290.00       5.69803E-08
   3300.00       5.72131E-08
   3310.00       5.74448E-08
   3320.00       5.76754E-08
   3330.00       5.79049E-08
   3340.00       5.81333E-08
   3350.00       5.83606E-08
   3360.00       5.85868E-08
   3370.00       5.88119E-08
   3380.00       5.90359E-08
   3390.00       5.92587E-08
   3400.00       5.94805E-08
   3410.00       5.97012E-08
   3420.00       5.99207E-08
   3430.00       6.01392E-08
   3440.00       6.03566E-08
   3450.00       6.05729E-08
   3460.00       6.07880E-08
   3470.00       6.10021E-08
   3480.00       6.12151E-08
   3490.00       6.14269E-08
   3500.00       6.16377E-08
   3510.00       6.18474E-08
   3520.00       6.20560E-08
   3530.00       6.22635E-08
   3540.00       6.24699E-08
   3550.00       6.26752E-08
   3560.00       6.28794E-08
   3570.00       6.30826E-08
   3580.00       6.32846E-08
   3590.00       6.34856E-08
   3600.00       6.36855E-08
   3610.00       6.38843E-08
   3620.00       6.40820E-08
   3630.00       6.42787E-08
   3640.00       6.44743E-08
   3650.00       6.46688E-08
   3660.00       6.48623E-08
   3670.00       6.50547E-08
   3680.00       6.52460E-08
   3690.00       6.54362E-08
   3700.00       6.56254E-08
   3710.00       6.58136E-08
   3720.00       6.60007E-08
   3730.00       6.61867E-08
   3740.00       6.63717E-08
   3750.00       6.65556E-08
   3760.00       6.67385E-08
   3770.00       6.69203E-08
   3780.00       6.71012E-08
   3790.00       6.72809E-08
   3800.00       6.74597E-08
   3810.00       6.76374E-08
   3820.00       6.78140E-08
   3830.00       6.79897E-08
   3840.00       6.81643E-08
   3850.00       6.83379E-08
   3860.00       6.85105E-08
   3870.00       6.86821E-08
   3880.00       6.88526E-08
   3890.00       6.90222E-08
   3900.00       6.91907E-08
   3910.00       6.93582E-08
   3920.00       6.95248E-08
   3930.00       6.96903E-08
   3940.00       6.98549E-08
   3950.00       7.00184E-08
   3960.00       7.01810E-08
   3970.00       7.03426E-08
   3980.00       7.05032E-08
   3990.00       7.06628E-08
   4000.00       7.08215E-08
   4010.00       7.09792E-08
   4020.00       7.11359E-08
   4030.00       7.12916E-08
   4040.00       7.14464E-08
   4050.00       7.16002E-08
   4060.00       7.17531E-08
   4070.00       7.19050E-08
   4080.00       7.20560E-08
   4090.00       7.22060E-08
   4100.00       7.23551E-08
   4110.00       7.25033E-08
   4120.00       7.26505E-08
   4130.00       7.27967E-08
   4140.00       7.29421E-08
   4150.00       7.30865E-08
   4160.00       7.32300E-08
   4170.00       7.33726E-08
   4180.00       7.35143E-08
   4190.00       7.36551E-08
   4200.00       7.37949E-08
   4210.00       7.39339E-08
   4220.00       7.40719E-08
   4230.00       7.42091E-08
   4240.00       7.43453E-08
   4250.00       7.44807E-08
   4260.00       7.46152E-08
   4270.00       7.47488E-08
   4280.00       7.48815E-08
   4290.00       7.50134E-08
   4300.00       7.51444E-08
   4310.00       7.52745E-08
   4320.00       7.54037E-08
   4330.00       7.55321E-08
   4340.00       7.56596E-08
   4350.00       7.57863E-08
   4360.00       7.59121E-08
   4370.00       7.60370E-08
   4380.00       7.61612E-08
   4390.00       7.62844E-08
   4400.00       7.64069E-08
   4410.00       7.65285E-08
   4420.00       7.66493E-08
   4430.00       7.67692E-08
   4440.00       7.68883E-08
   4450.00       7.70067E-08
   4460.00       7.71241E-08
   4470.00       7.72408E-08
   4480.00       7.73567E-08
   4490.00       7.74718E-08
   4500.00       7.75861E-08
   4510.00       7.76996E-08
   4520.00       7.78122E-08
   4530.00       7.79241E-08
   4540.00       7.80352E-08
   4550.00       7.81455E-08
   4560.00       7.82550E-08
   4570.00       7.83638E-08
   4580.00       7.84717E-08
   4590.00       7.85790E-08
   4600.00       7.86854E-08
   4610.00       7.87911E-08
   4620.00       7.88960E-08
   4630.00       7.90001E-08
   4640.00       7.91035E-08
   4650.00       7.92062E-08
   4660.00       7.93081E-08
   4670.00       7.94093E-08
   4680.00       7.95097E-08
   4690.00       7.96094E-08
   4700.00       7.97083E-08
   4710.00       7.98066E-08
   4720.00       7.99040E-08
   4730.00       8.00008E-08
   4740.00       8.00969E-08
   4750.00       8.01922E-08
   4760.00       8.02868E-08
   4770.00       8.03808E-08
   4780.00       8.04740E-08
   4790.00       8.05665E-08
   4800.00       8.06583E-08
   4810.00       8.07494E-08
   4820.00       8.08398E-08
   4830.00       8.09296E-08
   4840.00       8.10186E-08
   4850.00       8.11070E-08
   4860.00       8.11947E-08
   4870.00       8.12817E-08
   4880.00       8.13680E-08
   4890.00       8.14537E-08
   4900.00       8.15387E-08
   4910.00       8.16231E-08
   4920.00       8.17067E-08
   4930.00       8.17897E-08
   4940.00       8.18721E-08
   4950.00       8.19538E-08
   4960.00       8.20349E-08
   4970.00       8.21153E-08
   4980.00       8.21951E-08
   4990.00       8.22743E-08
   5000.00       8.23528E-08
   5010.00       8.24306E-08
   5020.00       8.25079E-08
   5030.00       8.25845E-08
   5040.00       8.26605E-08
   5050.00       8.27359E-08
   5060.00       8.28107E-08
   5070.00       8.28849E-08
   5080.00       8.29584E-08
   5090.00       8.30313E-08
   6000.00       8.74900E-08
   7000.00       8.88070E-08
   8000.00       8.79375E-08
   9000.00       8.58560E-08
  10000.00       8.31357E-08
