    100.00       0.00000E+00
    110.00       0.00000E+00
    120.00       0.00000E+00
    130.00       0.00000E+00
    140.00       0.00000E+00
    150.00       0.00000E+00
    160.00       0.00000E+00
    170.00       0.00000E+00
    180.00       0.00000E+00
    190.00       0.00000E+00
    200.00       0.00000E+00
    210.00       0.00000E+00
    220.00       0.00000E+00
    230.00       0.00000E+00
    240.00       0.00000E+00
    250.00       0.00000E+00
    260.00       0.00000E+00
    270.00       0.00000E+00
    280.00       0.00000E+00
    290.00       0.00000E+00
    300.00       0.00000E+00
    310.00       0.00000E+00
    320.00       0.00000E+00
    330.00       0.00000E+00
    340.00       0.00000E+00
    350.00       0.00000E+00
    360.00       0.00000E+00
    370.00       0.00000E+00
    380.00       0.00000E+00
    390.00       0.00000E+00
    400.00       0.00000E+00
    410.00       0.00000E+00
    420.00       0.00000E+00
    430.00       0.00000E+00
    440.00       0.00000E+00
    450.00       0.00000E+00
    460.00       0.00000E+00
    470.00       0.00000E+00
    480.00       0.00000E+00
    490.00       0.00000E+00
    500.00       0.00000E+00
    510.00       0.00000E+00
    520.00       0.00000E+00
    530.00       1.83784E-38
    540.00       7.55857E-38
    550.00       2.95159E-37
    560.00       1.09738E-36
    570.00       3.89480E-36
    580.00       1.32273E-35
    590.00       4.30816E-35
    600.00       1.34857E-34
    610.00       4.06491E-34
    620.00       1.18202E-33
    630.00       3.32160E-33
    640.00       9.03458E-33
    650.00       2.38212E-32
    660.00       6.09720E-32
    670.00       1.51703E-31
    680.00       3.67361E-31
    690.00       8.66840E-31
    700.00       1.99534E-30
    710.00       4.48528E-30
    720.00       9.85563E-30
    730.00       2.11886E-29
    740.00       4.46105E-29
    750.00       9.20555E-29
    760.00       1.86331E-28
    770.00       3.70237E-28
    780.00       7.22657E-28
    790.00       1.38656E-27
    800.00       2.61691E-27
    810.00       4.86117E-27
    820.00       8.89300E-27
    830.00       1.60309E-26
    840.00       2.84901E-26
    850.00       4.99432E-26
    860.00       8.64002E-26
    870.00       1.47574E-25
    880.00       2.48968E-25
    890.00       4.15055E-25
    900.00       6.84019E-25
    910.00       1.11479E-24
    920.00       1.79738E-24
    930.00       2.86792E-24
    940.00       4.53010E-24
    950.00       7.08613E-24
    960.00       1.09799E-23
    970.00       1.68583E-23
    980.00       2.56546E-23
    990.00       3.87061E-23
   1000.00       5.79115E-23
   1010.00       8.59468E-23
   1020.00       1.26555E-22
   1030.00       1.84933E-22
   1040.00       2.68242E-22
   1050.00       3.86292E-22
   1060.00       5.52414E-22
   1070.00       7.84629E-22
   1080.00       1.10711E-21
   1090.00       1.55212E-21
   1100.00       2.16248E-21
   1110.00       2.99456E-21
   1120.00       4.12236E-21
   1130.00       5.64234E-21
   1140.00       7.67961E-21
   1150.00       1.03955E-20
   1160.00       1.39974E-20
   1170.00       1.87498E-20
   1180.00       2.49892E-20
   1190.00       3.31417E-20
   1200.00       4.37438E-20
   1210.00       5.74680E-20
   1220.00       7.51543E-20
   1230.00       9.78478E-20
   1240.00       1.26842E-19
   1250.00       1.63734E-19
   1260.00       2.10483E-19
   1270.00       2.69489E-19
   1280.00       3.43683E-19
   1290.00       4.36618E-19
   1300.00       5.52603E-19
   1310.00       6.96836E-19
   1320.00       8.75566E-19
   1330.00       1.09629E-18
   1340.00       1.36797E-18
   1350.00       1.70125E-18
   1360.00       2.10882E-18
   1370.00       2.60565E-18
   1380.00       3.20948E-18
   1390.00       3.94113E-18
   1400.00       4.82507E-18
   1410.00       5.89000E-18
   1420.00       7.16929E-18
   1430.00       8.70195E-18
   1440.00       1.05333E-17
   1450.00       1.27156E-17
   1460.00       1.53096E-17
   1470.00       1.83853E-17
   1480.00       2.20228E-17
   1490.00       2.63149E-17
   1500.00       3.13669E-17
   1510.00       3.72999E-17
   1520.00       4.42517E-17
   1530.00       5.23791E-17
   1540.00       6.18606E-17
   1550.00       7.28973E-17
   1560.00       8.57182E-17
   1570.00       1.00581E-16
   1580.00       1.17775E-16
   1590.00       1.37629E-16
   1600.00       1.60509E-16
   1610.00       1.86826E-16
   1620.00       2.17039E-16
   1630.00       2.51663E-16
   1640.00       2.91271E-16
   1650.00       3.36500E-16
   1660.00       3.88058E-16
   1670.00       4.46731E-16
   1680.00       5.13392E-16
   1690.00       5.89002E-16
   1700.00       6.74626E-16
   1710.00       7.71437E-16
   1720.00       8.80729E-16
   1730.00       1.00392E-15
   1740.00       1.14258E-15
   1750.00       1.29841E-15
   1760.00       1.47328E-15
   1770.00       1.66926E-15
   1780.00       1.88858E-15
   1790.00       2.13368E-15
   1800.00       2.40723E-15
   1810.00       2.71213E-15
   1820.00       3.05152E-15
   1830.00       3.42884E-15
   1840.00       3.84776E-15
   1850.00       4.31235E-15
   1860.00       4.82694E-15
   1870.00       5.39621E-15
   1880.00       6.02524E-15
   1890.00       6.71951E-15
   1900.00       7.48492E-15
   1910.00       8.32780E-15
   1920.00       9.25496E-15
   1930.00       1.02738E-14
   1940.00       1.13921E-14
   1950.00       1.26183E-14
   1960.00       1.39615E-14
   1970.00       1.54312E-14
   1980.00       1.70379E-14
   1990.00       1.87926E-14
   2000.00       2.07070E-14
   2010.00       2.27936E-14
   2020.00       2.50659E-14
   2030.00       2.75380E-14
   2040.00       3.02252E-14
   2050.00       3.31434E-14
   2060.00       3.63098E-14
   2070.00       3.97423E-14
   2080.00       4.34603E-14
   2090.00       4.74841E-14
   2100.00       5.18351E-14
   2110.00       5.65362E-14
   2120.00       6.16114E-14
   2130.00       6.70862E-14
   2140.00       7.29873E-14
   2150.00       7.93429E-14
   2160.00       8.61827E-14
   2170.00       9.35386E-14
   2180.00       1.01443E-13
   2190.00       1.09931E-13
   2200.00       1.19040E-13
   2210.00       1.28806E-13
   2220.00       1.39271E-13
   2230.00       1.50477E-13
   2240.00       1.62468E-13
   2250.00       1.75291E-13
   2260.00       1.88994E-13
   2270.00       2.03628E-13
   2280.00       2.19246E-13
   2290.00       2.35904E-13
   2300.00       2.53660E-13
   2310.00       2.72573E-13
   2320.00       2.92710E-13
   2330.00       3.14133E-13
   2340.00       3.36913E-13
   2350.00       3.61121E-13
   2360.00       3.86831E-13
   2370.00       4.14124E-13
   2380.00       4.43076E-13
   2390.00       4.73776E-13
   2400.00       5.06307E-13
   2410.00       5.40762E-13
   2420.00       5.77235E-13
   2430.00       6.15821E-13
   2440.00       6.56627E-13
   2450.00       6.99755E-13
   2460.00       7.45311E-13
   2470.00       7.93412E-13
   2480.00       8.44175E-13
   2490.00       8.97720E-13
   2500.00       9.54171E-13
   2510.00       1.01366E-12
   2520.00       1.07632E-12
   2530.00       1.14228E-12
   2540.00       1.21169E-12
   2550.00       1.28471E-12
   2560.00       1.36147E-12
   2570.00       1.44214E-12
   2580.00       1.52688E-12
   2590.00       1.61585E-12
   2600.00       1.70924E-12
   2610.00       1.80720E-12
   2620.00       1.90993E-12
   2630.00       2.01762E-12
   2640.00       2.13044E-12
   2650.00       2.24862E-12
   2660.00       2.37234E-12
   2670.00       2.50182E-12
   2680.00       2.63728E-12
   2690.00       2.77892E-12
   2700.00       2.92700E-12
   2710.00       3.08171E-12
   2720.00       3.24333E-12
   2730.00       3.41208E-12
   2740.00       3.58822E-12
   2750.00       3.77202E-12
   2760.00       3.96371E-12
   2770.00       4.16359E-12
   2780.00       4.37193E-12
   2790.00       4.58901E-12
   2800.00       4.81512E-12
   2810.00       5.05056E-12
   2820.00       5.29564E-12
   2830.00       5.55065E-12
   2840.00       5.81592E-12
   2850.00       6.09178E-12
   2860.00       6.37855E-12
   2870.00       6.67658E-12
   2880.00       6.98622E-12
   2890.00       7.30779E-12
   2900.00       7.64167E-12
   2910.00       7.98824E-12
   2920.00       8.34786E-12
   2930.00       8.72091E-12
   2940.00       9.10781E-12
   2950.00       9.50889E-12
   2960.00       9.92462E-12
   2970.00       1.03554E-11
   2980.00       1.08016E-11
   2990.00       1.12637E-11
   3000.00       1.17421E-11
   3010.00       1.22373E-11
   3020.00       1.27497E-11
   3030.00       1.32798E-11
   3040.00       1.38280E-11
   3050.00       1.43948E-11
   3060.00       1.49807E-11
   3070.00       1.55862E-11
   3080.00       1.62118E-11
   3090.00       1.68579E-11
   3100.00       1.75251E-11
   3110.00       1.82140E-11
   3120.00       1.89250E-11
   3130.00       1.96586E-11
   3140.00       2.04156E-11
   3150.00       2.11962E-11
   3160.00       2.20012E-11
   3170.00       2.28312E-11
   3180.00       2.36866E-11
   3190.00       2.45680E-11
   3200.00       2.54762E-11
   3210.00       2.64116E-11
   3220.00       2.73748E-11
   3230.00       2.83665E-11
   3240.00       2.93874E-11
   3250.00       3.04380E-11
   3260.00       3.15189E-11
   3270.00       3.26309E-11
   3280.00       3.37745E-11
   3290.00       3.49505E-11
   3300.00       3.61595E-11
   3310.00       3.74022E-11
   3320.00       3.86792E-11
   3330.00       3.99914E-11
   3340.00       4.13392E-11
   3350.00       4.27236E-11
   3360.00       4.41452E-11
   3370.00       4.56046E-11
   3380.00       4.71028E-11
   3390.00       4.86402E-11
   3400.00       5.02179E-11
   3410.00       5.18363E-11
   3420.00       5.34964E-11
   3430.00       5.51990E-11
   3440.00       5.69447E-11
   3450.00       5.87344E-11
   3460.00       6.05688E-11
   3470.00       6.24487E-11
   3480.00       6.43751E-11
   3490.00       6.63485E-11
   3500.00       6.83699E-11
   3510.00       7.04400E-11
   3520.00       7.25599E-11
   3530.00       7.47302E-11
   3540.00       7.69516E-11
   3550.00       7.92254E-11
   3560.00       8.15520E-11
   3570.00       8.39325E-11
   3580.00       8.63678E-11
   3590.00       8.88587E-11
   3600.00       9.14060E-11
   3610.00       9.40106E-11
   3620.00       9.66735E-11
   3630.00       9.93954E-11
   3640.00       1.02178E-10
   3650.00       1.05021E-10
   3660.00       1.07926E-10
   3670.00       1.10893E-10
   3680.00       1.13924E-10
   3690.00       1.17020E-10
   3700.00       1.20182E-10
   3710.00       1.23410E-10
   3720.00       1.26705E-10
   3730.00       1.30069E-10
   3740.00       1.33503E-10
   3750.00       1.37006E-10
   3760.00       1.40581E-10
   3770.00       1.44227E-10
   3780.00       1.47948E-10
   3790.00       1.51742E-10
   3800.00       1.55611E-10
   3810.00       1.59557E-10
   3820.00       1.63580E-10
   3830.00       1.67680E-10
   3840.00       1.71860E-10
   3850.00       1.76120E-10
   3860.00       1.80461E-10
   3870.00       1.84884E-10
   3880.00       1.89391E-10
   3890.00       1.93981E-10
   3900.00       1.98657E-10
   3910.00       2.03418E-10
   3920.00       2.08267E-10
   3930.00       2.13204E-10
   3940.00       2.18231E-10
   3950.00       2.23347E-10
   3960.00       2.28555E-10
   3970.00       2.33855E-10
   3980.00       2.39249E-10
   3990.00       2.44736E-10
   4000.00       2.50320E-10
   4010.00       2.55999E-10
   4020.00       2.61776E-10
   4030.00       2.67652E-10
   4040.00       2.73628E-10
   4050.00       2.79704E-10
   4060.00       2.85881E-10
   4070.00       2.92161E-10
   4080.00       2.98546E-10
   4090.00       3.05035E-10
   4100.00       3.11630E-10
   4110.00       3.18332E-10
   4120.00       3.25142E-10
   4130.00       3.32061E-10
   4140.00       3.39090E-10
   4150.00       3.46230E-10
   4160.00       3.53482E-10
   4170.00       3.60849E-10
   4180.00       3.68328E-10
   4190.00       3.75924E-10
   4200.00       3.83636E-10
   4210.00       3.91466E-10
   4220.00       3.99413E-10
   4230.00       4.07481E-10
   4240.00       4.15669E-10
   4250.00       4.23979E-10
   4260.00       4.32412E-10
   4270.00       4.40969E-10
   4280.00       4.49650E-10
   4290.00       4.58458E-10
   4300.00       4.67393E-10
   4310.00       4.76455E-10
   4320.00       4.85646E-10
   4330.00       4.94968E-10
   4340.00       5.04421E-10
   4350.00       5.14006E-10
   4360.00       5.23724E-10
   4370.00       5.33577E-10
   4380.00       5.43565E-10
   4390.00       5.53689E-10
   4400.00       5.63951E-10
   4410.00       5.74350E-10
   4420.00       5.84889E-10
   4430.00       5.95569E-10
   4440.00       6.06391E-10
   4450.00       6.17355E-10
   4460.00       6.28462E-10
   4470.00       6.39714E-10
   4480.00       6.51111E-10
   4490.00       6.62656E-10
   4500.00       6.74347E-10
   4510.00       6.86188E-10
   4520.00       6.98177E-10
   4530.00       7.10318E-10
   4540.00       7.22609E-10
   4550.00       7.35054E-10
   4560.00       7.47652E-10
   4570.00       7.60405E-10
   4580.00       7.73311E-10
   4590.00       7.86377E-10
   4600.00       7.99598E-10
   4610.00       8.12978E-10
   4620.00       8.26517E-10
   4630.00       8.40217E-10
   4640.00       8.54079E-10
   4650.00       8.68101E-10
   4660.00       8.82288E-10
   4670.00       8.96638E-10
   4680.00       9.11154E-10
   4690.00       9.25835E-10
   4700.00       9.40684E-10
   4710.00       9.55700E-10
   4720.00       9.70882E-10
   4730.00       9.86237E-10
   4740.00       1.00176E-09
   4750.00       1.01746E-09
   4760.00       1.03333E-09
   4770.00       1.04937E-09
   4780.00       1.06559E-09
   4790.00       1.08198E-09
   4800.00       1.09854E-09
   4810.00       1.11529E-09
   4820.00       1.13221E-09
   4830.00       1.14931E-09
   4840.00       1.16659E-09
   4850.00       1.18405E-09
   4860.00       1.20169E-09
   4870.00       1.21951E-09
   4880.00       1.23751E-09
   4890.00       1.25570E-09
   4900.00       1.27408E-09
   4910.00       1.29263E-09
   4920.00       1.31137E-09
   4930.00       1.33031E-09
   4940.00       1.34942E-09
   4950.00       1.36873E-09
   4960.00       1.38822E-09
   4970.00       1.40791E-09
   4980.00       1.42779E-09
   4990.00       1.44785E-09
   5000.00       1.46811E-09
   5010.00       1.48857E-09
   5020.00       1.50921E-09
   5030.00       1.53005E-09
   5040.00       1.55109E-09
   5050.00       1.57232E-09
   5060.00       1.59375E-09
   5070.00       1.61537E-09
   5080.00       1.63720E-09
   5090.00       1.65922E-09
   6000.00       4.56458E-09
   7000.00       9.93487E-09
   8000.00       1.73686E-08
   9000.00       2.63047E-08
  10000.00       3.60954E-08
