    100.00       0.00000E+00
    110.00       0.00000E+00
    120.00       0.00000E+00
    130.00       0.00000E+00
    140.00       0.00000E+00
    150.00       0.00000E+00
    160.00       0.00000E+00
    170.00       0.00000E+00
    180.00       0.00000E+00
    190.00       0.00000E+00
    200.00       0.00000E+00
    210.00       0.00000E+00
    220.00       0.00000E+00
    230.00       0.00000E+00
    240.00       2.11624E-37
    250.00       3.32263E-36
    260.00       4.21566E-35
    270.00       4.42626E-34
    280.00       3.92495E-33
    290.00       2.99141E-32
    300.00       1.98958E-31
    310.00       1.17012E-30
    320.00       6.15632E-30
    330.00       2.92709E-29
    340.00       1.26906E-28
    350.00       5.05703E-28
    360.00       1.86532E-27
    370.00       6.40877E-27
    380.00       2.06258E-26
    390.00       6.24965E-26
    400.00       1.79091E-25
    410.00       4.87360E-25
    420.00       1.26415E-24
    430.00       3.13594E-24
    440.00       7.46262E-24
    450.00       1.70835E-23
    460.00       3.77159E-23
    470.00       8.04906E-23
    480.00       1.66402E-22
    490.00       3.33903E-22
    500.00       6.51488E-22
    510.00       1.23804E-21
    520.00       2.29494E-21
    530.00       4.15553E-21
    540.00       7.35990E-21
    550.00       1.27653E-20
    560.00       2.17066E-20
    570.00       3.62252E-20
    580.00       5.93892E-20
    590.00       9.57360E-20
    600.00       1.51876E-19
    610.00       2.37291E-19
    620.00       3.65411E-19
    630.00       5.54991E-19
    640.00       8.31916E-19
    650.00       1.23147E-18
    660.00       1.80122E-18
    670.00       2.60464E-18
    680.00       3.72545E-18
    690.00       5.27314E-18
    700.00       7.38950E-18
    710.00       1.02566E-17
    720.00       1.41059E-17
    730.00       1.92298E-17
    740.00       2.59946E-17
    750.00       3.48555E-17
    760.00       4.63742E-17
    770.00       6.12400E-17
    780.00       8.02911E-17
    790.00       1.04543E-16
    800.00       1.35216E-16
    810.00       1.73771E-16
    820.00       2.21944E-16
    830.00       2.81789E-16
    840.00       3.55723E-16
    850.00       4.46574E-16
    860.00       5.57639E-16
    870.00       6.92744E-16
    880.00       8.56301E-16
    890.00       1.05339E-15
    900.00       1.28983E-15
    910.00       1.57223E-15
    920.00       1.90815E-15
    930.00       2.30610E-15
    940.00       2.77568E-15
    950.00       3.32773E-15
    960.00       3.97432E-15
    970.00       4.72900E-15
    980.00       5.60677E-15
    990.00       6.62436E-15
   1000.00       7.80021E-15
   1010.00       9.15471E-15
   1020.00       1.07102E-14
   1030.00       1.24915E-14
   1040.00       1.45252E-14
   1050.00       1.68409E-14
   1060.00       1.94706E-14
   1070.00       2.24491E-14
   1080.00       2.58139E-14
   1090.00       2.96059E-14
   1100.00       3.38692E-14
   1110.00       3.86509E-14
   1120.00       4.40022E-14
   1130.00       4.99777E-14
   1140.00       5.66359E-14
   1150.00       6.40392E-14
   1160.00       7.22545E-14
   1170.00       8.13526E-14
   1180.00       9.14089E-14
   1190.00       1.02504E-13
   1200.00       1.14723E-13
   1210.00       1.28154E-13
   1220.00       1.42894E-13
   1230.00       1.59042E-13
   1240.00       1.76703E-13
   1250.00       1.95989E-13
   1260.00       2.17015E-13
   1270.00       2.39904E-13
   1280.00       2.64784E-13
   1290.00       2.91788E-13
   1300.00       3.21056E-13
   1310.00       3.52734E-13
   1320.00       3.86972E-13
   1330.00       4.23931E-13
   1340.00       4.63775E-13
   1350.00       5.06674E-13
   1360.00       5.52805E-13
   1370.00       6.02351E-13
   1380.00       6.55503E-13
   1390.00       7.12459E-13
   1400.00       7.73420E-13
   1410.00       8.38600E-13
   1420.00       9.08210E-13
   1430.00       9.82476E-13
   1440.00       1.06163E-12
   1450.00       1.14590E-12
   1460.00       1.23554E-12
   1470.00       1.33079E-12
   1480.00       1.43190E-12
   1490.00       1.53915E-12
   1500.00       1.65280E-12
   1510.00       1.77312E-12
   1520.00       1.90040E-12
   1530.00       2.03492E-12
   1540.00       2.17698E-12
   1550.00       2.32687E-12
   1560.00       2.48491E-12
   1570.00       2.65140E-12
   1580.00       2.82664E-12
   1590.00       3.01099E-12
   1600.00       3.20475E-12
   1610.00       3.40827E-12
   1620.00       3.62188E-12
   1630.00       3.84592E-12
   1640.00       4.08074E-12
   1650.00       4.32670E-12
   1660.00       4.58416E-12
   1670.00       4.85347E-12
   1680.00       5.13502E-12
   1690.00       5.42916E-12
   1700.00       5.73628E-12
   1710.00       6.05674E-12
   1720.00       6.39094E-12
   1730.00       6.73926E-12
   1740.00       7.10211E-12
   1750.00       7.47986E-12
   1760.00       7.87290E-12
   1770.00       8.28167E-12
   1780.00       8.70653E-12
   1790.00       9.14792E-12
   1800.00       9.60622E-12
   1810.00       1.00819E-11
   1820.00       1.05752E-11
   1830.00       1.10868E-11
   1840.00       1.16169E-11
   1850.00       1.21660E-11
   1860.00       1.27345E-11
   1870.00       1.33229E-11
   1880.00       1.39315E-11
   1890.00       1.45608E-11
   1900.00       1.52111E-11
   1910.00       1.58830E-11
   1920.00       1.65768E-11
   1930.00       1.72931E-11
   1940.00       1.80321E-11
   1950.00       1.87943E-11
   1960.00       1.95802E-11
   1970.00       2.03901E-11
   1980.00       2.12245E-11
   1990.00       2.20838E-11
   2000.00       2.29685E-11
   2010.00       2.38789E-11
   2020.00       2.48154E-11
   2030.00       2.57786E-11
   2040.00       2.67688E-11
   2050.00       2.77863E-11
   2060.00       2.88317E-11
   2070.00       2.99053E-11
   2080.00       3.10076E-11
   2090.00       3.21390E-11
   2100.00       3.32997E-11
   2110.00       3.44903E-11
   2120.00       3.57112E-11
   2130.00       3.69628E-11
   2140.00       3.82454E-11
   2150.00       3.95594E-11
   2160.00       4.09051E-11
   2170.00       4.22832E-11
   2180.00       4.36938E-11
   2190.00       4.51373E-11
   2200.00       4.66143E-11
   2210.00       4.81248E-11
   2220.00       4.96695E-11
   2230.00       5.12485E-11
   2240.00       5.28624E-11
   2250.00       5.45114E-11
   2260.00       5.61959E-11
   2270.00       5.79163E-11
   2280.00       5.96728E-11
   2290.00       6.14658E-11
   2300.00       6.32957E-11
   2310.00       6.51626E-11
   2320.00       6.70672E-11
   2330.00       6.90096E-11
   2340.00       7.09901E-11
   2350.00       7.30090E-11
   2360.00       7.50667E-11
   2370.00       7.71634E-11
   2380.00       7.92995E-11
   2390.00       8.14753E-11
   2400.00       8.36909E-11
   2410.00       8.59468E-11
   2420.00       8.82431E-11
   2430.00       9.05801E-11
   2440.00       9.29582E-11
   2450.00       9.53777E-11
   2460.00       9.78384E-11
   2470.00       1.00341E-10
   2480.00       1.02886E-10
   2490.00       1.05473E-10
   2500.00       1.08102E-10
   2510.00       1.10774E-10
   2520.00       1.13490E-10
   2530.00       1.16248E-10
   2540.00       1.19050E-10
   2550.00       1.21895E-10
   2560.00       1.24784E-10
   2570.00       1.27717E-10
   2580.00       1.30695E-10
   2590.00       1.33716E-10
   2600.00       1.36782E-10
   2610.00       1.39893E-10
   2620.00       1.43049E-10
   2630.00       1.46250E-10
   2640.00       1.49496E-10
   2650.00       1.52788E-10
   2660.00       1.56125E-10
   2670.00       1.59508E-10
   2680.00       1.62936E-10
   2690.00       1.66411E-10
   2700.00       1.69931E-10
   2710.00       1.73498E-10
   2720.00       1.77111E-10
   2730.00       1.80771E-10
   2740.00       1.84477E-10
   2750.00       1.88230E-10
   2760.00       1.92029E-10
   2770.00       1.95876E-10
   2780.00       1.99769E-10
   2790.00       2.03709E-10
   2800.00       2.07696E-10
   2810.00       2.11731E-10
   2820.00       2.15813E-10
   2830.00       2.19942E-10
   2840.00       2.24118E-10
   2850.00       2.28342E-10
   2860.00       2.32613E-10
   2870.00       2.36932E-10
   2880.00       2.41299E-10
   2890.00       2.45712E-10
   2900.00       2.50174E-10
   2910.00       2.54683E-10
   2920.00       2.59240E-10
   2930.00       2.63844E-10
   2940.00       2.68497E-10
   2950.00       2.73196E-10
   2960.00       2.77944E-10
   2970.00       2.82739E-10
   2980.00       2.87582E-10
   2990.00       2.92472E-10
   3000.00       2.97410E-10
   3010.00       3.02397E-10
   3020.00       3.07429E-10
   3030.00       3.12511E-10
   3040.00       3.17639E-10
   3050.00       3.22816E-10
   3060.00       3.28039E-10
   3070.00       3.33310E-10
   3080.00       3.38629E-10
   3090.00       3.43994E-10
   3100.00       3.49408E-10
   3110.00       3.54868E-10
   3120.00       3.60376E-10
   3130.00       3.65930E-10
   3140.00       3.71532E-10
   3150.00       3.77181E-10
   3160.00       3.82877E-10
   3170.00       3.88619E-10
   3180.00       3.94408E-10
   3190.00       4.00244E-10
   3200.00       4.06127E-10
   3210.00       4.12056E-10
   3220.00       4.18031E-10
   3230.00       4.24052E-10
   3240.00       4.30120E-10
   3250.00       4.36234E-10
   3260.00       4.42394E-10
   3270.00       4.48600E-10
   3280.00       4.54851E-10
   3290.00       4.61148E-10
   3300.00       4.67491E-10
   3310.00       4.73878E-10
   3320.00       4.80312E-10
   3330.00       4.86790E-10
   3340.00       4.93313E-10
   3350.00       4.99882E-10
   3360.00       5.06495E-10
   3370.00       5.13152E-10
   3380.00       5.19854E-10
   3390.00       5.26600E-10
   3400.00       5.33391E-10
   3410.00       5.40226E-10
   3420.00       5.47104E-10
   3430.00       5.54026E-10
   3440.00       5.60992E-10
   3450.00       5.68002E-10
   3460.00       5.75054E-10
   3470.00       5.82149E-10
   3480.00       5.89288E-10
   3490.00       5.96469E-10
   3500.00       6.03693E-10
   3510.00       6.10959E-10
   3520.00       6.18268E-10
   3530.00       6.25619E-10
   3540.00       6.33011E-10
   3550.00       6.40446E-10
   3560.00       6.47921E-10
   3570.00       6.55439E-10
   3580.00       6.62997E-10
   3590.00       6.70597E-10
   3600.00       6.78237E-10
   3610.00       6.85918E-10
   3620.00       6.93640E-10
   3630.00       7.01401E-10
   3640.00       7.09203E-10
   3650.00       7.17045E-10
   3660.00       7.24927E-10
   3670.00       7.32847E-10
   3680.00       7.40808E-10
   3690.00       7.48807E-10
   3700.00       7.56846E-10
   3710.00       7.64922E-10
   3720.00       7.73039E-10
   3730.00       7.81192E-10
   3740.00       7.89385E-10
   3750.00       7.97614E-10
   3760.00       8.05882E-10
   3770.00       8.14187E-10
   3780.00       8.22530E-10
   3790.00       8.30909E-10
   3800.00       8.39326E-10
   3810.00       8.47779E-10
   3820.00       8.56268E-10
   3830.00       8.64795E-10
   3840.00       8.73356E-10
   3850.00       8.81954E-10
   3860.00       8.90588E-10
   3870.00       8.99256E-10
   3880.00       9.07961E-10
   3890.00       9.16699E-10
   3900.00       9.25473E-10
   3910.00       9.34281E-10
   3920.00       9.43123E-10
   3930.00       9.52001E-10
   3940.00       9.60911E-10
   3950.00       9.69855E-10
   3960.00       9.78833E-10
   3970.00       9.87844E-10
   3980.00       9.96888E-10
   3990.00       1.00596E-09
   4000.00       1.01507E-09
   4010.00       1.02422E-09
   4020.00       1.03339E-09
   4030.00       1.04260E-09
   4040.00       1.05183E-09
   4050.00       1.06110E-09
   4060.00       1.07040E-09
   4070.00       1.07973E-09
   4080.00       1.08910E-09
   4090.00       1.09849E-09
   4100.00       1.10791E-09
   4110.00       1.11737E-09
   4120.00       1.12685E-09
   4130.00       1.13636E-09
   4140.00       1.14590E-09
   4150.00       1.15547E-09
   4160.00       1.16508E-09
   4170.00       1.17471E-09
   4180.00       1.18436E-09
   4190.00       1.19405E-09
   4200.00       1.20376E-09
   4210.00       1.21351E-09
   4220.00       1.22328E-09
   4230.00       1.23307E-09
   4240.00       1.24290E-09
   4250.00       1.25275E-09
   4260.00       1.26263E-09
   4270.00       1.27253E-09
   4280.00       1.28247E-09
   4290.00       1.29242E-09
   4300.00       1.30241E-09
   4310.00       1.31242E-09
   4320.00       1.32245E-09
   4330.00       1.33251E-09
   4340.00       1.34260E-09
   4350.00       1.35271E-09
   4360.00       1.36284E-09
   4370.00       1.37300E-09
   4380.00       1.38318E-09
   4390.00       1.39339E-09
   4400.00       1.40362E-09
   4410.00       1.41388E-09
   4420.00       1.42415E-09
   4430.00       1.43445E-09
   4440.00       1.44478E-09
   4450.00       1.45512E-09
   4460.00       1.46549E-09
   4470.00       1.47588E-09
   4480.00       1.48630E-09
   4490.00       1.49673E-09
   4500.00       1.50719E-09
   4510.00       1.51767E-09
   4520.00       1.52816E-09
   4530.00       1.53868E-09
   4540.00       1.54922E-09
   4550.00       1.55978E-09
   4560.00       1.57037E-09
   4570.00       1.58097E-09
   4580.00       1.59159E-09
   4590.00       1.60223E-09
   4600.00       1.61289E-09
   4610.00       1.62357E-09
   4620.00       1.63427E-09
   4630.00       1.64498E-09
   4640.00       1.65572E-09
   4650.00       1.66647E-09
   4660.00       1.67725E-09
   4670.00       1.68804E-09
   4680.00       1.69885E-09
   4690.00       1.70967E-09
   4700.00       1.72052E-09
   4710.00       1.73138E-09
   4720.00       1.74225E-09
   4730.00       1.75315E-09
   4740.00       1.76406E-09
   4750.00       1.77499E-09
   4760.00       1.78593E-09
   4770.00       1.79689E-09
   4780.00       1.80787E-09
   4790.00       1.81886E-09
   4800.00       1.82986E-09
   4810.00       1.84089E-09
   4820.00       1.85192E-09
   4830.00       1.86297E-09
   4840.00       1.87404E-09
   4850.00       1.88512E-09
   4860.00       1.89621E-09
   4870.00       1.90732E-09
   4880.00       1.91845E-09
   4890.00       1.92958E-09
   4900.00       1.94073E-09
   4910.00       1.95190E-09
   4920.00       1.96307E-09
   4930.00       1.97426E-09
   4940.00       1.98546E-09
   4950.00       1.99668E-09
   4960.00       2.00791E-09
   4970.00       2.01915E-09
   4980.00       2.03040E-09
   4990.00       2.04166E-09
   5000.00       2.05293E-09
   5010.00       2.06422E-09
   5020.00       2.07552E-09
   5030.00       2.08683E-09
   5040.00       2.09815E-09
   5050.00       2.10948E-09
   5060.00       2.12082E-09
   5070.00       2.13217E-09
   5080.00       2.14353E-09
   5090.00       2.15490E-09
   6000.00       3.21150E-09
   7000.00       4.34883E-09
   8000.00       5.38826E-09
   9000.00       6.29708E-09
  10000.00       7.06772E-09
