    0     -108.4278     -108.1682     -108.1339     -108.0896     -108.0515     -108.0493     -108.0419     -108.0275     -107.9546     -107.9450
     -107.9065     -107.8740     -107.8645     -107.8542     -107.8351     -107.7815     -107.7201     -108.4322     -108.1114     -108.0813
     -108.0781     -108.0520     -108.0182     -107.9853     -107.9484     -107.9203     -107.8576     -107.8272     -107.8190     -107.8172
     -107.7859     -107.7508     -107.7176     -108.4331     -108.1127     -108.0803     -108.0781     -108.0491     -108.0182     -107.9884
     -107.9465     -107.9182     -107.8586     -107.8294     -107.8190     -107.8162     -107.7854     -107.7518     -107.7168     -108.1339
     -108.0924     -108.0896     -108.0516     -108.0496     -108.0416     -107.9547     -107.9466     -107.9237     -107.9064     -107.8925
     -107.8645     -107.8351     -107.8309     -108.3225     -108.2345     -108.2076     -108.1823     -108.0476     -108.0037     -107.9902
     -107.9136     -107.9069     -107.8489     -107.8342     -107.8328     -107.8125     -107.7990     -107.7657     -107.7445     -107.7075
     -108.3023     -108.2573     -108.2358     -108.1902     -108.1238     -107.9774     -107.9126     -107.8782     -107.8738     -107.8402
     -107.8105     -107.7936     -107.7459     -107.7435     -107.7016     -108.3037     -108.2573     -108.2336     -108.1886     -108.1239
     -107.9782     -107.9113     -107.8781     -107.8738     -107.8420     -107.8108     -107.7934     -107.7460     -107.7434     -107.7040
     -108.2346     -108.2257     -108.2075     -108.2042     -108.0037     -107.9763     -107.9110     -107.9067     -107.8341     -107.8146
     -107.8125     -107.7990     -107.7656     -107.7647     -107.7075     -108.2230     -108.1976     -108.1221     -108.1045     -108.0162
     -107.9851     -107.9239     -107.9196     -107.8618     -107.7559     -107.7324     -108.1528     -108.1202     -108.0464     -107.9490
     -107.8927     -107.8835     -107.8566     -107.8286     -107.7836     -107.7361     -107.7291     -107.7010     -108.1548     -108.1201
     -108.0457     -107.9497     -107.8954     -107.8836     -107.8556     -107.8282     -107.7830     -107.7388     -107.7291     -107.7017
     -108.1976     -108.1656     -108.1046     -108.0809     -107.9852     -107.9675     -107.9225     -107.7739     -107.7324     -107.7046
     -108.3638     -108.3019     -107.9711     -107.9638     -107.9388     -107.9065     -107.7520     -107.7428     -107.7111     -108.3330
     -108.0552     -107.9707     -107.9072     -107.8856     -107.8822     -107.8412     -107.7894     -107.7429     -107.7338     -107.7161
     -107.6999     -108.3365     -108.0551     -107.9705     -107.9064     -107.8856     -107.8824     -107.8436     -107.7893     -107.7418
     -107.7357     -107.7161     -107.6987     -108.3019     -108.2755     -108.0510     -107.9710     -107.9392     -107.9381     -107.9168
     -107.7895     -107.7518     -107.7220
