    100.00       5.55592E-12
    110.00       1.38876E-11
    120.00       2.95233E-11
    130.00       5.54814E-11
    140.00       9.47282E-11
    150.00       1.49910E-10
    160.00       2.23177E-10
    170.00       3.16106E-10
    180.00       4.29685E-10
    190.00       5.64362E-10
    200.00       7.20110E-10
    210.00       8.96510E-10
    220.00       1.09283E-09
    230.00       1.30812E-09
    240.00       1.54126E-09
    250.00       1.79102E-09
    260.00       2.05611E-09
    270.00       2.33526E-09
    280.00       2.62716E-09
    290.00       2.93057E-09
    300.00       3.24427E-09
    310.00       3.56714E-09
    320.00       3.89808E-09
    330.00       4.23609E-09
    340.00       4.58022E-09
    350.00       4.92960E-09
    360.00       5.28343E-09
    370.00       5.64095E-09
    380.00       6.00150E-09
    390.00       6.36445E-09
    400.00       6.72922E-09
    410.00       7.09528E-09
    420.00       7.46218E-09
    430.00       7.82946E-09
    440.00       8.19674E-09
    450.00       8.56365E-09
    460.00       8.92987E-09
    470.00       9.29509E-09
    480.00       9.65906E-09
    490.00       1.00215E-08
    500.00       1.03823E-08
    510.00       1.07410E-08
    520.00       1.10977E-08
    530.00       1.14521E-08
    540.00       1.18041E-08
    550.00       1.21535E-08
    560.00       1.25003E-08
    570.00       1.28442E-08
    580.00       1.31853E-08
    590.00       1.35234E-08
    600.00       1.38584E-08
    610.00       1.41903E-08
    620.00       1.45190E-08
    630.00       1.48445E-08
    640.00       1.51667E-08
    650.00       1.54856E-08
    660.00       1.58011E-08
    670.00       1.61132E-08
    680.00       1.64219E-08
    690.00       1.67272E-08
    700.00       1.70290E-08
    710.00       1.73273E-08
    720.00       1.76222E-08
    730.00       1.79136E-08
    740.00       1.82014E-08
    750.00       1.84858E-08
    760.00       1.87667E-08
    770.00       1.90441E-08
    780.00       1.93179E-08
    790.00       1.95883E-08
    800.00       1.98553E-08
    810.00       2.01187E-08
    820.00       2.03787E-08
    830.00       2.06353E-08
    840.00       2.08885E-08
    850.00       2.11382E-08
    860.00       2.13845E-08
    870.00       2.16275E-08
    880.00       2.18671E-08
    890.00       2.21033E-08
    900.00       2.23362E-08
    910.00       2.25659E-08
    920.00       2.27922E-08
    930.00       2.30153E-08
    940.00       2.32352E-08
    950.00       2.34518E-08
    960.00       2.36653E-08
    970.00       2.38756E-08
    980.00       2.40827E-08
    990.00       2.42867E-08
   1000.00       2.44877E-08
   1010.00       2.46856E-08
   1020.00       2.48804E-08
   1030.00       2.50723E-08
   1040.00       2.52611E-08
   1050.00       2.54470E-08
   1060.00       2.56300E-08
   1070.00       2.58101E-08
   1080.00       2.59872E-08
   1090.00       2.61616E-08
   1100.00       2.63331E-08
   1110.00       2.65018E-08
   1120.00       2.66678E-08
   1130.00       2.68311E-08
   1140.00       2.69916E-08
   1150.00       2.71494E-08
   1160.00       2.73046E-08
   1170.00       2.74572E-08
   1180.00       2.76072E-08
   1190.00       2.77546E-08
   1200.00       2.78995E-08
   1210.00       2.80418E-08
   1220.00       2.81817E-08
   1230.00       2.83191E-08
   1240.00       2.84541E-08
   1250.00       2.85867E-08
   1260.00       2.87170E-08
   1270.00       2.88449E-08
   1280.00       2.89704E-08
   1290.00       2.90937E-08
   1300.00       2.92148E-08
   1310.00       2.93336E-08
   1320.00       2.94501E-08
   1330.00       2.95646E-08
   1340.00       2.96768E-08
   1350.00       2.97870E-08
   1360.00       2.98950E-08
   1370.00       3.00010E-08
   1380.00       3.01049E-08
   1390.00       3.02068E-08
   1400.00       3.03067E-08
   1410.00       3.04046E-08
   1420.00       3.05006E-08
   1430.00       3.05947E-08
   1440.00       3.06869E-08
   1450.00       3.07772E-08
   1460.00       3.08657E-08
   1470.00       3.09524E-08
   1480.00       3.10372E-08
   1490.00       3.11203E-08
   1500.00       3.12017E-08
   1510.00       3.12813E-08
   1520.00       3.13593E-08
   1530.00       3.14355E-08
   1540.00       3.15101E-08
   1550.00       3.15831E-08
   1560.00       3.16545E-08
   1570.00       3.17243E-08
   1580.00       3.17925E-08
   1590.00       3.18592E-08
   1600.00       3.19243E-08
   1610.00       3.19880E-08
   1620.00       3.20502E-08
   1630.00       3.21109E-08
   1640.00       3.21702E-08
   1650.00       3.22281E-08
   1660.00       3.22846E-08
   1670.00       3.23397E-08
   1680.00       3.23935E-08
   1690.00       3.24459E-08
   1700.00       3.24971E-08
   1710.00       3.25469E-08
   1720.00       3.25954E-08
   1730.00       3.26427E-08
   1740.00       3.26887E-08
   1750.00       3.27336E-08
   1760.00       3.27772E-08
   1770.00       3.28196E-08
   1780.00       3.28609E-08
   1790.00       3.29010E-08
   1800.00       3.29400E-08
   1810.00       3.29779E-08
   1820.00       3.30146E-08
   1830.00       3.30503E-08
   1840.00       3.30849E-08
   1850.00       3.31185E-08
   1860.00       3.31511E-08
   1870.00       3.31826E-08
   1880.00       3.32131E-08
   1890.00       3.32426E-08
   1900.00       3.32712E-08
   1910.00       3.32987E-08
   1920.00       3.33254E-08
   1930.00       3.33511E-08
   1940.00       3.33759E-08
   1950.00       3.33998E-08
   1960.00       3.34228E-08
   1970.00       3.34450E-08
   1980.00       3.34663E-08
   1990.00       3.34867E-08
   2000.00       3.35063E-08
   2010.00       3.35251E-08
   2020.00       3.35431E-08
   2030.00       3.35602E-08
   2040.00       3.35766E-08
   2050.00       3.35923E-08
   2060.00       3.36071E-08
   2070.00       3.36213E-08
   2080.00       3.36347E-08
   2090.00       3.36473E-08
   2100.00       3.36593E-08
   2110.00       3.36705E-08
   2120.00       3.36811E-08
   2130.00       3.36910E-08
   2140.00       3.37002E-08
   2150.00       3.37088E-08
   2160.00       3.37167E-08
   2170.00       3.37240E-08
   2180.00       3.37306E-08
   2190.00       3.37367E-08
   2200.00       3.37421E-08
   2210.00       3.37470E-08
   2220.00       3.37512E-08
   2230.00       3.37549E-08
   2240.00       3.37580E-08
   2250.00       3.37606E-08
   2260.00       3.37626E-08
   2270.00       3.37641E-08
   2280.00       3.37650E-08
   2290.00       3.37654E-08
   2300.00       3.37653E-08
   2310.00       3.37647E-08
   2320.00       3.37636E-08
   2330.00       3.37620E-08
   2340.00       3.37599E-08
   2350.00       3.37574E-08
   2360.00       3.37544E-08
   2370.00       3.37509E-08
   2380.00       3.37470E-08
   2390.00       3.37426E-08
   2400.00       3.37378E-08
   2410.00       3.37326E-08
   2420.00       3.37269E-08
   2430.00       3.37209E-08
   2440.00       3.37144E-08
   2450.00       3.37076E-08
   2460.00       3.37003E-08
   2470.00       3.36926E-08
   2480.00       3.36846E-08
   2490.00       3.36762E-08
   2500.00       3.36674E-08
   2510.00       3.36583E-08
   2520.00       3.36488E-08
   2530.00       3.36390E-08
   2540.00       3.36288E-08
   2550.00       3.36183E-08
   2560.00       3.36075E-08
   2570.00       3.35963E-08
   2580.00       3.35848E-08
   2590.00       3.35730E-08
   2600.00       3.35608E-08
   2610.00       3.35484E-08
   2620.00       3.35357E-08
   2630.00       3.35227E-08
   2640.00       3.35094E-08
   2650.00       3.34958E-08
   2660.00       3.34819E-08
   2670.00       3.34678E-08
   2680.00       3.34534E-08
   2690.00       3.34387E-08
   2700.00       3.34238E-08
   2710.00       3.34086E-08
   2720.00       3.33932E-08
   2730.00       3.33775E-08
   2740.00       3.33616E-08
   2750.00       3.33455E-08
   2760.00       3.33291E-08
   2770.00       3.33125E-08
   2780.00       3.32956E-08
   2790.00       3.32786E-08
   2800.00       3.32613E-08
   2810.00       3.32438E-08
   2820.00       3.32261E-08
   2830.00       3.32082E-08
   2840.00       3.31901E-08
   2850.00       3.31718E-08
   2860.00       3.31533E-08
   2870.00       3.31346E-08
   2880.00       3.31158E-08
   2890.00       3.30967E-08
   2900.00       3.30775E-08
   2910.00       3.30581E-08
   2920.00       3.30385E-08
   2930.00       3.30188E-08
   2940.00       3.29989E-08
   2950.00       3.29788E-08
   2960.00       3.29586E-08
   2970.00       3.29382E-08
   2980.00       3.29176E-08
   2990.00       3.28969E-08
   3000.00       3.28761E-08
   3010.00       3.28551E-08
   3020.00       3.28340E-08
   3030.00       3.28127E-08
   3040.00       3.27913E-08
   3050.00       3.27698E-08
   3060.00       3.27481E-08
   3070.00       3.27263E-08
   3080.00       3.27044E-08
   3090.00       3.26823E-08
   3100.00       3.26602E-08
   3110.00       3.26379E-08
   3120.00       3.26155E-08
   3130.00       3.25930E-08
   3140.00       3.25704E-08
   3150.00       3.25477E-08
   3160.00       3.25248E-08
   3170.00       3.25019E-08
   3180.00       3.24789E-08
   3190.00       3.24557E-08
   3200.00       3.24325E-08
   3210.00       3.24092E-08
   3220.00       3.23857E-08
   3230.00       3.23622E-08
   3240.00       3.23386E-08
   3250.00       3.23149E-08
   3260.00       3.22912E-08
   3270.00       3.22673E-08
   3280.00       3.22434E-08
   3290.00       3.22194E-08
   3300.00       3.21953E-08
   3310.00       3.21711E-08
   3320.00       3.21469E-08
   3330.00       3.21226E-08
   3340.00       3.20982E-08
   3350.00       3.20737E-08
   3360.00       3.20492E-08
   3370.00       3.20246E-08
   3380.00       3.20000E-08
   3390.00       3.19753E-08
   3400.00       3.19505E-08
   3410.00       3.19257E-08
   3420.00       3.19008E-08
   3430.00       3.18759E-08
   3440.00       3.18509E-08
   3450.00       3.18259E-08
   3460.00       3.18008E-08
   3470.00       3.17756E-08
   3480.00       3.17504E-08
   3490.00       3.17252E-08
   3500.00       3.16999E-08
   3510.00       3.16746E-08
   3520.00       3.16492E-08
   3530.00       3.16238E-08
   3540.00       3.15984E-08
   3550.00       3.15729E-08
   3560.00       3.15474E-08
   3570.00       3.15218E-08
   3580.00       3.14962E-08
   3590.00       3.14706E-08
   3600.00       3.14450E-08
   3610.00       3.14193E-08
   3620.00       3.13936E-08
   3630.00       3.13678E-08
   3640.00       3.13420E-08
   3650.00       3.13162E-08
   3660.00       3.12904E-08
   3670.00       3.12645E-08
   3680.00       3.12387E-08
   3690.00       3.12128E-08
   3700.00       3.11868E-08
   3710.00       3.11609E-08
   3720.00       3.11349E-08
   3730.00       3.11090E-08
   3740.00       3.10830E-08
   3750.00       3.10569E-08
   3760.00       3.10309E-08
   3770.00       3.10048E-08
   3780.00       3.09788E-08
   3790.00       3.09527E-08
   3800.00       3.09266E-08
   3810.00       3.09005E-08
   3820.00       3.08744E-08
   3830.00       3.08483E-08
   3840.00       3.08222E-08
   3850.00       3.07960E-08
   3860.00       3.07699E-08
   3870.00       3.07438E-08
   3880.00       3.07176E-08
   3890.00       3.06914E-08
   3900.00       3.06653E-08
   3910.00       3.06391E-08
   3920.00       3.06129E-08
   3930.00       3.05867E-08
   3940.00       3.05606E-08
   3950.00       3.05344E-08
   3960.00       3.05082E-08
   3970.00       3.04820E-08
   3980.00       3.04559E-08
   3990.00       3.04297E-08
   4000.00       3.04035E-08
   4010.00       3.03773E-08
   4020.00       3.03512E-08
   4030.00       3.03250E-08
   4040.00       3.02988E-08
   4050.00       3.02727E-08
   4060.00       3.02466E-08
   4070.00       3.02204E-08
   4080.00       3.01943E-08
   4090.00       3.01682E-08
   4100.00       3.01420E-08
   4110.00       3.01159E-08
   4120.00       3.00898E-08
   4130.00       3.00637E-08
   4140.00       3.00376E-08
   4150.00       3.00116E-08
   4160.00       2.99855E-08
   4170.00       2.99595E-08
   4180.00       2.99334E-08
   4190.00       2.99074E-08
   4200.00       2.98814E-08
   4210.00       2.98554E-08
   4220.00       2.98294E-08
   4230.00       2.98034E-08
   4240.00       2.97775E-08
   4250.00       2.97515E-08
   4260.00       2.97256E-08
   4270.00       2.96997E-08
   4280.00       2.96738E-08
   4290.00       2.96479E-08
   4300.00       2.96221E-08
   4310.00       2.95962E-08
   4320.00       2.95704E-08
   4330.00       2.95446E-08
   4340.00       2.95188E-08
   4350.00       2.94931E-08
   4360.00       2.94673E-08
   4370.00       2.94416E-08
   4380.00       2.94159E-08
   4390.00       2.93902E-08
   4400.00       2.93645E-08
   4410.00       2.93389E-08
   4420.00       2.93132E-08
   4430.00       2.92876E-08
   4440.00       2.92620E-08
   4450.00       2.92365E-08
   4460.00       2.92109E-08
   4470.00       2.91854E-08
   4480.00       2.91599E-08
   4490.00       2.91345E-08
   4500.00       2.91090E-08
   4510.00       2.90836E-08
   4520.00       2.90582E-08
   4530.00       2.90328E-08
   4540.00       2.90075E-08
   4550.00       2.89821E-08
   4560.00       2.89568E-08
   4570.00       2.89316E-08
   4580.00       2.89063E-08
   4590.00       2.88811E-08
   4600.00       2.88559E-08
   4610.00       2.88307E-08
   4620.00       2.88056E-08
   4630.00       2.87804E-08
   4640.00       2.87554E-08
   4650.00       2.87303E-08
   4660.00       2.87052E-08
   4670.00       2.86802E-08
   4680.00       2.86552E-08
   4690.00       2.86303E-08
   4700.00       2.86054E-08
   4710.00       2.85805E-08
   4720.00       2.85556E-08
   4730.00       2.85307E-08
   4740.00       2.85059E-08
   4750.00       2.84812E-08
   4760.00       2.84564E-08
   4770.00       2.84317E-08
   4780.00       2.84070E-08
   4790.00       2.83823E-08
   4800.00       2.83577E-08
   4810.00       2.83330E-08
   4820.00       2.83085E-08
   4830.00       2.82839E-08
   4840.00       2.82594E-08
   4850.00       2.82349E-08
   4860.00       2.82104E-08
   4870.00       2.81860E-08
   4880.00       2.81616E-08
   4890.00       2.81372E-08
   4900.00       2.81129E-08
   4910.00       2.80886E-08
   4920.00       2.80643E-08
   4930.00       2.80401E-08
   4940.00       2.80159E-08
   4950.00       2.79917E-08
   4960.00       2.79676E-08
   4970.00       2.79434E-08
   4980.00       2.79194E-08
   4990.00       2.78953E-08
   5000.00       2.78713E-08
   5010.00       2.78473E-08
   5020.00       2.78233E-08
   5030.00       2.77994E-08
   5040.00       2.77755E-08
   5050.00       2.77517E-08
   5060.00       2.77278E-08
   5070.00       2.77040E-08
   5080.00       2.76803E-08
   5090.00       2.76565E-08
   6000.00       2.56393E-08
   7000.00       2.37399E-08
   8000.00       2.21306E-08
   9000.00       2.07579E-08
  10000.00       1.95743E-08
