0.1	-2.409	-0.3285	-0.3424	-2.833	-0.6338	-0.09265	-0.03607	-0.6187
0.15	-2.629	-0.3806	-0.3958	-2.837	-0.7082	0.07983	0.1092	-0.6226
0.2	-1.485	-1.709	-1.727	-2.922	-1.708	-0.06644	-0.05973	-0.6191
0.25	-0.5293	-1.702	-1.719	-2.918	-1.702	0.0386	0.03475	-0.6176
0.3	-0.3588	-1.695	-1.712	-2.913	-1.694	0.1263	0.1151	-0.6149
0.35	-0.2956	-1.688	-1.704	-2.909	-1.683	0.2025	0.1859	-0.6108
0.4	-0.2637	-1.681	-1.696	-2.905	-1.67	0.2715	0.2504	-0.605
0.45	-0.2448	-1.673	-1.687	-2.902	-1.653	0.3372	0.3121	-0.5969
0.5	-0.2327	-1.663	-1.674	-2.898	-1.63	0.4048	0.3755	-0.5856
0.55	-0.2243	-1.648	-1.656	-2.894	-1.598	0.4852	0.4506	-0.57
0.6	-0.2183	-1.626	-1.624	-2.891	-1.554	0.6157	0.5732	-0.548
0.65	-0.2138	-1.582	-1.552	-2.887	-1.489	1.088	1.08	-0.5161
0.7	-0.2103	-1.457	-1.231	-2.884	-1.383	-0.08405	0.01512	-0.4674
0.75	-0.2074	-0.2732	-2.233	-2.881	-1.186	0.2611	0.2832	-0.387
0.8	-0.205	-1.989	-1.913	-2.877	-0.7207	0.3661	0.3712	-0.235
0.85	-0.2028	-1.851	-1.842	-2.874	0.5044	0.4245	0.4228	0.1315
0.9	-0.2007	-1.805	-1.811	-2.87	-1.071	0.4655	0.4602	1.216
0.95	-0.1986	-1.782	-1.793	-2.867	-2.94	0.4976	0.4902	-0.3856
1.0	-0.1963	-1.767	-1.782	-2.864	-2.501	0.5245	0.5157	-1.702
1.05	-0.1938	-1.757	-1.774	-2.86	-2.314	0.5477	0.5381	-1.29
1.1	-0.1908	-1.749	-1.767	-2.856	-2.209	0.5684	0.5583	-1.14
1.15	-0.18740734641020707	-1.741	-1.761	-2.852	-2.14	0.5873	0.5769	-1.062
1.2	-0.18240734641020673	-1.734	-1.754	-2.848	-2.088	0.6048	0.5943	-1.014
1.25	-0.17640734641020694	-1.725	-1.747	-2.844	-2.038	0.6213	0.611	-0.9807
1.3	-0.16840734641020694	-1.713	-1.737	-2.84	-1.597	0.6374	0.6274	-0.9563
1.35	-0.15540734641020704	-1.692	-1.721	-2.835	-2.019	0.6533	0.6439	-0.9354
1.4	-0.127407346410207	-1.642	-1.684	-2.83	-1.947	0.6697	0.6611	-0.9018
1.45	0.02159265358979301	-1.292	-1.467	-2.824	-1.803	0.6873	0.6802	-0.9483
1.5	-0.2874073464102067	-1.931	-1.929	-2.817	-2.203	0.7075	0.7028	-0.9218
1.55	-0.20640734641020675	-1.818	-1.821	-2.81	-2.056	0.7329	0.7329	-0.9105
1.6	-0.17740734641020683	-1.784	-1.79	-2.8	-2.013	0.7699	0.782	-0.902
1.65	-0.15540734641020704	-1.764	-1.772	-2.788	-1.985	0.8424	0.913	-0.8944
1.7	-0.1294073464102068	-1.748	-1.757	-2.773	-1.963	1.25	0.2573	-0.887
1.75	-0.09240734641020687	-1.732	-1.74	-2.749	-1.942	0.871	1.148	-0.8789
1.8	-0.02240734641020703	-1.712	-1.719	-2.705	-1.919	0.4102	0.4572	-0.8691
1.85	0.31459265358979316	-1.684	-1.687	-2.586	-1.893	0.1608	0.2387	-0.8532
1.9	0.2927	-1.633	-1.617	-3.6597926535897933	-1.859	0.6767	1.2535926535897932	0.8911
1.95	-0.2634073464102067	-1.48	-1.192	-3.5330926535897933	-1.805	-0.2363	0.4616	-0.849
2.0	-0.3702	-2.388692653589793	-1.948	-2.99	-1.637	0.5369	0.5661	-0.7902
2.05	0.5975926535897931	-1.803	-1.758	-2.97	-1.773	0.5932	0.596	-0.9601
2.1	-0.22640734641020677	-2.0545926535897934	-2.057592653589793	-2.886	-1.952	0.6328	0.6265	-0.8658
2.15	-0.16740734641020705	-1.785	-1.76	-2.862	-2.44	0.6694	0.6621	-0.8181
2.2	-0.10540734641020677	-1.712	-1.678	-2.845	-2.063	0.8032	0.7986	-0.7612
2.25	0.03159265358979324	-1.636	-1.576	-2.829	-1.946	0.6394	0.6313	-0.6404
2.3	-0.3326	-1.512	-1.37	-2.813	-1.838	0.6877	0.6839	0.2365
2.35	0.2705926535897931	-1.193	-0.6336	-2.708	-2.27	0.6837	0.6806	-0.06083
2.4	-0.02340734641020692	-0.2612	0.5903	-2.776	-2.416	0.8064	1.021	-1.476
2.45	0.26059265358979333	0.9848	-0.9798	-2.728	-2.261	0.775	-0.5856	-0.9907
2.5	-0.7228	0.8062	-1.97	-2.163	-1.875	0.5752	0.7484	-1.004
2.55	-0.15640734641020693	1.2135926535897932	-1.673	-0.2513	-1.848	0.04808	0.638	-0.8943
2.6	-0.19640734641020696	1.710592653589793	-2.808092653589793	0.2655926535897932	-0.9609	0.5979	0.5825	-0.7566
2.65	0.31959265358979305	3.610692653589793	-2.239792653589793	0.31259265358979293	-1.727	0.9672	0.9588	0.1437
2.7	0.31659265358979294	4.067292653589793	-2.104	0.34459265358979296	-2.36	0.7308	0.7353	-1.757
2.75	-0.3674	4.2601853071795865	-1.277	0.3955926535897931	-1.959	0.8623	0.6751	-1.108
2.8	0.5205926535897931	4.230185307179586	-0.7417	0.2845926535897929	-1.866	0.5238	0.4263	-1.036
2.85	0.666592653589793	3.8520926535897932	-2.114	0.2705926535897931	-2.321	0.652	0.6789	-0.5672
2.9	1.8565926535897932	3.8381853071795864	-2.365	0.3545926535897932	-2.548	-0.7766	-0.732	0.8114
2.95	2.018592653589793	4.113185307179586	-2.613	0.2375926535897932	-2.101	0.05108	-0.908	-1.11
3.0	2.226192653589793	3.8031853071795862	-2.388	0.31159265358979304	-2.076	-0.8344	-0.7758	-1.19
3.05	2.469892653589793	3.9991853071795864	-2.436	0.33159265358979306	-1.986	-0.6644	-0.7993	-1.08
3.1	2.418892653589793	3.8821853071795864	-2.493	0.08876	-2.475	-0.7885	-1.018	-0.09784
3.15	2.7706926535897933	3.8901853071795864	-2.394	0.31959265358979305	-2.283	-0.7532	-0.743	-0.6048
3.2	3.003592653589793	4.0711853071795865	-2.353	0.3655926535897933	-3.019	-0.5358	-0.5437	-0.7786
3.25	2.944192653589793	3.9361853071795863	-2.323	0.24059265358979331	-2.016	-2.503	-1.54	-1.094
3.3	2.9368926535897932	4.349185307179586	-1.502	0.6215926535897931	-0.8186	-3.139059653589793	-0.5113	-1.255
3.35	2.513392653589793	3.844185307179586	-2.461	-0.555407346410207	-1.761	-5.010592653589793	-1.611	-1.313592653589793
3.4	2.576892653589793	4.194185307179586	-2.114	-0.5514073464102069	-1.755	-4.659592653589793	-1.415	-1.309592653589793
3.45	2.633192653589793	4.304185307179586	-2.005	-0.5444073464102068	-1.749	-4.510592653589793	-1.322	-1.3065926535897932
3.5	2.686992653589793	4.378185307179586	-1.93	-0.5314073464102069	-1.744	-4.4325926535897935	-1.271	-1.3045926535897931
3.55	2.746392653589793	4.4381853071795865	-1.87	-0.5054073464102067	-1.738	-4.387592653589794	-1.239	-1.3025926535897931
3.6	2.835292653589793	4.489185307179586	-1.817	-0.44340734641020685	-1.733	-4.359592653589793	-1.218	-1.301592653589793
3.65	3.119962653589793	4.535185307179586	-1.769	-0.16940734641020683	-1.728	-4.340592653589793	-1.204	-1.301592653589793
3.7	2.176092653589793	4.577185307179587	-1.725	-1.1204073464102065	-1.722	-4.327592653589793	-1.195	-1.301592653589793
3.75	2.5498926535897932	4.616185307179586	-1.683	-0.7864073464102068	-1.717	-4.318592653589793	-1.189	-1.301592653589793
3.8	2.634792653589793	4.652185307179586	-1.643	-0.7184073464102068	-1.711	-4.313592653589793	-1.185	-1.3025926535897931
3.85	2.675692653589793	4.686185307179587	-1.602	-0.6894073464102068	-1.705	-4.309592653589793	-1.183	-1.303592653589793
3.9	2.701092653589793	4.7201853071795865	-1.561	-0.6724073464102069	-1.7	-4.3075926535897935	-1.182	-1.3045926535897931
3.95	2.718792653589793	4.753185307179586	-1.516	-0.6614073464102068	-1.694	-4.306592653589793	-1.182	-1.305592653589793
4.0	2.731792653589793	4.7891853071795865	-1.463	-0.6524073464102069	-1.688	-4.3075926535897935	-1.183	-1.3065926535897932
4.05	2.741692653589793	4.827185307179587	-1.395	-0.6424073464102067	-1.681	-4.308592653589793	-1.185	-1.3085926535897932
4.1	2.749292653589793	4.874185307179586	-1.291	-0.631407346410207	-1.675	-4.310592653589794	-1.187	-1.309592653589793
4.15	2.755192653589793	4.935185307179586	-1.091	-0.6134073464102068	-1.668	-4.312592653589793	-1.19	-1.311592653589793
4.2	2.759692653589793	5.0311853071795865	-0.5572	-0.579407346410207	-1.661	-4.315592653589793	-1.193	-1.313592653589793
4.25	2.7630926535897933	5.225185307179586	0.541592653589793	-0.46740734641020687	-1.654	-4.318592653589793	-1.196	-1.3145926535897932
4.3	2.7655926535897932	5.80577796076938	1.0795926535897933	-1.4984073464102066	-1.647	-4.321592653589793	-1.2	-1.3165926535897932
4.35	2.767392653589793	7.006777960769379	1.275592653589793	-0.825407346410207	-1.639	-4.325592653589793	-1.204	-1.3185926535897932
4.4	2.768592653589793	7.48677796076938	1.3725926535897932	-0.756407346410207	-1.631	-4.329592653589793	-1.208	-1.3205926535897932
4.45	2.7691926535897933	7.653777960769379	1.4315926535897932	-0.7314073464102071	-1.623	-4.333592653589793	-1.212	-1.321592653589793
4.5	2.769492653589793	7.73677796076938	1.472592653589793	-0.7174073464102069	-1.615	-4.337592653589793	-1.217	-1.323592653589793
4.55	2.7693926535897933	7.7867779607693794	1.502592653589793	-0.7094073464102069	-1.606	-4.341592653589793	-1.221	-1.325592653589793
4.6	2.7689926535897933	7.82177796076938	1.525592653589793	-0.704407346410207	-1.597	-4.345592653589793	-1.225	-1.3265926535897932
4.65	2.7683926535897934	7.846777960769379	1.5445926535897931	-0.700407346410207	-1.588	-4.350592653589793	-1.23	-1.3285926535897932
4.7	2.767692653589793	7.8667779607693795	1.5605926535897932	-0.6974073464102069	-1.579	-4.354592653589793	-1.234	-1.329592653589793
4.75	2.7668926535897933	7.8827779607693795	1.573592653589793	-0.6944073464102067	-1.569	-4.358592653589794	-1.239	-1.331592653589793
4.8	2.765992653589793	7.896777960769379	1.585592653589793	-0.692407346410207	-1.559	-4.363592653589793	-1.243	-1.3325926535897932
4.85	2.765092653589793	7.90777796076938	1.595592653589793	-0.6904073464102067	-1.549	-4.367592653589793	-1.248	-1.333592653589793
4.9	2.764292653589793	7.916777960769379	1.603592653589793	-0.688407346410207	-1.538	-4.3715926535897935	-1.252	-1.3345926535897932
4.95	2.7634926535897932	7.925777960769379	1.611592653589793	-0.6864073464102067	-1.527	-4.375592653589793	-1.256	-1.335592653589793
5.0	2.7628926535897933	7.932777960769379	1.6185926535897932	-0.684407346410207	-1.516	-4.379592653589793	-1.26	-1.335592653589793
