    0     -108.4200     -108.1732     -108.1407     -108.0969     -108.0557     -108.0486     -108.0450     -108.0351     -107.9601     -107.9553
     -107.9128     -107.8840     -107.8822     -107.8768     -107.8491     -107.7941     -107.7360     -107.7059     -107.6932     -108.4257
     -108.1228     -108.0899     -108.0835     -108.0633     -108.0222     -107.9899     -107.9451     -107.9234     -107.8781     -107.8488
     -107.8424     -107.8353     -107.8087     -107.7664     -107.7214     -107.6958     -108.4267     -108.1241     -108.0899     -108.0825
     -108.0606     -108.0222     -107.9930     -107.9432     -107.9213     -107.8790     -107.8511     -107.8424     -107.8344     -107.8082
     -107.7674     -107.7206     -107.6967     -108.1407     -108.0996     -108.0969     -108.0555     -108.0489     -108.0445     -107.9602
     -107.9547     -107.9388     -107.9129     -107.9056     -107.8824     -107.8492     -107.8394     -107.7059     -107.7037     -108.3203
     -108.2341     -108.2056     -108.1745     -108.0565     -108.0210     -108.0073     -107.9216     -107.9163     -107.8583     -107.8480
     -107.8409     -107.8176     -107.8098     -107.7716     -107.7508     -107.7144     -107.6958     -108.3039     -108.2587     -108.2371
     -108.1868     -108.1321     -107.9928     -107.9192     -107.8818     -107.8810     -107.8494     -107.8175     -107.7966     -107.7666
     -107.7496     -107.7179     -107.6950     -108.3053     -108.2587     -108.2350     -108.1852     -108.1322     -107.9938     -107.9178
     -107.8818     -107.8809     -107.8512     -107.8182     -107.7961     -107.7665     -107.7496     -107.7188     -107.6972     -108.2341
     -108.2241     -108.2055     -108.2036     -108.0210     -107.9927     -107.9206     -107.9161     -107.8480     -107.8319     -107.8176
     -107.8098     -107.7741     -107.7715     -107.7145     -107.7095     -107.6956     -108.2259     -108.2037     -108.1232     -108.1008
     -108.0275     -107.9967     -107.9484     -107.9445     -107.8716     -107.7719     -107.7456     -107.7101     -108.1645     -108.1190
     -108.0432     -107.9698     -107.9152     -107.9067     -107.8792     -107.8449     -107.7907     -107.7521     -107.7366     -107.7107
     -107.6985     -108.1664     -108.1190     -108.0423     -107.9706     -107.9180     -107.9068     -107.8781     -107.8444     -107.7901
     -107.7548     -107.7366     -107.7111     -107.6986     -108.2037     -108.1712     -108.1010     -108.0790     -107.9968     -107.9778
     -107.9469     -107.8045     -107.7456     -107.7182     -108.3630     -108.3005     -107.9773     -107.9737     -107.9480     -107.9149
     -107.7682     -107.7611     -107.7297     -107.6994     -107.6928     -108.3340     -108.0705     -107.9740     -107.9121     -107.8838
     -107.8826     -107.8428     -107.8118     -107.7597     -107.7469     -107.7434     -107.7122     -107.7069     -108.3374     -108.0705
     -107.9737     -107.9113     -107.8838     -107.8827     -107.8452     -107.8119     -107.7620     -107.7455     -107.7434     -107.7094
     -107.7057     -108.3006     -108.2740     -108.0675     -107.9772     -107.9484     -107.9470     -107.9243     -107.7878     -107.7680
     -107.7390     -107.6994
