0.1	-1.651	-0.5919	-0.5957	-2.043	-1.615	-1.529	-1.528	-0.6636
0.11	-1.652	-0.5904	-0.5942	-2.043	-1.616	-1.53	-1.529	-0.6645
0.12	-1.653	-0.5889	-0.5927	-2.042	-1.618	-1.531	-1.53	-0.6655
0.13	-1.654	-0.5874	-0.5912	-2.041	-1.62	-1.532	-1.531	-0.6664
0.14	-1.655	-0.5858	-0.5896	-2.04	-1.621	-1.533	-1.532	-0.6673
0.15	-1.656	-0.5841	-0.588	-2.039	-1.623	-1.534	-1.533	-0.6683
0.16	-1.657	-0.5825	-0.5864	-2.038	-1.625	-1.535	-1.534	-0.6692
0.17	-1.658	-0.5808	-0.5847	-2.037	-1.626	-1.536	-1.535	-0.6702
0.18	-1.659	-0.579	-0.5829	-2.036	-1.628	-1.537	-1.536	-0.6711
0.19	-1.66	-0.5772	-0.5811	-2.034	-1.629	-1.538	-1.537	-0.6721
0.2	-1.661	-0.5753	-0.5793	-2.033	-1.631	-1.539	-1.538	-0.673
0.21	-1.662	-0.5734	-0.5774	-2.032	-1.633	-1.54	-1.539	-0.6739
0.22	-1.663	-0.5714	-0.5753	-2.03	-1.634	-1.541	-1.54	-0.6749
0.23	-1.664	-0.5692	-0.5732	-2.028	-1.636	-1.542	-1.541	-0.6758
0.24	-1.665	-0.567	-0.571	-2.026	-1.638	-1.543	-1.542	-0.6768
0.25	-1.666	-0.5646	-0.5687	-2.024	-1.639	-1.544	-1.543	-0.6777
0.26	-1.667	-0.5621	-0.5662	-2.021	-1.641	-1.545	-1.544	-0.6786
0.27	-1.668	-0.5595	-0.5635	-2.019	-1.642	-1.546	-1.545	-0.6796
0.28	-1.669	-0.5567	-0.5607	-2.016	-1.644	-1.547	-1.546	-0.6805
0.29	-1.669	-0.5536	-0.5577	-2.013	-1.645	-1.548	-1.547	-0.6815
0.3	-1.67	-0.5503	-0.5544	-2.009	-1.647	-1.549	-1.548	-0.6824
0.31	-1.671	-0.5468	-0.5509	-2.005	-1.649	-1.55	-1.549	-0.6833
0.32	-1.672	-0.5429	-0.547	-2.0	-1.65	-1.551	-1.549	-0.6843
0.33	-1.673	-0.5386	-0.5427	-1.995	-1.652	-1.552	-1.55	-0.6852
0.34	-1.674	-0.5339	-0.538	-1.989	-1.653	-1.553	-1.551	-0.6862
0.35	-1.675	-0.5286	-0.5328	-1.983	-1.655	-1.553	-1.552	-0.6871
0.36	-1.676	-0.5227	-0.5269	-1.975	-1.656	-1.554	-1.553	-0.688
0.37	-1.677	-0.516	-0.5202	-1.966	-1.658	-1.555	-1.554	-0.689
0.38	-1.678	-0.5083	-0.5126	-1.955	-1.659	-1.556	-1.555	-0.6899
0.39	-1.679	-0.4994	-0.5037	-1.943	-1.661	-1.557	-1.556	-0.6908
0.4	-1.68	-0.4889	-0.4933	-1.927	-1.663	-1.558	-1.557	-0.6918
0.41	-1.681	-0.4764	-0.4809	-1.908	-1.664	-1.559	-1.558	-0.6927
0.42	-1.682	-0.4612	-0.4657	-1.885	-1.666	-1.56	-1.559	-0.6936
0.43	-1.683	-0.4423	-0.4469	-1.854	-1.667	-1.561	-1.559	-0.6946
0.44	-1.684	-0.4181	-0.4228	-1.812	-1.669	-1.562	-1.56	-0.6955
0.45	-1.684	-0.3861	-0.3909	-1.754	-1.67	-1.563	-1.561	-0.6965
0.46	-1.685	-0.3416	-0.3467	-1.667	-1.672	-1.563	-1.562	-0.6974
0.47	-1.686	-0.2761	-0.2816	-1.527	-1.673	-1.564	-1.563	-0.6983
0.48	-1.687	-0.1711	-0.1771	-1.281	-1.675	-1.565	-1.564	-0.6993
0.49	-1.688	0.01783	0.0111	-0.8341	-1.676	-1.566	-1.565	-0.7002
0.5	-1.689	0.4028	0.3955	-0.2314	-1.678	-1.567	-1.566	-0.7011
0.51	-1.69	1.0915926535897933	1.086592653589793	0.2198	-1.679	-1.568	-1.566	-0.702
0.52	-1.691	1.6875926535897932	1.6855926535897932	0.4695	-1.681	-1.569	-1.567	-0.703
0.53	-1.692	1.986592653589793	1.984592653589793	0.610592653589793	-1.682	-1.57	-1.568	-0.7039
0.54	-1.693	2.138592653589793	2.1365926535897932	0.6985926535897931	-1.684	-1.57	-1.569	-0.7048
0.55	-1.694	2.2270926535897932	2.2249926535897933	0.7565926535897933	-1.685	-1.571	-1.57	-0.7058
0.56	-1.694	2.283892653589793	2.281692653589793	0.7985926535897931	-1.687	-1.572	-1.571	-0.7067
0.57	-1.695	2.323392653589793	2.3209926535897933	0.8295926535897933	-1.688	-1.573	-1.571	-0.7076
0.58	-1.696	2.3522926535897932	2.3497926535897933	0.8535926535897933	-1.689	-1.574	-1.572	-0.7086
0.59	-1.697	2.3743926535897932	2.371792653589793	0.872592653589793	-1.691	-1.575	-1.573	-0.7095
0.6	-1.698	2.391792653589793	2.3891926535897934	0.8875926535897931	-1.692	-1.575	-1.574	-0.7104
0.61	-1.699	2.405892653589793	2.403192653589793	0.900592653589793	-1.694	-1.576	-1.575	-0.7113
0.62	-1.7	2.417492653589793	2.4147926535897932	0.9115926535897931	-1.695	-1.577	-1.576	-0.7123
0.63	-1.701	2.427292653589793	2.424592653589793	0.920592653589793	-1.697	-1.578	-1.576	-0.7132
0.64	-1.702	2.435592653589793	2.4328926535897932	0.928592653589793	-1.698	-1.579	-1.577	-0.7141
0.65	-1.702	2.4427926535897933	2.440092653589793	0.9355926535897932	-1.7	-1.58	-1.578	-0.7151
0.66	-1.703	2.448992653589793	2.446292653589793	0.9415926535897929	-1.701	-1.58	-1.579	-0.716
0.67	-1.704	2.454592653589793	2.451892653589793	0.9465926535897933	-1.703	-1.581	-1.58	-0.7169
0.68	-1.705	2.459492653589793	2.456792653589793	0.9505926535897933	-1.704	-1.582	-1.58	-0.7178
0.69	-1.706	2.4638926535897934	2.461192653589793	0.9545926535897933	-1.705	-1.583	-1.581	-0.7188
0.7	-1.707	2.467792653589793	2.465192653589793	0.9585926535897933	-1.707	-1.584	-1.582	-0.7197
0.71	-1.708	2.471492653589793	2.468792653589793	0.9625926535897933	-1.708	-1.584	-1.583	-0.7206
0.72	-1.708	2.4747926535897933	2.472092653589793	0.965592653589793	-1.71	-1.585	-1.584	-0.7215
0.73	-1.709	2.477792653589793	2.4751926535897932	0.9675926535897932	-1.711	-1.586	-1.584	-0.7225
0.74	-1.71	2.480592653589793	2.4779926535897934	0.9705926535897933	-1.712	-1.587	-1.585	-0.7234
0.75	-1.711	2.483292653589793	2.4806926535897933	0.9725926535897931	-1.714	-1.587	-1.586	-0.7243
0.76	-1.712	2.485792653589793	2.4831926535897932	0.9745926535897933	-1.715	-1.588	-1.587	-0.7252
0.77	-1.713	2.488192653589793	2.485592653589793	0.9765926535897931	-1.717	-1.589	-1.587	-0.7261
0.78	-1.714	2.490392653589793	2.487992653589793	0.9785926535897933	-1.718	-1.59	-1.588	-0.7271
0.79	-1.714	2.492692653589793	2.4901926535897934	0.9805926535897931	-1.719	-1.59	-1.589	-0.728
0.8	-1.715	2.494892653589793	2.492392653589793	0.981592653589793	-1.721	-1.591	-1.59	-0.7289
0.81	-1.716	2.4970926535897933	2.494692653589793	0.9825926535897933	-1.722	-1.592	-1.59	-0.7298
0.82	-1.717	2.499292653589793	2.496892653589793	0.9845926535897931	-1.724	-1.593	-1.591	-0.7307
0.83	-1.718	2.501692653589793	2.4993926535897932	0.985592653589793	-1.725	-1.593	-1.592	-0.7317
0.84	-1.718	2.5042926535897934	2.5019926535897934	0.9865926535897933	-1.726	-1.594	-1.593	-0.7326
0.85	-1.719	2.507292653589793	2.504992653589793	0.9875926535897932	-1.728	-1.595	-1.593	-0.7335
0.86	-1.72	2.510892653589793	2.508592653589793	0.9885926535897931	-1.729	-1.596	-1.594	-0.7344
0.87	-1.721	2.515692653589793	2.513392653589793	0.989592653589793	-1.73	-1.596	-1.595	-0.7353
0.88	-1.722	2.5225926535897933	2.520392653589793	0.9905926535897933	-1.732	-1.597	-1.596	-0.7363
0.89	-1.722	2.534692653589793	2.532392653589793	0.9915926535897932	-1.733	-1.598	-1.596	-0.7372
0.9	-1.723	2.5635926535897933	2.561292653589793	0.9925926535897931	-1.734	-1.598	-1.597	-0.7381
0.91	-1.724	2.762992653589793	2.759892653589793	0.9925926535897931	-1.736	-1.599	-1.598	-0.739
0.92	-1.725	2.373492653589793	2.3720926535897933	0.993592653589793	-1.737	-1.6	-1.598	-0.7399
0.93	-1.726	2.4490926535897932	2.447392653589793	0.9945926535897933	-1.738	-1.601	-1.599	-0.7408
0.94	-1.726	2.4688926535897933	2.4671926535897932	0.9945926535897933	-1.74	-1.601	-1.6	-0.7418
0.95	-1.727	2.478292653589793	2.476592653589793	0.9955926535897932	-1.741	-1.602	-1.6	-0.7427
0.96	-1.728	2.483892653589793	2.4821926535897934	0.9955926535897932	-1.742	-1.603	-1.601	-0.7436
0.97	-1.729	2.487692653589793	2.4859926535897934	0.9965926535897931	-1.744	-1.603	-1.602	-0.7445
0.98	-1.73	2.490492653589793	2.488792653589793	0.9965926535897931	-1.745	-1.604	-1.603	-0.7454
0.99	-1.73	2.492692653589793	2.491092653589793	0.997592653589793	-1.746	-1.605	-1.603	-0.7463
1.0	-1.731	2.494492653589793	2.4928926535897933	0.997592653589793	-1.748	-1.605	-1.604	-0.7472
1.01	-1.732	2.495892653589793	2.4943926535897933	0.9985926535897933	-1.749	-1.606	-1.605	-0.7481
1.02	-1.733	2.497192653589793	2.495692653589793	0.9985926535897933	-1.75	-1.607	-1.605	-0.749
1.03	-1.733	2.498292653589793	2.496892653589793	0.9995926535897932	-1.752	-1.607	-1.606	-0.75
1.04	-1.734	2.499292653589793	2.497892653589793	0.9995926535897932	-1.753	-1.608	-1.607	-0.7509
1.05	-1.735	2.500192653589793	2.498792653589793	0.9995926535897932	-1.754	-1.609	-1.607	-0.7518
1.06	-1.736	2.500992653589793	2.499692653589793	1.000592653589793	-1.755	-1.609	-1.608	-0.7527
1.07	-1.736	2.501692653589793	2.500392653589793	1.000592653589793	-1.757	-1.61	-1.609	-0.7536
1.08	-1.737	2.5023926535897933	2.5010926535897933	1.000592653589793	-1.758	-1.611	-1.609	-0.7545
1.09	-1.738	2.5029926535897933	2.501792653589793	1.000592653589793	-1.759	-1.611	-1.61	-0.7554
1.1	-1.739	2.503592653589793	2.5023926535897933	1.001592653589793	-1.76	-1.612	-1.61	-0.7563
1.11	-1.739	2.504092653589793	2.5029926535897933	1.001592653589793	-1.762	-1.612	-1.611	-0.7572
1.12	-1.74	2.504592653589793	2.503492653589793	1.001592653589793	-1.763	-1.613	-1.612	-0.7581
1.13	-1.741	2.5050926535897933	2.503992653589793	1.0025926535897933	-1.764	-1.614	-1.612	-0.759
1.14	-1.741	2.5054926535897932	2.504492653589793	1.0025926535897933	-1.765	-1.614	-1.613	-0.7599
1.15	-1.742	2.505892653589793	2.504992653589793	1.0025926535897933	-1.767	-1.615	-1.614	-0.7608
1.16	-1.743	2.506292653589793	2.505392653589793	1.0025926535897933	-1.768	-1.616	-1.614	-0.7617
1.17	-1.744	2.506692653589793	2.505892653589793	1.0035926535897932	-1.769	-1.616	-1.615	-0.7626
1.18	-1.744	2.507092653589793	2.506292653589793	1.0035926535897932	-1.77	-1.617	-1.615	-0.7635
1.19	-1.745	2.5073926535897932	2.506692653589793	1.0035926535897932	-1.772	-1.617	-1.616	-0.7644
1.2	-1.746	2.507792653589793	2.507092653589793	1.0035926535897932	-1.773	-1.618	-1.617	-0.7653
1.21	-1.746	2.5080926535897934	2.5073926535897932	1.0035926535897932	-1.774	-1.619	-1.617	-0.7662
1.22	-1.747	2.508392653589793	2.507792653589793	1.004592653589793	-1.775	-1.619	-1.618	-0.7671
1.23	-1.748	2.508692653589793	2.5080926535897934	1.004592653589793	-1.776	-1.62	-1.618	-0.7679
1.24	-1.748	2.508992653589793	2.5084926535897933	1.004592653589793	-1.778	-1.62	-1.619	-0.7688
1.25	-1.749	2.5092926535897933	2.508792653589793	1.004592653589793	-1.779	-1.621	-1.62	-0.7697
1.26	-1.75	2.509592653589793	2.5090926535897933	1.004592653589793	-1.78	-1.621	-1.62	-0.7706
1.27	-1.75	2.509892653589793	2.5094926535897932	1.004592653589793	-1.781	-1.622	-1.621	-0.7715
1.28	-1.751	2.510192653589793	2.509792653589793	1.005592653589793	-1.782	-1.623	-1.621	-0.7724
1.29	-1.752	2.5103926535897934	2.510092653589793	1.005592653589793	-1.783	-1.623	-1.622	-0.7733
1.3	-1.752	2.510692653589793	2.5103926535897934	1.005592653589793	-1.785	-1.624	-1.622	-0.7741
1.31	-1.753	2.510992653589793	2.510692653589793	1.005592653589793	-1.786	-1.624	-1.623	-0.775
1.32	-1.754	2.5111926535897933	2.510992653589793	1.005592653589793	-1.787	-1.625	-1.624	-0.7759
1.33	-1.754	2.511492653589793	2.511292653589793	1.005592653589793	-1.788	-1.625	-1.624	-0.7768
1.34	-1.755	2.511792653589793	2.5115926535897932	1.0065926535897933	-1.789	-1.626	-1.625	-0.7777
1.35	-1.756	2.511992653589793	2.511992653589793	1.0065926535897933	-1.79	-1.626	-1.625	-0.7785
1.36	-1.756	2.5122926535897934	2.5122926535897934	1.0065926535897933	-1.791	-1.627	-1.626	-0.7794
1.37	-1.757	2.512592653589793	2.512592653589793	1.0065926535897933	-1.793	-1.627	-1.626	-0.7803
1.38	-1.757	2.512792653589793	2.512892653589793	1.0065926535897933	-1.794	-1.628	-1.627	-0.7812
1.39	-1.758	2.5130926535897933	2.513192653589793	1.0065926535897933	-1.795	-1.628	-1.627	-0.782
1.4	-1.759	2.513392653589793	2.5134926535897932	1.0075926535897932	-1.796	-1.629	-1.628	-0.7829
1.41	-1.759	2.513692653589793	2.513792653589793	1.0075926535897932	-1.797	-1.63	-1.628	-0.7838
1.42	-1.76	2.513992653589793	2.5141926535897934	1.0075926535897932	-1.798	-1.63	-1.629	-0.7846
1.43	-1.76	2.514292653589793	2.514492653589793	1.0075926535897932	-1.799	-1.631	-1.63	-0.7855
1.44	-1.761	2.5145926535897933	2.514892653589793	1.0075926535897932	-1.8	-1.631	-1.63	-0.7864
1.45	-1.762	2.514892653589793	2.5151926535897933	1.0075926535897932	-1.801	-1.632	-1.631	-0.7872
1.46	-1.762	2.5151926535897933	2.5155926535897932	1.008592653589793	-1.802	-1.632	-1.631	-0.7881
1.47	-1.763	2.515492653589793	2.515892653589793	1.008592653589793	-1.803	-1.633	-1.632	-0.7889
1.48	-1.763	2.515792653589793	2.516292653589793	1.008592653589793	-1.804	-1.633	-1.632	-0.7898
1.49	-1.764	2.516192653589793	2.516692653589793	1.008592653589793	-1.805	-1.633	-1.633	-0.7907
1.5	-1.765	2.516592653589793	2.517092653589793	1.008592653589793	-1.806	-1.634	-1.633	-0.7915
1.51	-1.765	2.5168926535897933	2.5174926535897932	1.008592653589793	-1.807	-1.634	-1.634	-0.7924
1.52	-1.766	2.5172926535897933	2.517892653589793	1.008592653589793	-1.808	-1.635	-1.634	-0.7932
1.53	-1.766	2.517692653589793	2.518292653589793	1.009592653589793	-1.809	-1.635	-1.634	-0.7941
1.54	-1.767	2.518092653589793	2.5187926535897933	1.009592653589793	-1.81	-1.636	-1.635	-0.7949
1.55	-1.767	2.518492653589793	2.5191926535897933	1.009592653589793	-1.811	-1.636	-1.635	-0.7957
1.56	-1.768	2.518992653589793	2.519692653589793	1.009592653589793	-1.812	-1.637	-1.636	-0.7966
1.57	-1.768	2.5193926535897933	2.520192653589793	1.009592653589793	-1.813	-1.637	-1.636	-0.7974
1.58	-1.769	2.519892653589793	2.5206926535897933	1.0105926535897933	-1.814	-1.638	-1.637	-0.7983
1.59	-1.769	2.520392653589793	2.5212926535897933	1.0105926535897933	-1.815	-1.638	-1.637	-0.7991
1.6	-1.77	2.520992653589793	2.521792653589793	1.0105926535897933	-1.816	-1.639	-1.638	-0.7999
1.61	-1.771	2.5214926535897932	2.522392653589793	1.0105926535897933	-1.817	-1.639	-1.638	-0.8008
1.62	-1.771	2.522092653589793	2.5229926535897933	1.0105926535897933	-1.818	-1.639	-1.639	-0.8016
1.63	-1.772	2.522692653589793	2.5235926535897932	1.0105926535897933	-1.819	-1.64	-1.639	-0.8024
1.64	-1.772	2.523292653589793	2.524292653589793	1.0115926535897932	-1.82	-1.64	-1.64	-0.8033
1.65	-1.773	2.523892653589793	2.5248926535897933	1.0115926535897932	-1.821	-1.641	-1.64	-0.8041
1.66	-1.773	2.524592653589793	2.5256926535897932	1.0115926535897932	-1.822	-1.641	-1.64	-0.8049
1.67	-1.774	2.5252926535897933	2.5263926535897934	1.0115926535897932	-1.823	-1.642	-1.641	-0.8057
1.68	-1.774	2.526092653589793	2.5271926535897933	1.0125926535897931	-1.823	-1.642	-1.641	-0.8065
1.69	-1.775	2.526892653589793	2.527992653589793	1.0125926535897931	-1.824	-1.642	-1.642	-0.8074
1.7	-1.775	2.527692653589793	2.528892653589793	1.0125926535897931	-1.825	-1.643	-1.642	-0.8082
1.71	-1.776	2.528592653589793	2.529792653589793	1.0125926535897931	-1.826	-1.643	-1.643	-0.809
1.72	-1.776	2.5294926535897932	2.530692653589793	1.0125926535897931	-1.827	-1.644	-1.643	-0.8098
1.73	-1.777	2.530492653589793	2.531692653589793	1.013592653589793	-1.827	-1.644	-1.643	-0.8106
1.74	-1.777	2.531492653589793	2.532692653589793	1.013592653589793	-1.828	-1.644	-1.644	-0.8114
1.75	-1.778	2.532592653589793	2.533792653589793	1.013592653589793	-1.829	-1.645	-1.644	-0.8122
1.76	-1.778	2.5336926535897932	2.534992653589793	1.013592653589793	-1.83	-1.645	-1.645	-0.813
1.77	-1.778	2.534892653589793	2.536192653589793	1.0145926535897933	-1.831	-1.645	-1.645	-0.8138
1.78	-1.779	2.536192653589793	2.5374926535897933	1.0145926535897933	-1.831	-1.646	-1.645	-0.8146
1.79	-1.779	2.5374926535897933	2.538892653589793	1.0145926535897933	-1.832	-1.646	-1.646	-0.8154
1.8	-1.78	2.5389926535897933	2.540292653589793	1.0145926535897933	-1.833	-1.647	-1.646	-0.8162
1.81	-1.78	2.5404926535897934	2.541792653589793	1.0155926535897932	-1.833	-1.647	-1.646	-0.8169
1.82	-1.781	2.542092653589793	2.543492653589793	1.0155926535897932	-1.834	-1.647	-1.647	-0.8177
1.83	-1.781	2.5437926535897932	2.545192653589793	1.0155926535897932	-1.835	-1.648	-1.647	-0.8185
1.84	-1.782	2.545592653589793	2.5469926535897933	1.0155926535897932	-1.835	-1.648	-1.648	-0.8193
1.85	-1.782	2.5475926535897933	2.548992653589793	1.0165926535897931	-1.836	-1.648	-1.648	-0.8201
1.86	-1.782	2.5496926535897932	2.551092653589793	1.0165926535897931	-1.836	-1.649	-1.648	-0.8208
1.87	-1.783	2.551892653589793	2.553392653589793	1.0165926535897931	-1.837	-1.649	-1.649	-0.8216
1.88	-1.783	2.554292653589793	2.5557926535897932	1.017592653589793	-1.837	-1.649	-1.649	-0.8224
1.89	-1.784	2.5568926535897933	2.558392653589793	1.017592653589793	-1.838	-1.65	-1.649	-0.8231
1.9	-1.784	2.559692653589793	2.561192653589793	1.017592653589793	-1.838	-1.65	-1.65	-0.8239
1.91	-1.784	2.562692653589793	2.564192653589793	1.018592653589793	-1.839	-1.65	-1.65	-0.8246
1.92	-1.785	2.565992653589793	2.567492653589793	1.018592653589793	-1.839	-1.651	-1.65	-0.8254
1.93	-1.785	2.569592653589793	2.5709926535897933	1.018592653589793	-1.84	-1.651	-1.651	-0.8262
1.94	-1.786	2.573392653589793	2.574892653589793	1.0195926535897932	-1.84	-1.651	-1.651	-0.8269
1.95	-1.786	2.5776926535897933	2.579092653589793	1.0195926535897932	-1.84	-1.652	-1.651	-0.8276
1.96	-1.786	2.582292653589793	2.583692653589793	1.0195926535897932	-1.841	-1.652	-1.652	-0.8284
1.97	-1.787	2.5873926535897933	2.5888926535897934	1.0205926535897931	-1.841	-1.652	-1.652	-0.8291
1.98	-1.787	2.5930926535897934	2.594492653589793	1.0205926535897931	-1.841	-1.652	-1.652	-0.8299
1.99	-1.788	2.599392653589793	2.600792653589793	1.021592653589793	-1.841	-1.653	-1.652	-0.8306
2.0	-1.788	2.606492653589793	2.607792653589793	1.021592653589793	-1.842	-1.653	-1.653	-0.8313
2.01	-1.788	2.614392653589793	2.615692653589793	1.021592653589793	-1.842	-1.653	-1.653	-0.8321
2.02	-1.789	2.623392653589793	2.624692653589793	1.022592653589793	-1.842	-1.654	-1.653	-0.8328
2.03	-1.789	2.633692653589793	2.634892653589793	1.022592653589793	-1.842	-1.654	-1.654	-0.8335
2.04	-1.789	2.645592653589793	2.646692653589793	1.0235926535897932	-1.842	-1.654	-1.654	-0.8342
2.05	-1.79	2.659292653589793	2.6603926535897933	1.0235926535897932	-1.842	-1.654	-1.654	-0.8349
2.06	-1.79	2.675592653589793	2.676492653589793	1.0245926535897931	-1.841	-1.655	-1.654	-0.8356
2.07	-1.79	2.6948926535897932	2.695792653589793	1.0245926535897931	-1.841	-1.655	-1.655	-0.8363
2.08	-1.791	2.718392653589793	2.7190926535897932	1.025592653589793	-1.841	-1.655	-1.655	-0.837
2.09	-1.791	2.747392653589793	2.747892653589793	1.025592653589793	-1.84	-1.655	-1.655	-0.8377
2.1	-1.791	2.784092653589793	2.784292653589793	1.026592653589793	-1.84	-1.656	-1.655	-0.8384
2.11	-1.792	2.831792653589793	2.8316926535897933	1.026592653589793	-1.839	-1.656	-1.656	-0.8391
2.12	-1.792	2.8960926535897933	2.895492653589793	1.0275926535897932	-1.839	-1.656	-1.656	-0.8398
2.13	-1.792	2.986092653589793	2.9848926535897933	1.0275926535897932	-1.838	-1.656	-1.656	-0.8405
2.14	-1.793	3.118612653589793	3.1164726535897933	1.0285926535897931	-1.837	-1.657	-1.656	-0.8412
2.15	-1.793	3.322592653589793	3.3192926535897933	1.029592653589793	-1.836	-1.657	-1.657	-0.8419
2.16	-1.793	3.6376926535897933	3.633692653589793	1.029592653589793	-1.835	-1.657	-1.657	-0.8425
2.17	-1.793	4.063792653589793	4.060992653589793	1.030592653589793	-1.833	-1.657	-1.657	-0.8432
2.18	-1.794	4.483592653589794	4.483592653589794	1.0315926535897932	-1.832	-1.657	-1.657	-0.8439
2.19	-1.794	4.788592653589793	4.790592653589793	1.0315926535897932	-1.83	-1.658	-1.657	-0.8445
2.2	-1.794	4.985592653589793	4.988592653589793	1.0325926535897931	-1.828	-1.658	-1.658	-0.8452
2.21	-1.795	5.113185307179586	5.117185307179586	1.033592653589793	-1.825	-1.658	-1.658	-0.8458
2.22	-1.795	5.201185307179586	5.2041853071795865	1.034592653589793	-1.822	-1.658	-1.658	-0.8465
2.23	-1.795	5.264185307179586	5.267185307179586	1.0355926535897932	-1.819	-1.658	-1.658	-0.8471
2.24	-1.795	5.310385307179586	5.313885307179586	1.0355926535897932	-1.816	-1.658	-1.658	-0.8478
2.25	-1.796	5.346385307179586	5.3497853071795864	1.0365926535897931	-1.812	-1.659	-1.659	-0.8484
2.26	-1.796	5.374985307179586	5.378285307179587	1.037592653589793	-1.807	-1.659	-1.659	-0.849
2.27	-1.796	5.398085307179587	5.401385307179586	1.038592653589793	-1.802	-1.659	-1.659	-0.8497
2.28	-1.796	5.417285307179586	5.420485307179586	1.0395926535897932	-1.795	-1.659	-1.659	-0.8503
2.29	-1.797	5.433285307179586	5.436585307179586	1.041592653589793	-1.788	-1.659	-1.659	-0.8509
2.3	-1.797	5.446985307179586	5.450185307179586	1.042592653589793	-1.779	-1.659	-1.659	-0.8515
2.31	-1.797	5.458785307179586	5.461885307179586	1.0435926535897933	-1.768	-1.659	-1.659	-0.8521
2.32	-1.797	5.469085307179586	5.472185307179586	1.0445926535897931	-1.755	-1.659	-1.66	-0.8527
2.33	-1.797	5.478085307179586	5.481085307179586	1.046592653589793	-1.738	-1.66	-1.66	-0.8533
2.34	-1.798	5.485985307179586	5.488985307179586	1.0475926535897933	-1.718	-1.66	-1.66	-0.8539
2.35	-1.798	5.493085307179586	5.4960853071795865	1.049592653589793	-1.691	-1.66	-1.66	-0.8545
2.36	-1.798	5.499485307179587	5.502485307179587	1.050592653589793	-1.655	-1.66	-1.66	-0.8551
2.37	-1.798	5.505185307179586	5.508185307179586	1.0525926535897931	-1.604	-1.66	-1.66	-0.8557
2.38	-1.798	5.510385307179586	5.513285307179586	1.054592653589793	-1.528	-1.66	-1.66	-0.8563
2.39	-1.799	5.515085307179586	5.518085307179586	1.0565926535897932	-1.404	-1.66	-1.66	-0.8568
2.4	-1.799	5.519485307179586	5.5223853071795865	1.058592653589793	-1.18	-1.66	-1.66	-0.8574
2.41	-1.799	5.523385307179586	5.526285307179586	1.061592653589793	-0.7436	-1.66	-1.66	-0.858
2.42	-1.799	5.527085307179586	5.529985307179587	1.0635926535897933	-0.08465	-1.66	-1.66	-0.8585
2.43	-1.799	5.530485307179586	5.533385307179586	1.066592653589793	0.4185	-1.66	-1.66	-0.8591
2.44	-1.799	5.533585307179586	5.5364853071795865	1.069592653589793	0.6805926535897933	-1.66	-1.66	-0.8596
2.45	-1.8	5.536585307179586	5.539385307179586	1.073592653589793	0.8215926535897933	-1.66	-1.66	-0.8602
2.46	-1.8	5.539285307179586	5.542085307179586	1.077592653589793	0.9065926535897932	-1.66	-1.66	-0.8607
2.47	-1.8	5.541885307179586	5.544685307179586	1.081592653589793	0.9625926535897933	-1.66	-1.66	-0.8612
2.48	-1.8	5.544285307179586	5.546985307179586	1.086592653589793	1.001592653589793	-1.66	-1.66	-0.8618
2.49	-1.8	5.546485307179586	5.549285307179586	1.0925926535897932	1.030592653589793	-1.66	-1.66	-0.8623
2.5	-1.8	5.548585307179586	5.5513853071795864	1.0995926535897933	1.0525926535897931	-1.66	-1.66	-0.8628
2.51	-1.8	5.5505853071795865	5.553385307179586	1.106592653589793	1.069592653589793	-1.66	-1.66	-0.8633
2.52	-1.8	5.5524853071795865	5.555285307179586	1.1165926535897932	1.0835926535897933	-1.66	-1.66	-0.8638
2.53	-1.801	5.554285307179586	5.556985307179586	1.1275926535897933	1.0955926535897933	-1.66	-1.66	-0.8643
2.54	-1.801	5.555985307179586	5.558685307179586	1.1415926535897931	1.1045926535897932	-1.66	-1.66	-0.8648
2.55	-1.801	5.557685307179586	5.560385307179586	1.1595926535897931	1.1125926535897932	-1.66	-1.66	-0.8653
2.56	-1.801	5.559185307179586	5.561885307179586	1.182592653589793	1.1195926535897933	-1.66	-1.66	-0.8658
2.57	-1.801	5.560685307179586	5.563285307179586	1.2155926535897932	1.125592653589793	-1.66	-1.66	-0.8663
2.58	-1.801	5.562085307179586	5.5646853071795865	1.2635926535897932	1.130592653589793	-1.66	-1.66	-0.8667
2.59	-1.801	5.563385307179586	5.566085307179586	1.3405926535897932	1.1355926535897933	-1.659	-1.66	-0.8672
2.6	-1.801	5.5646853071795865	5.5673853071795865	1.4835926535897932	1.1395926535897933	-1.659	-1.66	-0.8677
2.61	-1.801	5.565985307179586	5.568585307179586	1.8065926535897932	1.142592653589793	-1.659	-1.659	-0.8681
2.62	-1.801	5.567185307179586	5.569785307179586	2.5921926535897932	1.1455926535897931	-1.659	-1.659	-0.8686
2.63	-1.801	5.568285307179586	5.570885307179586	3.375792653589793	1.148592653589793	-1.659	-1.659	-0.869
2.64	-1.801	5.569385307179586	5.571985307179586	3.697392653589793	1.150592653589793	-1.658	-1.659	-0.8695
2.65	-1.801	5.570485307179586	5.572985307179586	3.8391853071795863	1.1535926535897931	-1.658	-1.658	-0.8699
2.66	-1.801	5.571485307179586	5.574085307179586	3.917185307179586	1.1555926535897931	-1.658	-1.658	-0.8703
2.67	-1.801	5.572485307179586	5.5749853071795865	3.9641853071795863	1.156592653589793	-1.658	-1.658	-0.8707
2.68	-1.801	5.5734853071795865	5.575985307179586	3.997185307179586	1.158592653589793	-1.657	-1.658	-0.8711
2.69	-1.801	5.574385307179586	5.5768853071795865	4.021185307179586	1.160592653589793	-1.657	-1.657	-0.8715
2.7	-1.801	5.575285307179586	5.577785307179586	4.0391853071795865	1.1615926535897931	-1.657	-1.657	-0.8719
2.71	-1.801	5.576185307179586	5.578685307179586	4.053185307179586	1.162592653589793	-1.656	-1.657	-0.8723
2.72	-1.801	5.576985307179586	5.579485307179587	4.064185307179587	1.1635926535897931	-1.656	-1.656	-0.8727
2.73	-1.801	5.577885307179586	5.580285307179587	4.073185307179586	1.164592653589793	-1.655	-1.656	-0.8731
2.74	-1.801	5.578685307179586	5.5810853071795865	4.081185307179586	1.1655926535897931	-1.655	-1.655	-0.8734
2.75	-1.801	5.579485307179587	5.581885307179586	4.088185307179586	1.166592653589793	-1.654	-1.655	-0.8738
2.76	-1.801	5.580185307179586	5.582685307179586	4.094185307179586	1.1675926535897931	-1.654	-1.654	-0.8742
2.77	-1.801	5.580985307179586	5.5833853071795865	4.099185307179586	1.168592653589793	-1.653	-1.654	-0.8745
2.78	-1.8	5.581685307179586	5.584085307179587	4.1031853071795865	1.1695926535897931	-1.652	-1.653	-0.8748
2.79	-1.8	5.582385307179586	5.584785307179586	4.107185307179586	1.1695926535897931	-1.652	-1.652	-0.8752
2.8	-1.8	5.583085307179586	5.585485307179586	4.111185307179586	1.170592653589793	-1.651	-1.651	-0.8755
2.81	-1.8	5.583785307179586	5.586185307179586	4.114185307179586	1.170592653589793	-1.65	-1.651	-0.8758
2.82	-1.8	5.584485307179587	5.5867853071795865	4.117185307179586	1.1715926535897931	-1.649	-1.65	-0.8761
2.83	-1.8	5.585085307179586	5.587485307179586	4.120185307179586	1.1715926535897931	-1.648	-1.649	-0.8764
2.84	-1.799	5.585785307179586	5.588085307179586	4.122185307179587	1.172592653589793	-1.647	-1.648	-0.8767
2.85	-1.799	5.586385307179587	5.588785307179586	4.125185307179587	1.172592653589793	-1.646	-1.647	-0.877
2.86	-1.799	5.587085307179586	5.589385307179587	4.127185307179586	1.1735926535897931	-1.645	-1.646	-0.8773
2.87	-1.799	5.587685307179586	5.589985307179586	4.129185307179586	1.1735926535897931	-1.644	-1.644	-0.8775
2.88	-1.798	5.588285307179587	5.590585307179587	4.131185307179586	1.1735926535897931	-1.642	-1.643	-0.8778
2.89	-1.798	5.588885307179586	5.591085307179586	4.133185307179586	1.174592653589793	-1.641	-1.641	-0.878
2.9	-1.798	5.5894853071795865	5.591685307179587	4.134185307179586	1.174592653589793	-1.639	-1.64	-0.8783
2.91	-1.797	5.589985307179586	5.592285307179586	4.136185307179586	1.174592653589793	-1.637	-1.638	-0.8785
2.92	-1.797	5.590585307179587	5.592785307179586	4.138185307179587	1.1755926535897931	-1.635	-1.636	-0.8787
2.93	-1.797	5.591185307179586	5.593385307179586	4.139185307179586	1.1755926535897931	-1.633	-1.634	-0.8789
2.94	-1.796	5.591685307179587	5.593885307179586	4.140185307179586	1.1755926535897931	-1.63	-1.631	-0.8791
2.95	-1.796	5.592285307179586	5.594485307179586	4.142185307179586	1.176592653589793	-1.628	-1.628	-0.8793
2.96	-1.795	5.592785307179586	5.594985307179586	4.143185307179586	1.176592653589793	-1.624	-1.625	-0.8795
2.97	-1.794	5.593385307179586	5.595485307179587	4.144185307179587	1.176592653589793	-1.621	-1.621	-0.8796
2.98	-1.794	5.593885307179586	5.595985307179586	4.146185307179586	1.176592653589793	-1.617	-1.617	-0.8798
2.99	-1.793	5.594385307179587	5.596485307179586	4.147185307179586	1.1775926535897931	-1.612	-1.613	-0.8799
3.0	-1.792	5.594985307179586	5.5970853071795865	4.1481853071795864	1.1775926535897931	-1.606	-1.607	-0.8801
3.01	-1.792	5.595485307179587	5.597585307179586	4.149185307179586	1.1775926535897931	-1.599	-1.6	-0.8802
3.02	-1.791	5.595985307179586	5.598085307179586	4.150185307179586	1.1775926535897931	-1.591	-1.593	-0.8803
3.03	-1.79	5.596485307179586	5.598485307179586	4.151185307179587	1.178592653589793	-1.582	-1.583	-0.8804
3.04	-1.789	5.596985307179586	5.5989853071795865	4.152185307179586	1.178592653589793	-1.569	-1.571	-0.8805
3.05	-1.788	5.5974853071795865	5.599485307179586	4.153185307179586	1.178592653589793	-1.553	-1.555	-0.8806
3.06	-1.786	5.597985307179586	5.599985307179586	4.154185307179587	1.1795926535897931	-1.532	-1.534	-0.8806
3.07	-1.785	5.598485307179586	5.600485307179587	4.155185307179586	1.1795926535897931	-1.501	-1.504	-0.8807
3.08	-1.783	5.5989853071795865	5.600985307179586	4.1561853071795865	1.1795926535897931	-1.455	-1.46	-0.8807
3.09	-1.781	5.599485307179586	5.601385307179586	4.157185307179587	1.1795926535897931	-1.376	-1.384	-0.8807
3.1	-1.779	5.599985307179586	5.601885307179586	4.158185307179586	1.180592653589793	-1.215	-1.235	-0.8807
3.11	-1.776	5.600485307179587	5.602385307179587	4.159185307179586	1.180592653589793	-0.7791	-0.8396	-0.8807
3.12	-1.773	5.6008853071795865	5.602785307179587	4.160185307179586	1.180592653589793	0.2922	0.1985	-0.8806
3.13	-1.769	5.601385307179586	5.603285307179586	4.161185307179586	1.1815926535897932	0.9185926535897933	0.8875926535897931	-0.8806
3.14	-1.764	5.601885307179586	5.603685307179586	4.161185307179586	1.1815926535897932	1.130592653589793	1.117592653589793	-0.8805
3.15	-1.757	5.602385307179587	5.604185307179586	4.162185307179586	1.1815926535897932	1.2275926535897932	1.220592653589793	-0.8805
3.16	-1.747	5.602785307179587	5.604685307179587	4.163185307179586	1.182592653589793	1.281592653589793	1.2765926535897931	-0.8804
3.17	-1.733	5.603285307179586	5.6050853071795865	4.1641853071795865	1.182592653589793	1.3165926535897932	1.3125926535897932	-0.8802
3.18	-1.708	5.603785307179586	5.605585307179586	4.165185307179586	1.1835926535897932	1.3405926535897932	1.337592653589793	-0.8801
3.19	-1.658	5.604185307179586	5.605985307179586	4.166185307179586	1.1835926535897932	1.357592653589793	1.355592653589793	-0.8799
3.2	-1.498	5.604685307179587	5.606385307179586	4.166185307179586	1.1835926535897932	1.371592653589793	1.369592653589793	-0.8797
3.21	0.2875	5.605185307179586	5.606885307179586	4.167185307179587	1.184592653589793	1.3825926535897932	1.3805926535897932	-0.8795
3.22	1.1155926535897933	5.605585307179586	5.607285307179586	4.168185307179586	1.184592653589793	1.3915926535897931	1.3895926535897931	-0.8793
3.23	1.220592653589793	5.606085307179586	5.6077853071795865	4.169185307179586	1.1855926535897932	1.398592653589793	1.3975926535897931	-0.8791
3.24	1.2595926535897932	5.606485307179586	5.608185307179586	4.170185307179587	1.1855926535897932	1.4055926535897931	1.4035926535897931	-0.8788
3.25	1.279592653589793	5.6069853071795865	5.608685307179586	4.170185307179587	1.186592653589793	1.410592653589793	1.4095926535897931	-0.8785
3.26	1.2925926535897931	5.607485307179586	5.609085307179586	4.171185307179586	1.1875926535897932	1.4155926535897931	1.414592653589793	-0.8781
3.27	1.301592653589793	5.607885307179586	5.609485307179586	4.172185307179586	1.1875926535897932	1.4195926535897931	1.418592653589793	-0.8778
3.28	1.307592653589793	5.608385307179586	5.609985307179587	4.173185307179587	1.188592653589793	1.4235926535897931	1.422592653589793	-0.8774
3.29	1.3125926535897932	5.608785307179586	5.610385307179587	4.174185307179586	1.188592653589793	1.4275926535897931	1.426592653589793	-0.877
3.3	1.3165926535897932	5.6092853071795865	5.610785307179587	4.174185307179586	1.1895926535897932	1.430592653589793	1.4295926535897931	-0.8765
3.31	1.3205926535897932	5.6096853071795865	5.611285307179586	4.175185307179586	1.190592653589793	1.4335926535897932	1.432592653589793	-0.876
3.32	1.323592653589793	5.610185307179586	5.611685307179586	4.176185307179586	1.1915926535897932	1.436592653589793	1.4355926535897932	-0.8755
3.33	1.325592653589793	5.610585307179586	5.612085307179586	4.177185307179586	1.1915926535897932	1.4395926535897932	1.438592653589793	-0.8749
3.34	1.327592653589793	5.611085307179586	5.612585307179586	4.178185307179586	1.192592653589793	1.442592653589793	1.4415926535897932	-0.8743
3.35	1.329592653589793	5.611485307179587	5.612985307179586	4.178185307179586	1.1935926535897932	1.444592653589793	1.444592653589793	-0.8736
3.36	1.331592653589793	5.611985307179586	5.613385307179586	4.179185307179586	1.194592653589793	1.4475926535897932	1.446592653589793	-0.8729
3.37	1.333592653589793	5.612385307179586	5.6138853071795864	4.1801853071795865	1.1955926535897932	1.450592653589793	1.4495926535897932	-0.8722
3.38	1.335592653589793	5.612885307179586	5.614285307179586	4.181185307179586	1.196592653589793	1.4535926535897932	1.452592653589793	-0.8714
3.39	1.3365926535897932	5.613285307179586	5.614685307179586	4.182185307179586	1.1975926535897932	1.4555926535897932	1.4555926535897932	-0.8705
3.4	1.3385926535897932	5.613785307179587	5.615185307179586	4.183185307179587	1.1995926535897932	1.458592653589793	1.458592653589793	-0.8695
3.41	1.339592653589793	5.614185307179586	5.615585307179586	4.183185307179587	1.200592653589793	1.4615926535897932	1.4615926535897932	-0.8685
3.42	1.3405926535897932	5.614685307179586	5.615985307179586	4.184185307179586	1.2015926535897932	1.4655926535897932	1.464592653589793	-0.8674
3.43	1.3425926535897932	5.615085307179586	5.616485307179587	4.185185307179586	1.2035926535897932	1.468592653589793	1.468592653589793	-0.8663
3.44	1.343592653589793	5.615585307179586	5.616885307179587	4.186185307179587	1.204592653589793	1.472592653589793	1.472592653589793	-0.865
3.45	1.3445926535897932	5.615985307179586	5.6172853071795865	4.187185307179586	1.206592653589793	1.4775926535897932	1.4775926535897932	-0.8637
3.46	1.3465926535897932	5.616485307179587	5.6176853071795865	4.188185307179586	1.2075926535897932	1.482592653589793	1.482592653589793	-0.8622
3.47	1.347592653589793	5.616885307179587	5.618185307179586	4.188185307179586	1.2095926535897932	1.488592653589793	1.488592653589793	-0.8606
3.48	1.3485926535897932	5.617385307179586	5.618585307179586	4.189185307179587	1.2115926535897932	1.496592653589793	1.496592653589793	-0.8589
3.49	1.3505926535897932	5.617785307179586	5.618985307179586	4.190185307179586	1.2135926535897932	1.5055926535897932	1.5055926535897932	-0.857
3.5	1.351592653589793	5.618285307179586	5.619485307179586	4.191185307179586	1.216592653589793	1.517592653589793	1.5185926535897931	-0.855
3.51	1.3525926535897932	5.618685307179586	5.619885307179587	4.192185307179586	1.218592653589793	1.5345926535897931	1.5365926535897931	-0.8528
3.52	1.3545926535897932	5.6191853071795865	5.620285307179586	4.193185307179586	1.2215926535897932	1.559592653589793	1.5625926535897932	-0.8504
3.53	1.355592653589793	5.6195853071795865	5.620785307179586	4.194185307179586	1.224592653589793	1.6005926535897932	1.6065926535897932	-0.8478
3.54	1.3565926535897932	5.620085307179586	5.621185307179586	4.195185307179586	1.2275926535897932	1.682592653589793	1.698592653589793	-0.8448
3.55	1.3585926535897932	5.620485307179586	5.621585307179586	4.1961853071795865	1.2315926535897932	1.920592653589793	1.9875926535897932	-0.8416
3.56	1.359592653589793	5.620985307179586	5.622085307179586	4.1961853071795865	1.2355926535897932	3.213412653589793	3.4783926535897933	-0.8381
3.57	1.361592653589793	5.621385307179586	5.622485307179586	4.197185307179586	1.2395926535897932	4.180592653589793	4.223592653589793	-0.8341
3.58	1.3625926535897932	5.6218853071795865	5.622885307179586	4.198185307179586	1.244592653589793	4.365592653589793	4.379592653589793	-0.8296
3.59	1.3645926535897932	5.622285307179586	5.6233853071795865	4.199185307179587	1.2495926535897932	4.436592653589793	4.442592653589793	-0.8245
3.6	1.365592653589793	5.622785307179586	5.6237853071795865	4.200185307179586	1.2555926535897932	4.473592653589793	4.477592653589793	-0.8188
3.61	1.367592653589793	5.623185307179586	5.624185307179586	4.201185307179586	1.2625926535897931	4.495592653589793	4.498592653589793	-0.8121
3.62	1.3685926535897932	5.623685307179587	5.624685307179586	4.202185307179587	1.2705926535897931	4.511592653589793	4.513592653589793	-0.8044
3.63	1.3705926535897932	5.624085307179586	5.625085307179586	4.203185307179586	1.2805926535897931	4.522592653589793	4.524592653589793	-0.7953
3.64	1.3725926535897932	5.624585307179586	5.625485307179586	4.204185307179586	1.291592653589793	4.532185307179587	4.532185307179587	-0.7845
3.65	1.3745926535897932	5.625085307179586	5.625985307179587	4.205185307179587	1.305592653589793	4.5391853071795865	4.5391853071795865	-0.7714
3.66	1.375592653589793	5.625485307179586	5.626385307179586	4.206185307179586	1.321592653589793	4.544185307179586	4.545185307179587	-0.7551
3.67	1.377592653589793	5.625985307179587	5.626785307179587	4.207185307179586	1.3425926535897932	4.549185307179586	4.549185307179586	-0.7344
3.68	1.379592653589793	5.626385307179586	5.627285307179586	4.208185307179586	1.3705926535897932	4.553185307179586	4.553185307179586	-0.7071
3.69	1.381592653589793	5.626885307179586	5.627685307179586	4.209185307179586	1.408592653589793	4.557185307179586	4.557185307179586	-0.6697
3.7	1.383592653589793	5.627285307179586	5.628185307179586	4.211185307179586	1.4635926535897932	4.560185307179586	4.560185307179586	-0.6153
3.71	1.385592653589793	5.627785307179586	5.628585307179586	4.2121853071795865	1.549592653589793	4.5631853071795865	4.5631853071795865	-0.5294
3.72	1.3885926535897932	5.628285307179587	5.6290853071795866	4.213185307179586	1.702592653589793	4.565185307179586	4.565185307179586	-0.3769
3.73	1.3905926535897932	5.628685307179587	5.6294853071795865	4.214185307179586	2.020592653589793	4.568185307179586	4.568185307179586	-0.06042
3.74	1.392592653589793	5.629185307179586	5.6298853071795865	4.215185307179587	2.6921926535897933	4.570185307179586	4.570185307179586	0.6094
3.75	1.3955926535897931	5.629685307179586	5.630385307179586	4.216185307179586	3.413185307179586	4.572185307179586	4.572185307179586	1.329592653589793
3.76	1.3975926535897931	5.630085307179586	5.630785307179586	4.217185307179586	3.7701853071795863	4.574185307179587	4.573185307179586	1.686592653589793
3.77	1.400592653589793	5.630585307179587	5.631285307179586	4.219185307179586	3.9391853071795864	4.575185307179586	4.575185307179586	1.8545926535897932
3.78	1.4035926535897931	5.631085307179586	5.631685307179586	4.220185307179586	4.032185307179587	4.577185307179587	4.577185307179587	1.9475926535897932
3.79	1.406592653589793	5.631485307179586	5.632185307179586	4.221185307179587	4.091185307179586	4.5791853071795865	4.578185307179586	2.005592653589793
3.8	1.4095926535897931	5.631985307179586	5.632585307179586	4.222185307179586	4.131185307179586	4.580185307179586	4.580185307179586	2.045592653589793
3.81	1.412592653589793	5.632485307179587	5.633085307179586	4.224185307179586	4.161185307179586	4.582185307179586	4.581185307179586	2.074592653589793
3.82	1.4155926535897931	5.632985307179586	5.633585307179587	4.225185307179586	4.184185307179586	4.583185307179586	4.583185307179586	2.096592653589793
3.83	1.4195926535897931	5.633385307179586	5.633985307179586	4.226185307179586	4.202185307179587	4.584185307179586	4.584185307179586	2.113592653589793
3.84	1.422592653589793	5.633885307179586	5.634485307179586	4.2281853071795865	4.217185307179586	4.586185307179586	4.585185307179586	2.127592653589793
3.85	1.426592653589793	5.634385307179587	5.634885307179586	4.229185307179586	4.230185307179586	4.5871853071795865	4.5871853071795865	2.138592653589793
3.86	1.430592653589793	5.634885307179586	5.635385307179586	4.230185307179586	4.241185307179586	4.588185307179586	4.588185307179586	2.148692653589793
3.87	1.434592653589793	5.635385307179586	5.635885307179587	4.232185307179586	4.251185307179586	4.589185307179586	4.589185307179586	2.157192653589793
3.88	1.438592653589793	5.635885307179587	5.636385307179586	4.233185307179586	4.2601853071795865	4.591185307179586	4.590185307179587	2.1645926535897932
3.89	1.4435926535897932	5.636385307179586	5.636785307179586	4.235185307179586	4.268185307179586	4.592185307179586	4.592185307179586	2.171192653589793
3.9	1.448592653589793	5.636885307179586	5.637285307179586	4.236185307179586	4.276185307179587	4.593185307179587	4.593185307179587	2.177092653589793
3.91	1.4535926535897932	5.637385307179586	5.637785307179586	4.238185307179586	4.284185307179586	4.594185307179586	4.594185307179586	2.1824926535897933
3.92	1.458592653589793	5.6378853071795865	5.638285307179586	4.239185307179586	4.291185307179586	4.5951853071795865	4.5951853071795865	2.187392653589793
3.93	1.464592653589793	5.638385307179586	5.638785307179586	4.241185307179586	4.299185307179586	4.597185307179586	4.596185307179586	2.191892653589793
3.94	1.470592653589793	5.638885307179586	5.639285307179586	4.243185307179586	4.307185307179586	4.598185307179586	4.597185307179586	2.196192653589793
3.95	1.476592653589793	5.6393853071795865	5.6397853071795865	4.2441853071795865	4.316185307179586	4.599185307179586	4.599185307179586	2.200292653589793
3.96	1.4835926535897932	5.639885307179586	5.640285307179586	4.246185307179586	4.326185307179586	4.600185307179586	4.600185307179586	2.204092653589793
3.97	1.490592653589793	5.640485307179587	5.640785307179586	4.248185307179586	4.339185307179586	4.601185307179586	4.601185307179586	2.2077926535897934
3.98	1.498592653589793	5.640985307179586	5.6412853071795865	4.249185307179586	4.357185307179586	4.6031853071795865	4.602185307179586	2.211392653589793
3.99	1.506592653589793	5.641585307179586	5.641785307179586	4.251185307179586	4.388185307179587	4.604185307179586	4.6031853071795865	2.214992653589793
4.0	1.5155926535897932	5.6420853071795865	5.642385307179586	4.253185307179587	4.4781853071795865	4.605185307179586	4.605185307179586	2.2184926535897933
4.01	1.5245926535897931	5.642685307179586	5.642885307179586	4.255185307179586	3.3958926535897933	4.606185307179587	4.606185307179587	2.222092653589793
4.02	1.535592653589793	5.643285307179586	5.643485307179586	4.257185307179586	4.200185307179586	4.607185307179586	4.607185307179586	2.225692653589793
4.03	1.5465926535897931	5.643885307179586	5.644085307179586	4.259185307179586	4.267185307179586	4.609185307179587	4.608185307179586	2.229492653589793
4.04	1.5585926535897932	5.644485307179586	5.644685307179587	4.261185307179586	4.296185307179586	4.610185307179586	4.610185307179586	2.233492653589793
4.05	1.571592653589793	5.645085307179587	5.645285307179586	4.263185307179587	4.315185307179586	4.6111853071795865	4.6111853071795865	2.237992653589793
4.06	1.5865926535897932	5.645785307179587	5.645985307179586	4.265185307179586	4.330185307179586	4.613185307179586	4.612185307179586	2.243192653589793
4.07	1.6025926535897932	5.646485307179586	5.646585307179587	4.268185307179586	4.3451853071795865	4.614185307179586	4.614185307179586	2.249992653589793
4.08	1.619592653589793	5.647285307179586	5.6473853071795865	4.270185307179586	4.364185307179586	4.616185307179586	4.615185307179586	2.260292653589793
4.09	1.6395926535897931	5.648085307179587	5.6481853071795864	4.272185307179586	4.3931853071795866	4.617185307179586	4.617185307179586	2.282092653589793
4.1	1.6615926535897931	5.648985307179586	5.649085307179586	4.275185307179586	4.5551853071795865	4.6191853071795865	4.618185307179586	2.434392653589793
4.11	1.686592653589793	5.6500853071795865	5.6500853071795865	4.277185307179586	4.294185307179586	4.620185307179586	4.620185307179586	2.166592653589793
4.12	1.714592653589793	5.651285307179586	5.651385307179586	4.280185307179586	4.352185307179586	4.622185307179587	4.621185307179586	2.214992653589793
4.13	1.746592653589793	5.652885307179586	5.652885307179586	4.282185307179587	4.378185307179586	4.623185307179586	4.623185307179586	2.230092653589793
4.14	1.783592653589793	5.654985307179587	5.655085307179586	4.285185307179586	4.401185307179587	4.625185307179587	4.625185307179587	2.238792653589793
4.15	1.827592653589793	5.658285307179586	5.658485307179586	4.288185307179586	4.424185307179586	4.6271853071795865	4.6271853071795865	2.245292653589793
4.16	1.8785926535897932	5.664885307179587	5.665485307179586	4.291185307179586	4.451185307179586	4.629185307179586	4.628185307179586	2.250792653589793
4.17	1.938592653589793	5.6877853071795865	5.691885307179586	4.294185307179586	4.4861853071795865	4.631185307179586	4.630185307179586	2.255792653589793
4.18	2.012592653589793	5.5349853071795865	5.563485307179587	4.2971853071795865	4.535185307179586	4.633185307179586	4.632185307179586	2.260492653589793
4.19	2.100592653589793	5.626485307179586	5.628185307179586	4.300185307179586	4.614185307179586	4.6351853071795865	4.634185307179586	2.2651926535897933
4.2	2.209392653589793	5.637285307179586	5.6378853071795865	4.303185307179586	4.790185307179586	4.637185307179586	4.636185307179586	2.269992653589793
4.21	2.3415926535897933	5.641785307179586	5.6420853071795865	4.307185307179586	5.670885307179586	4.639185307179586	4.639185307179586	2.274792653589793
4.22	2.500592653589793	5.644385307179586	5.644485307179586	4.310185307179586	7.282085307179586	4.642185307179586	4.647592653589793	2.279792653589793
4.23	2.685692653589793	5.646285307179586	5.646285307179586	4.314185307179586	7.62577796076938	4.645185307179586	4.644592653589793	2.284892653589793
4.24	2.889192653589793	5.647685307179586	5.647685307179586	4.318185307179586	7.939777960769379	4.647185307179586	4.647592653589793	2.290392653589793
4.25	3.0970826535897933	5.648785307179586	5.648785307179586	4.322185307179586	8.60207796076938	4.651185307179587	4.6505926535897935	2.296092653589793
4.26	3.2931926535897933	5.649885307179586	5.649785307179586	4.326185307179586	9.568370614359171	4.655185307179586	4.653592653589794	2.302292653589793
4.27	3.466492653589793	5.650785307179587	5.650685307179586	4.330185307179586	10.020370614359173	4.655592653589793	4.656592653589793	2.308892653589793
4.28	3.613092653589793	5.6515853071795865	5.651485307179586	4.335185307179586	10.210370614359173	4.659592653589793	4.660592653589793	2.3158926535897932
4.29	3.734792653589793	5.652385307179586	5.652285307179586	4.340185307179587	10.311370614359173	4.664592653589793	4.664592653589793	2.323592653589793
4.3	3.835292653589793	5.653185307179586	5.652985307179586	4.3451853071795865	10.375370614359174	4.668592653589793	4.668592653589793	2.331992653589793
4.31	3.918892653589793	5.653985307179586	5.653685307179586	4.350185307179586	10.421370614359173	4.673592653589793	4.673592653589793	2.341292653589793
4.32	3.989185307179586	5.654685307179586	5.654385307179586	4.356185307179587	10.457370614359172	4.679592653589793	4.679592653589793	2.3514926535897933
4.33	4.049185307179586	5.6553853071795865	5.655085307179586	4.362185307179586	10.487370614359172	4.685592653589794	4.686592653589793	2.362992653589793
4.34	4.102185307179586	5.656085307179586	5.6557853071795865	4.368185307179586	10.513370614359172	4.693592653589793	4.693592653589793	2.3758926535897933
4.35	4.149185307179586	5.656785307179586	5.656485307179587	4.375185307179587	10.538370614359172	4.703592653589793	4.703592653589793	2.390692653589793
4.36	4.191185307179586	5.657485307179586	5.657185307179586	4.383185307179586	10.562370614359173	4.716592653589793	4.716592653589793	2.407792653589793
4.37	4.231185307179587	5.658185307179586	5.657885307179586	4.391185307179587	10.587370614359173	4.739592653589793	4.738592653589793	2.427892653589793
4.38	4.269185307179587	5.658885307179586	5.658485307179586	4.399185307179586	10.614370614359173	4.8211853071795865	4.8075926535897935	2.451992653589793
4.39	4.307185307179586	5.6595853071795865	5.659185307179587	4.409185307179586	10.645370614359173	4.665592653589793	4.640592653589794	2.481492653589793
4.4	4.346185307179586	5.660285307179587	5.659885307179586	4.420185307179587	10.682370614359172	4.973592653589793	4.877592653589793	2.5187926535897933
4.41	4.388185307179587	5.660985307179586	5.660585307179586	4.432185307179586	10.730370614359172	4.674592653589793	4.671592653589793	2.567692653589793
4.42	4.439185307179586	5.661785307179587	5.661385307179586	4.4461853071795865	10.795370614359172	4.7465926535897935	4.7465926535897935	2.635292653589793
4.43	4.508185307179586	5.662485307179586	5.662085307179586	4.4621853071795865	10.893370614359172	4.643592653589793	4.644592653589793	2.735792653589793
4.44	4.626185307179586	5.663285307179586	5.662885307179586	4.482185307179586	11.058370614359173	4.724592653589793	4.725592653589793	2.901092653589793
4.45	4.964185307179586	5.664085307179587	5.663685307179586	4.506185307179586	11.372370614359173	4.758592653589793	4.759592653589793	3.209462653589793
4.46	6.723585307179587	5.664885307179587	5.664485307179586	4.5391853071795865	11.967770614359173	4.790592653589793	4.7915926535897935	3.795792653589793
4.47	7.370185307179586	5.665785307179586	5.665285307179587	4.5871853071795865	12.627963267948966	4.827592653589793	4.829592653589793	4.485185307179586
4.48	7.57977796076938	5.666685307179586	5.666185307179586	4.667185307179587	13.004963267948966	4.875592653589793	4.878592653589793	4.903185307179586
4.49	7.80577796076938	5.667685307179586	5.667085307179586	4.834185307179586	13.196963267948966	4.942592653589793	4.947592653589793	5.131185307179586
4.5	8.38977796076938	5.668685307179587	5.668085307179586	5.381285307179586	13.306963267948966	5.043592653589793	5.051592653589793	5.282185307179587
4.51	6.610777960769379	5.669785307179586	5.669185307179586	3.5801853071795864	13.377963267948966	5.212592653589793	5.225592653589793	5.404085307179586
4.52	7.105777960769379	5.670985307179587	5.670385307179586	4.062185307179586	13.427963267948966	5.522592653589793	5.5465926535897925	5.5250853071795865
4.53	7.274777960769379	5.672285307179586	5.671685307179586	4.219185307179586	13.465963267948965	6.072592653589793	6.108592653589794	5.667685307179586
4.54	7.364777960769379	5.673785307179586	5.673185307179586	4.298185307179586	13.498963267948966	6.680985307179586	6.707285307179586	5.862685307179587
4.55	7.424777960769379	5.6755853071795865	5.674885307179586	4.350185307179586	13.540963267948966	7.0547853071795865	7.068085307179587	6.159285307179586
4.56	7.47077796076938	5.677685307179586	5.676885307179586	4.389185307179586	13.345970614359173	7.253885307179586	7.260785307179586	6.602285307179586
4.57	7.509777960769379	5.680285307179586	5.679485307179586	4.421185307179586	13.512963267948965	7.3691853071795865	7.373185307179586	7.104985307179586
4.58	7.5447779607693795	5.683885307179586	5.682885307179586	4.451185307179586	13.537963267948966	7.443185307179586	7.445185307179586	7.488777960769379
4.59	7.57777796076938	5.689085307179586	5.687885307179586	4.479185307179586	13.553963267948966	7.4941853071795865	7.495185307179586	7.729777960769379
4.6	7.6087779607693795	5.697885307179586	5.695985307179586	4.506185307179586	13.566963267948966	7.5311853071795865	7.532185307179587	7.881777960769379
4.61	7.6407779607693795	5.717385307179586	5.713185307179586	4.535185307179586	13.577963267948967	7.559185307179586	7.560185307179586	7.982777960769379
4.62	7.67377796076938	5.808785307179586	5.779885307179586	4.564185307179586	13.586963267948965	7.582185307179586	7.582185307179586	8.054777960769378
4.63	7.708777960769379	5.521385307179586	5.453585307179586	4.596185307179586	13.595963267948965	7.600185307179586	7.600185307179586	8.108777960769379
4.64	7.74477796076938	5.622985307179587	5.615985307179586	4.630185307179586	13.604963267948966	7.615185307179586	7.615185307179586	8.150777960769378
4.65	7.78477796076938	5.643485307179586	5.640385307179586	4.667185307179587	13.612963267948965	7.628185307179586	7.628185307179586	8.18377796076938
4.66	7.82777796076938	5.652585307179586	5.650585307179586	4.709185307179586	13.619963267948965	7.639185307179586	7.639185307179586	8.211777960769378
4.67	7.876777960769379	5.6580853071795865	5.656385307179586	4.756185307179586	13.627963267948966	7.649185307179586	7.649185307179586	8.23577796076938
4.68	7.93077796076938	5.661785307179587	5.660385307179586	4.809185307179586	13.636963267948966	7.658185307179586	7.658185307179586	8.255777960769379
4.69	7.993777960769379	5.664785307179586	5.663485307179586	4.870185307179586	13.646963267948966	7.666185307179586	7.666185307179586	8.27277796076938
4.7	8.06477796076938	5.667185307179587	5.665985307179586	4.940185307179586	13.660963267948965	7.673185307179586	7.673185307179586	8.28877796076938
4.71	8.14877796076938	5.669285307179586	5.668085307179586	5.022185307179586	13.682963267948965	7.679185307179586	7.679185307179586	8.303777960769379
4.72	8.245777960769379	5.671185307179586	5.670085307179586	5.118185307179586	13.752963267948966	7.685185307179586	7.685185307179586	8.316777960769379
4.73	8.358777960769379	5.673085307179586	5.671985307179586	5.229185307179586	13.392963267948966	7.691185307179586	7.691185307179586	8.329777960769379
4.74	8.491977960769379	5.675085307179586	5.673985307179587	5.358785307179586	13.598963267948966	7.6961853071795865	7.6961853071795865	8.342777960769379
4.75	8.650677960769379	5.677185307179586	5.676085307179586	5.509185307179586	13.636963267948966	7.702185307179587	7.701185307179586	8.35977796076938
4.76	8.899877960769379	5.679585307179586	5.678585307179587	5.703885307179586	13.675963267948966	7.708185307179586	7.707185307179586	8.39177796076938
4.77	8.805377960769379	5.682785307179586	5.681785307179586	5.731785307179586	13.481963267948966	7.711185307179586	7.710185307179586	8.19077796076938
4.78	9.04987796076938	5.6877853071795865	5.686785307179586	5.945385307179587	13.629963267948966	7.716185307179586	7.716185307179586	8.338777960769379
4.79	9.22117796076938	5.699085307179586	5.698285307179586	6.110285307179586	13.655963267948966	7.721185307179586	7.7201853071795865	8.35977796076938
4.8	9.369707960769379	5.795885307179586	5.804085307179586	6.256495307179586	13.677963267948966	7.726185307179586	7.725185307179586	8.371777960769379
4.81	9.49894796076938	5.640985307179586	5.640785307179586	6.384985307179586	13.712963267948965	7.731185307179587	7.730185307179586	8.38177796076938
4.82	9.610277960769379	5.663185307179586	5.662185307179586	6.496385307179586	13.835963267948966	7.7361853071795865	7.7361853071795865	8.390777960769379
4.83	9.705577960769379	5.669985307179586	5.668985307179586	6.592385307179586	13.318670614359172	7.742185307179586	7.742185307179586	8.399777960769379
4.84	9.787077960769379	5.673785307179586	5.672685307179586	6.674785307179587	13.560963267948965	7.749185307179586	7.749185307179586	8.40877796076938
4.85	9.857177960769379	5.6763853071795864	5.675285307179586	6.745985307179586	13.602963267948965	7.757185307179586	7.757185307179586	8.41777796076938
4.86	9.91797796076938	5.678485307179586	5.677385307179586	6.807785307179586	13.621963267948965	7.7681853071795866	7.767185307179586	8.42637796076938
4.87	9.97117796076938	5.680285307179586	5.679085307179586	6.861885307179586	13.633963267948966	7.782185307179587	7.782185307179587	8.43607796076938
4.88	10.018877960769379	5.681885307179586	5.680685307179586	6.909685307179586	13.641963267948967	7.806185307179586	7.8051853071795865	8.44657796076938
4.89	10.062977960769379	5.683385307179586	5.682185307179586	6.9522853071795865	13.648963267948965	7.857185307179586	7.855185307179586	8.45827796076938
4.9	10.106370614359172	5.684785307179586	5.683685307179586	6.9907853071795865	13.654963267948965	8.065185307179586	8.054185307179587	8.471577960769379
4.91	10.161370614359173	5.6862853071795865	5.685085307179587	7.025777960769379	13.659963267948966	7.2971853071795865	7.283185307179586	8.48737796076938
4.92	10.347370614359173	5.687685307179586	5.686485307179586	7.057777960769379	13.664963267948966	7.600185307179586	7.600185307179586	8.50677796076938
4.93	10.041370614359172	5.689085307179586	5.687885307179586	7.08777796076938	13.668963267948966	7.660185307179586	7.660185307179586	8.531677960769379
4.94	10.133370614359173	5.6904853071795864	5.689285307179587	7.115777960769379	13.673963267948967	7.686185307179587	7.686185307179587	8.56587796076938
4.95	10.170370614359172	5.691885307179586	5.690685307179586	7.14177796076938	13.677963267948966	7.701185307179586	7.702185307179587	8.61687796076938
4.96	10.196370614359171	5.693385307179586	5.692185307179586	7.166777960769379	13.681963267948966	7.7121853071795865	7.7121853071795865	8.70287796076938
4.97	10.217370614359172	5.694985307179587	5.693685307179586	7.191777960769379	13.685963267948965	7.7201853071795865	7.7201853071795865	8.880077960769379
4.98	10.236370614359172	5.696585307179586	5.695285307179586	7.214777960769379	13.689963267948965	7.727185307179586	7.727185307179586	9.38308796076938
4.99	10.252370614359172	5.698285307179586	5.696985307179586	7.238777960769379	13.694963267948966	7.732185307179586	7.733185307179586	10.50477796076938
5.0	10.267370614359173	5.700085307179586	5.698785307179586	7.261777960769379	13.699963267948966	7.738185307179586	7.738185307179586	11.053370614359173
