 e=           1
   1.2000000000000000      -0.26940287000000002     
   1.3000000000000000      -0.29384881000000002     
   1.3999999999999999      -0.30911143000000002     
   1.5000000000000000      -0.31699674000000000     
   1.6000000000000001      -0.31931459000000001     
   1.7000000000000000      -0.31755726000000001     
   1.8000000000000000      -0.31267024999999998     
   1.8999999999999999      -0.30529942999999998     
   2.0000000000000000      -0.29590265999999998     
   2.1000000000000001      -0.28484736999999999     
   2.2000000000000002      -0.27393610000000002     
   2.2999999999999998      -0.26079411000000002     
   2.3999999999999999      -0.24524254000000001     
   2.5000000000000000      -0.22865443999999999     
   2.6000000000000001      -0.21128310000000000     
   2.7000000000000002      -0.19339997000000000     
   2.7999999999999998      -0.17520331000000000     
   2.8999999999999999      -0.15694319000000001     
   3.0000000000000000      -0.13893618999999999     
   3.1000000000000001      -0.12154254000000000     
   3.2000000000000002      -0.10511179000000000     
   3.2999999999999998       -8.9928258999999997E-002
   3.3999999999999999       -7.6174017999999996E-002
   3.5000000000000000       -6.3920484999999999E-002
   3.6000000000000001       -5.3145084000000002E-002
   3.7000000000000002       -4.3760582999999999E-002
   3.7999999999999998       -3.5644601999999997E-002
   3.8999999999999999       -2.8662268000000001E-002
   4.2000000000000002       -2.2680509000000001E-002
   4.2999999999999998       -1.7575646000000000E-002
   4.4000000000000004       -1.3236469000000001E-002
   4.5000000000000000       -9.5648012000000004E-003
   4.5999999999999996       -6.4745742000000004E-003
   4.7000000000000002       -3.8905294999999999E-003
   4.7999999999999998       -1.7464670000000000E-003
   4.9000000000000004        1.6143855000000000E-005
   5.0000000000000000        1.4495249000000001E-003
   5.0999999999999996        2.6004404000000000E-003
   5.2000000000000002        3.5113823000000001E-003
   5.2999999999999998        4.2196315000000003E-003
   5.4000000000000004        4.7598355999999998E-003
   5.5000000000000000        5.1614336999999998E-003
   5.5999999999999996        5.4511437999999997E-003
   5.7000000000000002        5.6510290000000001E-003
   5.7999999999999998        5.7806908000000001E-003
   5.9000000000000004        5.8552155999999998E-003
   6.0000000000000000        5.8878754000000000E-003
   6.0999999999999996        5.8895457999999998E-003
   6.2000000000000002        5.8692021999999996E-003
   6.2999999999999998        5.8316145999999999E-003
   6.4000000000000004        5.7807541000000004E-003
   6.5000000000000000        5.7205915000000003E-003
   6.5999999999999996        5.6550927999999999E-003
   6.7000000000000002        5.5872489999999999E-003
   6.7999999999999998        5.5179032999999999E-003
   6.9000000000000004        5.4476122999999998E-003
   7.0000000000000000        5.3769326999999999E-003
   7.0999999999999996        5.3064180999999998E-003
   7.2000000000000002        5.2364144000000001E-003
   7.2999999999999998        5.1669326000000002E-003
   7.4000000000000004        5.0979531000000002E-003
   7.5000000000000000        5.0294564000000000E-003
   7.5999999999999996        4.9614244000000000E-003
   7.7000000000000002        4.8938894000000004E-003
   7.7999999999999998        4.8269434999999999E-003
   7.9000000000000004        4.7606823999999997E-003
   8.0000000000000000        4.6952019000000003E-003
   8.0999999999999996        4.6305974999999999E-003
   8.1999999999999993        4.5669650999999997E-003
   8.3000000000000007        4.5044003000000001E-003
   8.4000000000000004        4.4429988000000004E-003
   8.5000000000000000        4.3828562999999997E-003
   8.5999999999999996        4.3240685000000001E-003
   8.6999999999999993        4.2667310000000002E-003
   8.8000000000000007        4.2109397000000002E-003
   8.9000000000000004        4.1567901999999997E-003
   9.0000000000000000        4.1043781000000001E-003
   9.0999999999999996        4.0537992000000004E-003
   9.1999999999999993        4.0051491999999996E-003
   9.3000000000000007        3.9585237999999997E-003
   9.4000000000000004        3.9140186000000002E-003
   9.5000000000000000        3.8717295000000001E-003
   9.5999999999999996        3.8317518999999999E-003
   9.6999999999999993        3.7941818000000000E-003
   9.8000000000000007        3.7591146999999998E-003
   9.9000000000000004        3.7266462999999998E-003
   10.000000000000000        3.6968724000000001E-003

 e=           2
   1.2000000000000000       0.89504887899999996     
   1.3000000000000000       0.89623357500000000     
   1.3999999999999999       0.89027432900000003     
   1.5000000000000000       0.87903513700000002     
   1.6000000000000001       0.86329841100000004     
   1.7000000000000000       0.84357541199999997     
   1.8000000000000000       0.82019780900000006     
   1.8999999999999999       0.79335188899999998     
   2.0000000000000000       0.76301976000000005     
   2.1000000000000001       0.72882790399999997     
   2.2000000000000002       0.68976951500000006     
   2.2999999999999998       0.64372029099999994     
   2.3999999999999999       0.58756696399999997     
   2.5000000000000000       0.51978337100000005     
   2.6000000000000001       0.44558978100000002     
   2.7000000000000002       0.37462793000000000     
   2.7999999999999998       0.31166075599999998     
   2.8999999999999999       0.25506499300000002     
   3.0000000000000000       0.20099775000000000     
   3.1000000000000001       0.14592793600000001     
   3.2000000000000002        8.7416438299999996E-002
   3.2999999999999998        2.4008987999999998E-002
   3.3999999999999999       -4.4878013000000001E-002
   3.5000000000000000      -0.11918523500000000     
   3.6000000000000001      -0.19866010500000000     
   3.7000000000000002      -0.28274826500000000     
   3.7999999999999998      -0.37106904299999999     
   3.8999999999999999      -0.46316715300000000     
   4.2000000000000002      -0.75839795700000001     
   4.2999999999999998      -0.86201871600000002     
   4.4000000000000004      -0.96764928600000000     
   4.5000000000000000       -1.0749847200000000     
   4.5999999999999996       -1.1833701100000000     
   4.7000000000000002       -1.2924203999999999     
   4.7999999999999998       -1.4016252400000000     
   4.9000000000000004       -1.5105298899999999     
   5.0000000000000000       -1.6185543600000001     
   5.0999999999999996       -1.7252571800000001     
   5.2000000000000002       -1.8302135900000001     
   5.2999999999999998       -1.9330567999999999     
   5.4000000000000004       -2.0334731000000001     
   5.5000000000000000       -2.1312566600000000     
   5.5999999999999996       -2.2263649000000001     
   5.7000000000000002       -2.3184327300000001     
   5.7999999999999998       -2.4073945900000000     
   5.9000000000000004       -2.4936529200000002     
   6.0000000000000000       -2.5770869400000000     
   6.0999999999999996       -2.6577934600000002     
   6.2000000000000002       -2.7359040399999999     
   6.2999999999999998       -2.8115745300000001     
   6.4000000000000004       -2.8849994400000001     
   6.5000000000000000       -2.9561134800000000     
   6.5999999999999996       -3.0254467400000000     
   6.7000000000000002       -3.0929930300000001     
   6.7999999999999998       -3.1589032399999999     
   6.9000000000000004       -3.2233378500000001     
   7.0000000000000000       -3.2864588100000001     
   7.0999999999999996       -3.3483405799999999     
   7.2000000000000002       -3.4091355999999999     
   7.2999999999999998       -3.4689549500000001     
   7.4000000000000004       -3.5278995499999999     
   7.5000000000000000       -3.5860608599999999     
   7.5999999999999996       -3.6435204099999998     
   7.7000000000000002       -3.7003430399999999     
   7.7999999999999998       -3.7566105900000002     
   7.9000000000000004       -3.8123771199999998     
   8.0000000000000000       -3.8676954600000002     
   8.0999999999999996       -3.9226128099999999     
   8.1999999999999993       -3.9771709199999998     
   8.3000000000000007       -4.0314068799999996     
   8.4000000000000004       -4.0853537099999997     
   8.5000000000000000       -4.1390408299999999     
   8.5999999999999996       -4.1924952199999996     
   8.6999999999999993       -4.2457343400000003     
   8.8000000000000007       -4.2987834300000003     
   8.9000000000000004       -4.3516577300000003     
   9.0000000000000000       -4.4043778600000003     
   9.0999999999999996       -4.4569415699999997     
   9.1999999999999993       -4.5093812000000000     
   9.3000000000000007       -4.5617030999999999     
   9.4000000000000004       -4.6139138700000002     
   9.5000000000000000       -4.6660201299999997     
   9.5999999999999996       -4.7180340000000003     
   9.6999999999999993       -4.7699605500000004     
   9.8000000000000007       -4.8218072899999997     
   9.9000000000000004       -4.8735795399999997     
   10.000000000000000       -4.9252821999999998     

