         0.75224E+02          0.78321E+01
         0.75178E+02          0.78218E+01
         0.75133E+02          0.78121E+01
         0.75087E+02          0.78032E+01
         0.75042E+02          0.77949E+01
         0.74996E+02          0.77871E+01
         0.74951E+02          0.77800E+01
         0.74906E+02          0.77733E+01
         0.74861E+02          0.77670E+01
         0.74815E+02          0.77612E+01
         0.74770E+02          0.77558E+01
         0.74725E+02          0.77507E+01
         0.74680E+02          0.77460E+01
         0.74635E+02          0.77416E+01
         0.74590E+02          0.77374E+01
         0.74546E+02          0.77336E+01
         0.74501E+02          0.77299E+01
         0.74456E+02          0.77266E+01
         0.74411E+02          0.77234E+01
         0.74367E+02          0.77204E+01
         0.74322E+02          0.77177E+01
         0.74278E+02          0.77151E+01
         0.74233E+02          0.77127E+01
         0.74189E+02          0.77105E+01
         0.74144E+02          0.77084E+01
         0.74100E+02          0.77064E+01
         0.74056E+02          0.77046E+01
         0.74012E+02          0.77029E+01
         0.73967E+02          0.77014E+01
         0.73923E+02          0.76999E+01
         0.73879E+02          0.76986E+01
         0.73835E+02          0.76974E+01
         0.73791E+02          0.76962E+01
         0.73747E+02          0.76952E+01
         0.73704E+02          0.76943E+01
         0.73660E+02          0.76934E+01
         0.73616E+02          0.76927E+01
         0.73572E+02          0.76920E+01
         0.73529E+02          0.76914E+01
         0.73485E+02          0.76909E+01
         0.73442E+02          0.76905E+01
         0.73398E+02          0.76901E+01
         0.73355E+02          0.76898E+01
         0.73311E+02          0.76895E+01
         0.73268E+02          0.76894E+01
         0.73225E+02          0.76893E+01
         0.73182E+02          0.76892E+01
         0.73138E+02          0.76892E+01
         0.73095E+02          0.76893E+01
         0.73052E+02          0.76894E+01
         0.73009E+02          0.76896E+01
         0.72966E+02          0.76898E+01
         0.72923E+02          0.76901E+01
         0.72880E+02          0.76904E+01
         0.72838E+02          0.76907E+01
         0.72795E+02          0.76912E+01
         0.72752E+02          0.76916E+01
         0.72709E+02          0.76921E+01
         0.72667E+02          0.76927E+01
         0.72624E+02          0.76933E+01
         0.72582E+02          0.76939E+01
         0.72539E+02          0.76945E+01
         0.72497E+02          0.76953E+01
         0.72455E+02          0.76960E+01
         0.72412E+02          0.76968E+01
         0.72370E+02          0.76976E+01
         0.72328E+02          0.76985E+01
         0.72286E+02          0.76994E+01
         0.72243E+02          0.77003E+01
         0.72201E+02          0.77012E+01
         0.72159E+02          0.77022E+01
         0.72117E+02          0.77033E+01
         0.72075E+02          0.77043E+01
         0.72034E+02          0.77054E+01
         0.71992E+02          0.77065E+01
         0.71950E+02          0.77077E+01
         0.71908E+02          0.77089E+01
         0.71867E+02          0.77101E+01
         0.71825E+02          0.77113E+01
         0.71783E+02          0.77126E+01
         0.71742E+02          0.77139E+01
         0.71700E+02          0.77152E+01
         0.71659E+02          0.77166E+01
         0.71617E+02          0.77179E+01
         0.71576E+02          0.77193E+01
         0.71535E+02          0.77208E+01
         0.71494E+02          0.77222E+01
         0.71452E+02          0.77237E+01
         0.71411E+02          0.77252E+01
         0.71370E+02          0.77268E+01
         0.71329E+02          0.77283E+01
         0.71288E+02          0.77299E+01
         0.71247E+02          0.77315E+01
         0.71206E+02          0.77331E+01
         0.71165E+02          0.77348E+01
         0.71124E+02          0.77365E+01
         0.71084E+02          0.77382E+01
         0.71043E+02          0.77399E+01
         0.71002E+02          0.77417E+01
         0.70962E+02          0.77434E+01
         0.70921E+02          0.77452E+01
         0.70880E+02          0.77470E+01
         0.70840E+02          0.77489E+01
         0.70800E+02          0.77507E+01
         0.70759E+02          0.77526E+01
         0.70719E+02          0.77545E+01
         0.70678E+02          0.77564E+01
         0.70638E+02          0.77584E+01
         0.70598E+02          0.77604E+01
         0.70558E+02          0.77623E+01
         0.70518E+02          0.77643E+01
         0.70478E+02          0.77664E+01
         0.70438E+02          0.77684E+01
         0.70398E+02          0.77705E+01
         0.70358E+02          0.77726E+01
         0.70318E+02          0.77747E+01
         0.70278E+02          0.77768E+01
         0.70238E+02          0.77790E+01
         0.70198E+02          0.77812E+01
         0.70159E+02          0.77834E+01
         0.70119E+02          0.77856E+01
         0.70079E+02          0.77878E+01
         0.70040E+02          0.77901E+01
         0.70000E+02          0.77923E+01
         0.69961E+02          0.77946E+01
         0.69921E+02          0.77969E+01
         0.69882E+02          0.77993E+01
         0.69842E+02          0.78016E+01
         0.69803E+02          0.78040E+01
         0.69764E+02          0.78064E+01
         0.69725E+02          0.78088E+01
         0.69685E+02          0.78113E+01
         0.69646E+02          0.78137E+01
         0.69607E+02          0.78162E+01
         0.69568E+02          0.78187E+01
         0.69529E+02          0.78213E+01
         0.69490E+02          0.78238E+01
         0.69451E+02          0.78264E+01
         0.69412E+02          0.78290E+01
         0.69373E+02          0.78316E+01
         0.69335E+02          0.78342E+01
         0.69296E+02          0.78369E+01
         0.69257E+02          0.78396E+01
         0.69218E+02          0.78423E+01
         0.69180E+02          0.78450E+01
         0.69141E+02          0.78478E+01
         0.69103E+02          0.78506E+01
         0.69064E+02          0.78534E+01
         0.69026E+02          0.78562E+01
         0.68987E+02          0.78591E+01
         0.68949E+02          0.78620E+01
         0.68911E+02          0.78649E+01
         0.68872E+02          0.78678E+01
         0.68834E+02          0.78708E+01
         0.68796E+02          0.78738E+01
         0.68758E+02          0.78769E+01
         0.68720E+02          0.78799E+01
         0.68682E+02          0.78831E+01
         0.68644E+02          0.78862E+01
         0.68606E+02          0.78894E+01
         0.68568E+02          0.78926E+01
         0.68530E+02          0.78959E+01
         0.68492E+02          0.78992E+01
         0.68454E+02          0.79025E+01
         0.68416E+02          0.79059E+01
         0.68379E+02          0.79093E+01
         0.68341E+02          0.79128E+01
         0.68303E+02          0.79164E+01
         0.68266E+02          0.79200E+01
         0.68228E+02          0.79236E+01
         0.68191E+02          0.79273E+01
         0.68153E+02          0.79311E+01
         0.68116E+02          0.79349E+01
         0.68078E+02          0.79389E+01
         0.68041E+02          0.79428E+01
         0.68004E+02          0.79469E+01
         0.67966E+02          0.79511E+01
         0.67929E+02          0.79553E+01
         0.67892E+02          0.79597E+01
         0.67855E+02          0.79642E+01
         0.67818E+02          0.79687E+01
         0.67781E+02          0.79735E+01
         0.67743E+02          0.79783E+01
         0.67706E+02          0.79833E+01
         0.67670E+02          0.79885E+01
         0.67633E+02          0.79938E+01
         0.67596E+02          0.79994E+01
         0.67559E+02          0.80051E+01
         0.67522E+02          0.80111E+01
         0.67485E+02          0.80174E+01
         0.67449E+02          0.80239E+01
         0.67412E+02          0.80308E+01
         0.67375E+02          0.80381E+01
         0.67339E+02          0.80458E+01
         0.67302E+02          0.80539E+01
         0.67266E+02          0.80626E+01
         0.67229E+02          0.80719E+01
         0.67193E+02          0.80818E+01
         0.67156E+02          0.80925E+01
         0.67120E+02          0.81041E+01
         0.67084E+02          0.81166E+01
         0.67047E+02          0.81301E+01
         0.67011E+02          0.81446E+01
         0.66975E+02          0.81599E+01
         0.66939E+02          0.81752E+01
         0.66903E+02          0.81891E+01
         0.66867E+02          0.81973E+01
         0.66831E+02          0.81898E+01
         0.66795E+02          0.81421E+01
         0.66759E+02          0.79983E+01
         0.66723E+02          0.76717E+01
         0.66687E+02          0.72136E+01
         0.66651E+02          0.69793E+01
         0.66615E+02          0.70529E+01
         0.66579E+02          0.72179E+01
         0.66544E+02          0.73657E+01
         0.66508E+02          0.74793E+01
         0.66472E+02          0.75648E+01
         0.66437E+02          0.76301E+01
         0.66401E+02          0.76811E+01
         0.66366E+02          0.77219E+01
         0.66330E+02          0.77553E+01
         0.66295E+02          0.77831E+01
         0.66259E+02          0.78068E+01
         0.66224E+02          0.78272E+01
         0.66188E+02          0.78450E+01
         0.66153E+02          0.78609E+01
         0.66118E+02          0.78750E+01
         0.66083E+02          0.78878E+01
         0.66047E+02          0.78994E+01
         0.66012E+02          0.79102E+01
         0.65977E+02          0.79201E+01
         0.65942E+02          0.79293E+01
         0.65907E+02          0.79380E+01
         0.65872E+02          0.79461E+01
         0.65837E+02          0.79538E+01
         0.65802E+02          0.79611E+01
         0.65767E+02          0.79681E+01
         0.65732E+02          0.79748E+01
         0.65697E+02          0.79812E+01
         0.65663E+02          0.79874E+01
         0.65628E+02          0.79933E+01
         0.65593E+02          0.79991E+01
         0.65558E+02          0.80047E+01
         0.65524E+02          0.80102E+01
         0.65489E+02          0.80155E+01
         0.65455E+02          0.80207E+01
         0.65420E+02          0.80258E+01
         0.65386E+02          0.80307E+01
         0.65351E+02          0.80356E+01
         0.65317E+02          0.80404E+01
         0.65282E+02          0.80451E+01
         0.65248E+02          0.80497E+01
         0.65214E+02          0.80543E+01
         0.65179E+02          0.80588E+01
         0.65145E+02          0.80632E+01
         0.65111E+02          0.80676E+01
         0.65077E+02          0.80719E+01
         0.65043E+02          0.80762E+01
         0.65008E+02          0.80805E+01
         0.64974E+02          0.80847E+01
         0.64940E+02          0.80888E+01
         0.64906E+02          0.80930E+01
         0.64872E+02          0.80971E+01
         0.64838E+02          0.81012E+01
         0.64805E+02          0.81052E+01
         0.64771E+02          0.81092E+01
         0.64737E+02          0.81132E+01
         0.64703E+02          0.81172E+01
         0.64669E+02          0.81211E+01
         0.64636E+02          0.81251E+01
         0.64602E+02          0.81290E+01
         0.64568E+02          0.81329E+01
         0.64535E+02          0.81368E+01
         0.64501E+02          0.81406E+01
         0.64468E+02          0.81445E+01
         0.64434E+02          0.81483E+01
         0.64401E+02          0.81521E+01
         0.64367E+02          0.81559E+01
         0.64334E+02          0.81597E+01
         0.64300E+02          0.81635E+01
         0.64267E+02          0.81673E+01
         0.64234E+02          0.81711E+01
         0.64201E+02          0.81748E+01
         0.64167E+02          0.81786E+01
         0.64134E+02          0.81823E+01
         0.64101E+02          0.81861E+01
         0.64068E+02          0.81898E+01
         0.64035E+02          0.81935E+01
         0.64002E+02          0.81972E+01
         0.63969E+02          0.82009E+01
         0.63936E+02          0.82046E+01
         0.63903E+02          0.82083E+01
         0.63870E+02          0.82120E+01
         0.63837E+02          0.82157E+01
         0.63804E+02          0.82194E+01
         0.63771E+02          0.82231E+01
         0.63738E+02          0.82267E+01
         0.63706E+02          0.82304E+01
         0.63673E+02          0.82341E+01
         0.63640E+02          0.82377E+01
         0.63608E+02          0.82414E+01
         0.63575E+02          0.82450E+01
         0.63542E+02          0.82487E+01
         0.63510E+02          0.82523E+01
         0.63477E+02          0.82560E+01
         0.63445E+02          0.82596E+01
         0.63412E+02          0.82632E+01
         0.63380E+02          0.82668E+01
         0.63348E+02          0.82704E+01
         0.63315E+02          0.82741E+01
         0.63283E+02          0.82777E+01
         0.63251E+02          0.82813E+01
         0.63218E+02          0.82849E+01
         0.63186E+02          0.82884E+01
         0.63154E+02          0.82920E+01
         0.63122E+02          0.82956E+01
         0.63090E+02          0.82992E+01
         0.63058E+02          0.83027E+01
         0.63026E+02          0.83063E+01
         0.62994E+02          0.83099E+01
         0.62962E+02          0.83134E+01
         0.62930E+02          0.83169E+01
         0.62898E+02          0.83205E+01
         0.62866E+02          0.83240E+01
         0.62834E+02          0.83275E+01
         0.62802E+02          0.83310E+01
         0.62770E+02          0.83345E+01
         0.62739E+02          0.83379E+01
         0.62707E+02          0.83414E+01
         0.62675E+02          0.83448E+01
         0.62644E+02          0.83483E+01
         0.62612E+02          0.83517E+01
         0.62580E+02          0.83551E+01
         0.62549E+02          0.83585E+01
         0.62517E+02          0.83618E+01
         0.62486E+02          0.83652E+01
         0.62454E+02          0.83685E+01
         0.62423E+02          0.83718E+01
         0.62391E+02          0.83751E+01
         0.62360E+02          0.83783E+01
         0.62329E+02          0.83815E+01
         0.62297E+02          0.83847E+01
         0.62266E+02          0.83879E+01
         0.62235E+02          0.83910E+01
         0.62204E+02          0.83941E+01
         0.62172E+02          0.83972E+01
         0.62141E+02          0.84002E+01
         0.62110E+02          0.84032E+01
         0.62079E+02          0.84061E+01
         0.62048E+02          0.84090E+01
         0.62017E+02          0.84118E+01
         0.61986E+02          0.84145E+01
         0.61955E+02          0.84172E+01
         0.61924E+02          0.84198E+01
         0.61893E+02          0.84224E+01
         0.61862E+02          0.84248E+01
         0.61831E+02          0.84272E+01
         0.61800E+02          0.84295E+01
         0.61770E+02          0.84316E+01
         0.61739E+02          0.84337E+01
         0.61708E+02          0.84356E+01
         0.61677E+02          0.84374E+01
         0.61647E+02          0.84390E+01
         0.61616E+02          0.84405E+01
         0.61586E+02          0.84417E+01
         0.61555E+02          0.84428E+01
         0.61524E+02          0.84436E+01
         0.61494E+02          0.84442E+01
         0.61463E+02          0.84445E+01
         0.61433E+02          0.84445E+01
         0.61403E+02          0.84441E+01
         0.61372E+02          0.84433E+01
         0.61342E+02          0.84420E+01
         0.61311E+02          0.84402E+01
         0.61281E+02          0.84377E+01
         0.61251E+02          0.84346E+01
         0.61221E+02          0.84307E+01
         0.61190E+02          0.84257E+01
         0.61160E+02          0.84197E+01
         0.61130E+02          0.84123E+01
         0.61100E+02          0.84032E+01
         0.61070E+02          0.83922E+01
         0.61040E+02          0.83787E+01
         0.61010E+02          0.83623E+01
         0.60980E+02          0.83421E+01
         0.60950E+02          0.83172E+01
         0.60920E+02          0.82863E+01
         0.60890E+02          0.82477E+01
         0.60860E+02          0.81997E+01
         0.60830E+02          0.81409E+01
         0.60800E+02          0.80728E+01
         0.60771E+02          0.80082E+01
         0.60741E+02          0.79916E+01
         0.60711E+02          0.81180E+01
         0.60681E+02          0.84373E+01
         0.60652E+02          0.87796E+01
         0.60622E+02          0.89752E+01
         0.60592E+02          0.90437E+01
         0.60563E+02          0.90513E+01
         0.60533E+02          0.90366E+01
         0.60504E+02          0.90156E+01
         0.60474E+02          0.89946E+01
         0.60445E+02          0.89756E+01
         0.60415E+02          0.89592E+01
         0.60386E+02          0.89452E+01
         0.60356E+02          0.89335E+01
         0.60327E+02          0.89238E+01
         0.60298E+02          0.89157E+01
         0.60268E+02          0.89090E+01
         0.60239E+02          0.89035E+01
         0.60210E+02          0.88991E+01
         0.60181E+02          0.88956E+01
         0.60151E+02          0.88929E+01
         0.60122E+02          0.88908E+01
         0.60093E+02          0.88894E+01
         0.60064E+02          0.88884E+01
         0.60035E+02          0.88879E+01
         0.60006E+02          0.88878E+01
         0.59977E+02          0.88881E+01
         0.59948E+02          0.88887E+01
         0.59919E+02          0.88895E+01
         0.59890E+02          0.88906E+01
         0.59861E+02          0.88920E+01
         0.59832E+02          0.88935E+01
         0.59803E+02          0.88952E+01
         0.59774E+02          0.88971E+01
         0.59746E+02          0.88992E+01
         0.59717E+02          0.89014E+01
         0.59688E+02          0.89037E+01
         0.59659E+02          0.89061E+01
         0.59631E+02          0.89086E+01
         0.59602E+02          0.89112E+01
         0.59573E+02          0.89139E+01
         0.59545E+02          0.89166E+01
         0.59516E+02          0.89194E+01
         0.59488E+02          0.89223E+01
         0.59459E+02          0.89252E+01
         0.59431E+02          0.89281E+01
         0.59402E+02          0.89311E+01
         0.59374E+02          0.89341E+01
         0.59345E+02          0.89371E+01
         0.59317E+02          0.89402E+01
         0.59288E+02          0.89432E+01
         0.59260E+02          0.89462E+01
         0.59232E+02          0.89492E+01
         0.59204E+02          0.89522E+01
         0.59175E+02          0.89552E+01
         0.59147E+02          0.89580E+01
         0.59119E+02          0.89609E+01
         0.59091E+02          0.89636E+01
         0.59063E+02          0.89663E+01
         0.59034E+02          0.89688E+01
         0.59006E+02          0.89713E+01
         0.58978E+02          0.89735E+01
         0.58950E+02          0.89756E+01
         0.58922E+02          0.89774E+01
         0.58894E+02          0.89790E+01
         0.58866E+02          0.89802E+01
         0.58838E+02          0.89810E+01
         0.58810E+02          0.89813E+01
         0.58783E+02          0.89810E+01
         0.58755E+02          0.89799E+01
         0.58727E+02          0.89778E+01
         0.58699E+02          0.89744E+01
         0.58671E+02          0.89693E+01
         0.58643E+02          0.89619E+01
         0.58616E+02          0.89512E+01
         0.58588E+02          0.89357E+01
         0.58560E+02          0.89128E+01
         0.58533E+02          0.88779E+01
         0.58505E+02          0.88215E+01
         0.58478E+02          0.87228E+01
         0.58450E+02          0.85293E+01
         0.58422E+02          0.81341E+01
         0.58395E+02          0.80301E+01
         0.58367E+02          0.89195E+01
         0.58340E+02          0.92002E+01
         0.58313E+02          0.92470E+01
         0.58285E+02          0.92487E+01
         0.58258E+02          0.92413E+01
         0.58230E+02          0.92323E+01
         0.58203E+02          0.92226E+01
         0.58176E+02          0.92115E+01
         0.58148E+02          0.92285E+01
         0.58121E+02          0.93553E+01
         0.58094E+02          0.92871E+01
         0.58067E+02          0.92669E+01
         0.58040E+02          0.92590E+01
         0.58012E+02          0.92557E+01
         0.57985E+02          0.92545E+01
         0.57958E+02          0.92547E+01
         0.57931E+02          0.92557E+01
         0.57904E+02          0.92574E+01
         0.57877E+02          0.92595E+01
         0.57850E+02          0.92620E+01
         0.57823E+02          0.92648E+01
         0.57796E+02          0.92678E+01
         0.57769E+02          0.92710E+01
         0.57742E+02          0.92744E+01
         0.57715E+02          0.92779E+01
         0.57688E+02          0.92816E+01
         0.57662E+02          0.92854E+01
         0.57635E+02          0.92893E+01
         0.57608E+02          0.92933E+01
         0.57581E+02          0.92974E+01
         0.57555E+02          0.93015E+01
         0.57528E+02          0.93057E+01
         0.57501E+02          0.93100E+01
         0.57475E+02          0.93143E+01
         0.57448E+02          0.93186E+01
         0.57421E+02          0.93230E+01
         0.57395E+02          0.93275E+01
         0.57368E+02          0.93320E+01
         0.57342E+02          0.93365E+01
         0.57315E+02          0.93410E+01
         0.57289E+02          0.93456E+01
         0.57262E+02          0.93502E+01
         0.57236E+02          0.93548E+01
         0.57209E+02          0.93595E+01
         0.57183E+02          0.93641E+01
         0.57157E+02          0.93688E+01
         0.57130E+02          0.93735E+01
         0.57104E+02          0.93782E+01
         0.57078E+02          0.93829E+01
         0.57051E+02          0.93876E+01
         0.57025E+02          0.93924E+01
         0.56999E+02          0.93971E+01
         0.56973E+02          0.94019E+01
         0.56947E+02          0.94066E+01
         0.56920E+02          0.94114E+01
         0.56894E+02          0.94162E+01
         0.56868E+02          0.94209E+01
         0.56842E+02          0.94257E+01
         0.56816E+02          0.94304E+01
         0.56790E+02          0.94352E+01
         0.56764E+02          0.94400E+01
         0.56738E+02          0.94447E+01
         0.56712E+02          0.94495E+01
         0.56686E+02          0.94542E+01
         0.56660E+02          0.94590E+01
         0.56634E+02          0.94637E+01
         0.56609E+02          0.94684E+01
         0.56583E+02          0.94732E+01
         0.56557E+02          0.94779E+01
         0.56531E+02          0.94826E+01
         0.56505E+02          0.94873E+01
         0.56480E+02          0.94919E+01
         0.56454E+02          0.94966E+01
         0.56428E+02          0.95013E+01
         0.56403E+02          0.95059E+01
         0.56377E+02          0.95105E+01
         0.56351E+02          0.95151E+01
         0.56326E+02          0.95198E+01
         0.56300E+02          0.95244E+01
         0.56275E+02          0.95290E+01
         0.56249E+02          0.95335E+01
         0.56223E+02          0.95381E+01
         0.56198E+02          0.95427E+01
         0.56173E+02          0.95473E+01
         0.56147E+02          0.95520E+01
         0.56122E+02          0.95566E+01
         0.56096E+02          0.95614E+01
         0.56071E+02          0.95661E+01
         0.56046E+02          0.95710E+01
         0.56020E+02          0.95760E+01
         0.55995E+02          0.95812E+01
         0.55970E+02          0.95866E+01
         0.55944E+02          0.95924E+01
         0.55919E+02          0.95986E+01
         0.55894E+02          0.96054E+01
         0.55869E+02          0.96131E+01
         0.55844E+02          0.96221E+01
         0.55818E+02          0.96330E+01
         0.55793E+02          0.96469E+01
         0.55768E+02          0.96657E+01
         0.55743E+02          0.96934E+01
         0.55718E+02          0.97411E+01
         0.55693E+02          0.98534E+01
         0.55668E+02          0.96679E+01
         0.55643E+02          0.95910E+01
         0.55618E+02          0.97222E+01
         0.55593E+02          0.98595E+01
         0.55568E+02          0.10056E+02
         0.55543E+02          0.10347E+02
         0.55519E+02          0.10693E+02
         0.55494E+02          0.10881E+02
         0.55469E+02          0.10754E+02
         0.55444E+02          0.10481E+02
         0.55419E+02          0.10232E+02
         0.55395E+02          0.10043E+02
         0.55370E+02          0.98972E+01
         0.55345E+02          0.97722E+01
         0.55320E+02          0.96434E+01
         0.55296E+02          0.94740E+01
         0.55271E+02          0.91723E+01
         0.55246E+02          0.85154E+01
         0.55222E+02          0.10677E+02
         0.55197E+02          0.10582E+02
         0.55173E+02          0.10338E+02
         0.55148E+02          0.10207E+02
         0.55124E+02          0.10129E+02
         0.55099E+02          0.10078E+02
         0.55075E+02          0.10041E+02
         0.55050E+02          0.10013E+02
         0.55026E+02          0.99919E+01
         0.55001E+02          0.99745E+01
         0.54977E+02          0.99594E+01
         0.54953E+02          0.99450E+01
         0.54928E+02          0.99287E+01
         0.54904E+02          0.99045E+01
         0.54880E+02          0.98537E+01
         0.54855E+02          0.96809E+01
         0.54831E+02          0.88439E+01
         0.54807E+02          0.10126E+02
         0.54783E+02          0.10168E+02
         0.54758E+02          0.10148E+02
         0.54734E+02          0.10659E+02
         0.54710E+02          0.10496E+02
         0.54686E+02          0.10519E+02
         0.54662E+02          0.10561E+02
         0.54638E+02          0.10590E+02
         0.54614E+02          0.10597E+02
         0.54590E+02          0.10584E+02
         0.54566E+02          0.10557E+02
         0.54542E+02          0.10523E+02
         0.54518E+02          0.10487E+02
         0.54494E+02          0.10452E+02
         0.54470E+02          0.10421E+02
         0.54446E+02          0.10393E+02
         0.54422E+02          0.10369E+02
         0.54398E+02          0.10348E+02
         0.54374E+02          0.10330E+02
         0.54350E+02          0.10315E+02
         0.54327E+02          0.10302E+02
         0.54303E+02          0.10291E+02
         0.54279E+02          0.10281E+02
         0.54255E+02          0.10273E+02
         0.54231E+02          0.10266E+02
         0.54208E+02          0.10260E+02
         0.54184E+02          0.10255E+02
         0.54160E+02          0.10250E+02
         0.54137E+02          0.10247E+02
         0.54113E+02          0.10244E+02
         0.54090E+02          0.10241E+02
         0.54066E+02          0.10240E+02
         0.54042E+02          0.10239E+02
         0.54019E+02          0.10239E+02
         0.53995E+02          0.10242E+02
         0.53972E+02          0.10250E+02
         0.53948E+02          0.10278E+02
         0.53925E+02          0.10464E+02
         0.53901E+02          0.10074E+02
         0.53878E+02          0.10072E+02
         0.53855E+02          0.10105E+02
         0.53831E+02          0.10097E+02
         0.53808E+02          0.10071E+02
         0.53785E+02          0.10021E+02
         0.53761E+02          0.99188E+01
         0.53738E+02          0.96259E+01
         0.53715E+02          0.93786E+01
         0.53691E+02          0.10721E+02
         0.53668E+02          0.10472E+02
         0.53645E+02          0.10741E+02
         0.53622E+02          0.10499E+02
         0.53598E+02          0.10695E+02
         0.53575E+02          0.10541E+02
         0.53552E+02          0.10606E+02
         0.53529E+02          0.10512E+02
         0.53506E+02          0.10479E+02
         0.53483E+02          0.10459E+02
         0.53460E+02          0.10445E+02
         0.53437E+02          0.10435E+02
         0.53414E+02          0.10428E+02
         0.53391E+02          0.10422E+02
         0.53368E+02          0.10417E+02
         0.53345E+02          0.10413E+02
         0.53322E+02          0.10409E+02
         0.53299E+02          0.10406E+02
         0.53276E+02          0.10403E+02
         0.53253E+02          0.10400E+02
         0.53230E+02          0.10398E+02
         0.53207E+02          0.10397E+02
         0.53185E+02          0.10541E+02
         0.53162E+02          0.10414E+02
         0.53139E+02          0.10147E+02
         0.53116E+02          0.10250E+02
         0.53094E+02          0.10200E+02
         0.53071E+02          0.10015E+02
         0.53048E+02          0.98777E+01
         0.53025E+02          0.13437E+02
         0.53003E+02          0.11162E+02
         0.52980E+02          0.10687E+02
         0.52957E+02          0.10597E+02
         0.52935E+02          0.10550E+02
         0.52912E+02          0.10515E+02
         0.52890E+02          0.10482E+02
         0.52867E+02          0.10441E+02
         0.52845E+02          0.10373E+02
         0.52822E+02          0.10158E+02
         0.52800E+02          0.97328E+01
         0.52777E+02          0.10633E+02
         0.52755E+02          0.97306E+01
         0.52732E+02          0.10282E+02
         0.52710E+02          0.10595E+02
         0.52687E+02          0.10066E+02
         0.52665E+02          0.10889E+02
         0.52643E+02          0.10745E+02
         0.52620E+02          0.10707E+02
         0.52598E+02          0.10689E+02
         0.52576E+02          0.10681E+02
         0.52553E+02          0.10668E+02
         0.52531E+02          0.10388E+02
         0.52509E+02          0.10816E+02
         0.52487E+02          0.10796E+02
         0.52464E+02          0.13442E+02
         0.52442E+02          0.14019E+02
         0.52420E+02          0.94441E+01
         0.52398E+02          0.10057E+02
         0.52376E+02          0.99391E+01
         0.52354E+02          0.90590E+01
         0.52332E+02          0.85820E+01
         0.52310E+02          0.10324E+02
         0.52287E+02          0.10899E+02
         0.52265E+02          0.10813E+02
         0.52243E+02          0.10825E+02
         0.52221E+02          0.10879E+02
         0.52199E+02          0.10457E+02
         0.52177E+02          0.10538E+02
         0.52155E+02          0.10819E+02
         0.52134E+02          0.10901E+02
         0.52112E+02          0.11056E+02
         0.52090E+02          0.10816E+02
         0.52068E+02          0.10907E+02
         0.52046E+02          0.11446E+02
         0.52024E+02          0.10427E+02
         0.52002E+02          0.11554E+02
         0.51981E+02          0.10812E+02
         0.51959E+02          0.10795E+02
         0.51937E+02          0.10810E+02
         0.51915E+02          0.10667E+02
         0.51894E+02          0.10750E+02
         0.51872E+02          0.10761E+02
         0.51850E+02          0.10766E+02
         0.51828E+02          0.10771E+02
         0.51807E+02          0.10777E+02
         0.51785E+02          0.10782E+02
         0.51764E+02          0.10787E+02
         0.51742E+02          0.10793E+02
         0.51720E+02          0.10799E+02
         0.51699E+02          0.10804E+02
         0.51677E+02          0.10810E+02
         0.51656E+02          0.10816E+02
         0.51634E+02          0.10821E+02
         0.51613E+02          0.10827E+02
         0.51591E+02          0.10832E+02
         0.51570E+02          0.10833E+02
         0.51548E+02          0.10855E+02
         0.51527E+02          0.10856E+02
         0.51505E+02          0.10861E+02
         0.51484E+02          0.10866E+02
         0.51463E+02          0.10872E+02
         0.51441E+02          0.10878E+02
         0.51420E+02          0.10884E+02
         0.51399E+02          0.10888E+02
         0.51377E+02          0.10874E+02
         0.51356E+02          0.10916E+02
         0.51335E+02          0.10920E+02
         0.51314E+02          0.10927E+02
         0.51292E+02          0.10934E+02
         0.51271E+02          0.10942E+02
         0.51250E+02          0.10951E+02
         0.51229E+02          0.10960E+02
         0.51208E+02          0.10970E+02
         0.51187E+02          0.10982E+02
         0.51165E+02          0.10995E+02
         0.51144E+02          0.11010E+02
         0.51123E+02          0.11029E+02
         0.51102E+02          0.11054E+02
         0.51081E+02          0.11090E+02
         0.51060E+02          0.11153E+02
         0.51039E+02          0.11296E+02
         0.51018E+02          0.12055E+02
         0.50997E+02          0.10233E+02
         0.50976E+02          0.10669E+02
         0.50955E+02          0.10733E+02
         0.50934E+02          0.10430E+02
         0.50913E+02          0.11061E+02
         0.50892E+02          0.10604E+02
         0.50871E+02          0.11008E+02
         0.50851E+02          0.11073E+02
         0.50830E+02          0.11197E+02
         0.50809E+02          0.12129E+02
         0.50788E+02          0.10570E+02
         0.50767E+02          0.10792E+02
         0.50747E+02          0.10841E+02
         0.50726E+02          0.10880E+02
         0.50705E+02          0.10897E+02
         0.50684E+02          0.10902E+02
         0.50664E+02          0.10897E+02
         0.50643E+02          0.10873E+02
         0.50622E+02          0.10810E+02
         0.50602E+02          0.10646E+02
         0.50581E+02          0.10945E+02
         0.50560E+02          0.10994E+02
         0.50540E+02          0.11126E+02
         0.50519E+02          0.11116E+02
         0.50499E+02          0.11109E+02
         0.50478E+02          0.11104E+02
         0.50457E+02          0.11095E+02
         0.50437E+02          0.10975E+02
         0.50416E+02          0.11232E+02
         0.50396E+02          0.11278E+02
         0.50375E+02          0.11822E+02
         0.50355E+02          0.11268E+02
         0.50335E+02          0.10507E+02
         0.50314E+02          0.10393E+02
         0.50294E+02          0.10993E+02
         0.50273E+02          0.10977E+02
         0.50253E+02          0.10917E+02
         0.50233E+02          0.10789E+02
         0.50212E+02          0.10769E+02
         0.50192E+02          0.10397E+02
         0.50172E+02          0.91170E+01
         0.50151E+02          0.11995E+02
         0.50131E+02          0.11914E+02
         0.50111E+02          0.11589E+02
         0.50090E+02          0.11984E+02
         0.50070E+02          0.11612E+02
         0.50050E+02          0.11639E+02
         0.50030E+02          0.12352E+02
         0.50010E+02          0.10145E+02
         0.49990E+02          0.11250E+02
         0.49969E+02          0.11063E+02
         0.49949E+02          0.11341E+02
         0.49929E+02          0.11364E+02
         0.49909E+02          0.11355E+02
         0.49889E+02          0.11408E+02
         0.49869E+02          0.11108E+02
         0.49849E+02          0.11109E+02
         0.49829E+02          0.11462E+02
         0.49809E+02          0.11333E+02
         0.49789E+02          0.11464E+02
         0.49769E+02          0.11422E+02
         0.49749E+02          0.11361E+02
         0.49729E+02          0.11424E+02
         0.49709E+02          0.11682E+02
         0.49689E+02          0.11560E+02
         0.49669E+02          0.11491E+02
         0.49649E+02          0.11556E+02
         0.49629E+02          0.11563E+02
         0.49609E+02          0.11567E+02
         0.49590E+02          0.11602E+02
         0.49570E+02          0.11460E+02
         0.49550E+02          0.11558E+02
         0.49530E+02          0.11625E+02
         0.49510E+02          0.11490E+02
         0.49491E+02          0.11673E+02
         0.49471E+02          0.11231E+02
         0.49451E+02          0.11237E+02
         0.49431E+02          0.11337E+02
         0.49412E+02          0.11639E+02
         0.49392E+02          0.11534E+02
         0.49372E+02          0.11636E+02
         0.49353E+02          0.11442E+02
         0.49333E+02          0.11395E+02
         0.49313E+02          0.11676E+02
         0.49294E+02          0.94753E+01
         0.49274E+02          0.11126E+02
         0.49255E+02          0.11357E+02
         0.49235E+02          0.11450E+02
         0.49216E+02          0.11477E+02
         0.49196E+02          0.11483E+02
         0.49177E+02          0.11493E+02
         0.49157E+02          0.11490E+02
         0.49138E+02          0.11493E+02
         0.49118E+02          0.11495E+02
         0.49099E+02          0.11498E+02
         0.49079E+02          0.11501E+02
         0.49060E+02          0.11503E+02
         0.49040E+02          0.11505E+02
         0.49021E+02          0.11507E+02
         0.49002E+02          0.11508E+02
         0.48982E+02          0.11507E+02
         0.48963E+02          0.11503E+02
         0.48944E+02          0.11490E+02
         0.48924E+02          0.11427E+02
         0.48905E+02          0.11468E+02
         0.48886E+02          0.11003E+02
         0.48866E+02          0.11177E+02
         0.48847E+02          0.11536E+02
         0.48828E+02          0.11535E+02
         0.48809E+02          0.11536E+02
         0.48790E+02          0.11587E+02
         0.48770E+02          0.11590E+02
         0.48751E+02          0.11592E+02
         0.48732E+02          0.11595E+02
         0.48713E+02          0.11599E+02
         0.48694E+02          0.11603E+02
         0.48675E+02          0.11607E+02
         0.48656E+02          0.11612E+02
         0.48636E+02          0.11618E+02
         0.48617E+02          0.11626E+02
         0.48598E+02          0.11604E+02
         0.48579E+02          0.11666E+02
         0.48560E+02          0.11824E+02
         0.48541E+02          0.11463E+02
         0.48522E+02          0.11413E+02
         0.48503E+02          0.11582E+02
         0.48484E+02          0.11576E+02
         0.48465E+02          0.11538E+02
         0.48446E+02          0.11507E+02
         0.48427E+02          0.11838E+02
         0.48409E+02          0.11737E+02
         0.48390E+02          0.11730E+02
         0.48371E+02          0.11808E+02
         0.48352E+02          0.11566E+02
         0.48333E+02          0.11656E+02
         0.48314E+02          0.11667E+02
         0.48295E+02          0.11675E+02
         0.48277E+02          0.11685E+02
         0.48258E+02          0.11705E+02
         0.48239E+02          0.10494E+02
         0.48220E+02          0.11625E+02
         0.48202E+02          0.11571E+02
         0.48183E+02          0.11980E+02
         0.48164E+02          0.11807E+02
         0.48145E+02          0.11683E+02
         0.48127E+02          0.11679E+02
         0.48108E+02          0.11743E+02
         0.48089E+02          0.11629E+02
         0.48071E+02          0.11707E+02
         0.48052E+02          0.12212E+02
         0.48033E+02          0.11544E+02
         0.48015E+02          0.11682E+02
         0.47996E+02          0.11784E+02
         0.47978E+02          0.11748E+02
         0.47959E+02          0.11742E+02
         0.47941E+02          0.11451E+02
         0.47922E+02          0.11862E+02
         0.47904E+02          0.11748E+02
         0.47885E+02          0.11635E+02
         0.47867E+02          0.11518E+02
         0.47848E+02          0.11603E+02
         0.47830E+02          0.11727E+02
         0.47811E+02          0.11659E+02
         0.47793E+02          0.11748E+02
         0.47774E+02          0.11694E+02
         0.47756E+02          0.11741E+02
         0.47738E+02          0.11573E+02
         0.47719E+02          0.11688E+02
         0.47701E+02          0.11694E+02
         0.47682E+02          0.11633E+02
         0.47664E+02          0.11696E+02
         0.47646E+02          0.11658E+02
         0.47628E+02          0.11577E+02
         0.47609E+02          0.11553E+02
         0.47591E+02          0.11616E+02
         0.47573E+02          0.11221E+02
         0.47554E+02          0.10833E+02
         0.47536E+02          0.11972E+02
         0.47518E+02          0.12054E+02
         0.47500E+02          0.12007E+02
         0.47482E+02          0.11971E+02
         0.47463E+02          0.11953E+02
         0.47445E+02          0.11936E+02
         0.47427E+02          0.11923E+02
         0.47409E+02          0.11915E+02
         0.47391E+02          0.11908E+02
         0.47373E+02          0.11904E+02
         0.47355E+02          0.11901E+02
         0.47337E+02          0.11898E+02
         0.47319E+02          0.11877E+02
         0.47300E+02          0.11887E+02
         0.47282E+02          0.11893E+02
         0.47264E+02          0.11895E+02
         0.47246E+02          0.11895E+02
         0.47228E+02          0.11896E+02
         0.47210E+02          0.11898E+02
         0.47192E+02          0.11899E+02
         0.47174E+02          0.11900E+02
         0.47157E+02          0.11902E+02
         0.47139E+02          0.11882E+02
         0.47121E+02          0.11901E+02
         0.47103E+02          0.11904E+02
         0.47085E+02          0.11906E+02
         0.47067E+02          0.11908E+02
         0.47049E+02          0.11911E+02
         0.47031E+02          0.11871E+02
         0.47013E+02          0.11910E+02
         0.46996E+02          0.11913E+02
         0.46978E+02          0.11916E+02
         0.46960E+02          0.11919E+02
         0.46942E+02          0.11916E+02
         0.46925E+02          0.11922E+02
         0.46907E+02          0.11855E+02
         0.46889E+02          0.11913E+02
         0.46871E+02          0.11916E+02
         0.46854E+02          0.11914E+02
         0.46836E+02          0.11915E+02
         0.46818E+02          0.11913E+02
         0.46801E+02          0.11909E+02
         0.46783E+02          0.11904E+02
         0.46765E+02          0.11897E+02
         0.46748E+02          0.11885E+02
         0.46730E+02          0.11865E+02
         0.46712E+02          0.11830E+02
         0.46695E+02          0.11742E+02
         0.46677E+02          0.11753E+02
         0.46660E+02          0.12055E+02
         0.46642E+02          0.12177E+02
         0.46625E+02          0.12109E+02
         0.46607E+02          0.12075E+02
         0.46590E+02          0.12057E+02
         0.46572E+02          0.12045E+02
         0.46555E+02          0.12038E+02
         0.46537E+02          0.12033E+02
         0.46520E+02          0.12029E+02
         0.46502E+02          0.12027E+02
         0.46485E+02          0.12025E+02
         0.46467E+02          0.12023E+02
         0.46450E+02          0.12022E+02
         0.46432E+02          0.12021E+02
         0.46415E+02          0.12020E+02
         0.46398E+02          0.12019E+02
         0.46380E+02          0.12013E+02
         0.46363E+02          0.12006E+02
         0.46346E+02          0.12007E+02
         0.46328E+02          0.12002E+02
         0.46311E+02          0.11993E+02
         0.46294E+02          0.11977E+02
         0.46276E+02          0.11942E+02
         0.46259E+02          0.11822E+02
         0.46242E+02          0.11925E+02
         0.46225E+02          0.12193E+02
         0.46208E+02          0.12130E+02
         0.46190E+02          0.12106E+02
         0.46173E+02          0.12093E+02
         0.46156E+02          0.12084E+02
         0.46139E+02          0.12079E+02
         0.46122E+02          0.12074E+02
         0.46104E+02          0.12069E+02
         0.46087E+02          0.12053E+02
         0.46070E+02          0.12052E+02
         0.46053E+02          0.12040E+02
         0.46036E+02          0.12010E+02
         0.46019E+02          0.11867E+02
         0.46002E+02          0.12290E+02
         0.45985E+02          0.12154E+02
         0.45968E+02          0.12125E+02
         0.45951E+02          0.12111E+02
         0.45934E+02          0.12101E+02
         0.45917E+02          0.12077E+02
         0.45900E+02          0.12073E+02
         0.45883E+02          0.12035E+02
         0.45866E+02          0.11345E+02
         0.45849E+02          0.12171E+02
         0.45832E+02          0.12134E+02
         0.45815E+02          0.12117E+02
         0.45798E+02          0.12094E+02
         0.45781E+02          0.12041E+02
         0.45764E+02          0.12232E+02
         0.45747E+02          0.12145E+02
         0.45730E+02          0.12121E+02
         0.45713E+02          0.12065E+02
         0.45697E+02          0.12194E+02
         0.45680E+02          0.12136E+02
         0.45663E+02          0.12067E+02
         0.45646E+02          0.12166E+02
         0.45629E+02          0.12106E+02
         0.45613E+02          0.12167E+02
         0.45596E+02          0.12002E+02
         0.45579E+02          0.12124E+02
         0.45562E+02          0.12140E+02
         0.45546E+02          0.12125E+02
         0.45529E+02          0.12217E+02
         0.45512E+02          0.12243E+02
         0.45495E+02          0.11739E+02
         0.45479E+02          0.12175E+02
         0.45462E+02          0.12165E+02
         0.45445E+02          0.12137E+02
         0.45429E+02          0.12139E+02
         0.45412E+02          0.12141E+02
         0.45395E+02          0.12143E+02
         0.45379E+02          0.12145E+02
         0.45362E+02          0.12147E+02
         0.45346E+02          0.12149E+02
         0.45329E+02          0.12151E+02
         0.45312E+02          0.12153E+02
         0.45296E+02          0.12155E+02
         0.45279E+02          0.12157E+02
         0.45263E+02          0.12158E+02
         0.45246E+02          0.12160E+02
         0.45230E+02          0.12162E+02
         0.45213E+02          0.12164E+02
         0.45197E+02          0.12166E+02
         0.45180E+02          0.12167E+02
         0.45164E+02          0.12169E+02
         0.45147E+02          0.12171E+02
         0.45131E+02          0.12173E+02
         0.45115E+02          0.12174E+02
         0.45098E+02          0.12176E+02
         0.45082E+02          0.12178E+02
         0.45065E+02          0.12179E+02
         0.45049E+02          0.12181E+02
         0.45033E+02          0.12182E+02
         0.45016E+02          0.12184E+02
         0.45000E+02          0.12186E+02
         0.44984E+02          0.12187E+02
         0.44967E+02          0.12189E+02
         0.44951E+02          0.12190E+02
         0.44935E+02          0.12192E+02
         0.44918E+02          0.12193E+02
         0.44902E+02          0.12195E+02
         0.44886E+02          0.12196E+02
         0.44870E+02          0.12197E+02
         0.44853E+02          0.12199E+02
         0.44837E+02          0.12200E+02
         0.44821E+02          0.12202E+02
         0.44805E+02          0.12203E+02
         0.44789E+02          0.12204E+02
         0.44772E+02          0.12206E+02
         0.44756E+02          0.12207E+02
         0.44740E+02          0.12208E+02
         0.44724E+02          0.12210E+02
         0.44708E+02          0.12211E+02
         0.44692E+02          0.12212E+02
         0.44676E+02          0.12213E+02
         0.44660E+02          0.12215E+02
         0.44644E+02          0.12216E+02
         0.44627E+02          0.12217E+02
         0.44611E+02          0.12218E+02
         0.44595E+02          0.12219E+02
         0.44579E+02          0.12220E+02
         0.44563E+02          0.12221E+02
         0.44547E+02          0.12222E+02
         0.44531E+02          0.12223E+02
         0.44515E+02          0.12223E+02
         0.44499E+02          0.12223E+02
         0.44483E+02          0.12222E+02
         0.44467E+02          0.12217E+02
         0.44451E+02          0.12197E+02
         0.44436E+02          0.12157E+02
         0.44420E+02          0.12044E+02
         0.44404E+02          0.10976E+02
         0.44388E+02          0.11873E+02
         0.44372E+02          0.12130E+02
         0.44356E+02          0.12184E+02
         0.44340E+02          0.12203E+02
         0.44324E+02          0.12213E+02
         0.44308E+02          0.12219E+02
         0.44293E+02          0.12223E+02
         0.44277E+02          0.12226E+02
         0.44261E+02          0.12229E+02
         0.44245E+02          0.12231E+02
         0.44229E+02          0.12232E+02
         0.44214E+02          0.12234E+02
         0.44198E+02          0.12235E+02
         0.44182E+02          0.12236E+02
         0.44166E+02          0.12237E+02
         0.44151E+02          0.12238E+02
         0.44135E+02          0.12239E+02
         0.44119E+02          0.12240E+02
         0.44104E+02          0.12241E+02
         0.44088E+02          0.12241E+02
         0.44072E+02          0.12242E+02
         0.44057E+02          0.12243E+02
         0.44041E+02          0.12244E+02
         0.44025E+02          0.12244E+02
         0.44010E+02          0.12245E+02
         0.43994E+02          0.12245E+02
         0.43978E+02          0.12246E+02
         0.43963E+02          0.12246E+02
         0.43947E+02          0.12247E+02
         0.43932E+02          0.12247E+02
         0.43916E+02          0.12248E+02
         0.43901E+02          0.12248E+02
         0.43885E+02          0.12249E+02
         0.43869E+02          0.12249E+02
         0.43854E+02          0.12250E+02
         0.43838E+02          0.12250E+02
         0.43823E+02          0.12250E+02
         0.43807E+02          0.12251E+02
         0.43792E+02          0.12251E+02
         0.43777E+02          0.12251E+02
         0.43761E+02          0.12251E+02
         0.43746E+02          0.12252E+02
         0.43730E+02          0.12252E+02
         0.43715E+02          0.12252E+02
         0.43699E+02          0.12252E+02
         0.43684E+02          0.12252E+02
         0.43669E+02          0.12253E+02
         0.43653E+02          0.12253E+02
         0.43638E+02          0.12253E+02
         0.43623E+02          0.12253E+02
         0.43607E+02          0.12253E+02
         0.43592E+02          0.12253E+02
         0.43577E+02          0.12253E+02
         0.43561E+02          0.12253E+02
         0.43546E+02          0.12253E+02
         0.43531E+02          0.12253E+02
         0.43515E+02          0.12253E+02
         0.43500E+02          0.12253E+02
         0.43485E+02          0.12253E+02
         0.43470E+02          0.12253E+02
         0.43454E+02          0.12253E+02
         0.43439E+02          0.12253E+02
         0.43424E+02          0.12253E+02
         0.43409E+02          0.12253E+02
         0.43394E+02          0.12252E+02
         0.43378E+02          0.12252E+02
         0.43363E+02          0.12252E+02
         0.43348E+02          0.12252E+02
         0.43333E+02          0.12252E+02
         0.43318E+02          0.12251E+02
         0.43303E+02          0.12251E+02
         0.43287E+02          0.12251E+02
         0.43272E+02          0.12250E+02
         0.43257E+02          0.12250E+02
         0.43242E+02          0.12250E+02
         0.43227E+02          0.12249E+02
         0.43212E+02          0.12249E+02
         0.43197E+02          0.12249E+02
         0.43182E+02          0.12248E+02
         0.43167E+02          0.12248E+02
         0.43152E+02          0.12247E+02
         0.43137E+02          0.12247E+02
         0.43122E+02          0.12246E+02
         0.43107E+02          0.12246E+02
         0.43092E+02          0.12245E+02
         0.43077E+02          0.12245E+02
         0.43062E+02          0.12244E+02
         0.43047E+02          0.12244E+02
         0.43032E+02          0.12243E+02
         0.43017E+02          0.12242E+02
         0.43002E+02          0.12242E+02
         0.42987E+02          0.12241E+02
         0.42972E+02          0.12240E+02
         0.42958E+02          0.12239E+02
         0.42943E+02          0.12239E+02
         0.42928E+02          0.12238E+02
         0.42913E+02          0.12237E+02
         0.42898E+02          0.12236E+02
         0.42883E+02          0.12235E+02
         0.42868E+02          0.12235E+02
         0.42854E+02          0.12234E+02
         0.42839E+02          0.12233E+02
         0.42824E+02          0.12232E+02
         0.42809E+02          0.12231E+02
         0.42794E+02          0.12230E+02
         0.42780E+02          0.12229E+02
         0.42765E+02          0.12228E+02
         0.42750E+02          0.12227E+02
         0.42735E+02          0.12226E+02
         0.42721E+02          0.12224E+02
         0.42706E+02          0.12223E+02
         0.42691E+02          0.12222E+02
         0.42677E+02          0.12221E+02
         0.42662E+02          0.12220E+02
         0.42647E+02          0.12218E+02
         0.42633E+02          0.12217E+02
         0.42618E+02          0.12216E+02
         0.42603E+02          0.12214E+02
         0.42589E+02          0.12213E+02
         0.42574E+02          0.12211E+02
         0.42559E+02          0.12210E+02
         0.42545E+02          0.12208E+02
         0.42530E+02          0.12207E+02
         0.42516E+02          0.12205E+02
         0.42501E+02          0.12203E+02
         0.42486E+02          0.12201E+02
         0.42472E+02          0.12199E+02
         0.42457E+02          0.12197E+02
         0.42443E+02          0.12197E+02
         0.42428E+02          0.12195E+02
         0.42414E+02          0.12191E+02
         0.42399E+02          0.12187E+02
         0.42385E+02          0.12176E+02
         0.42370E+02          0.12083E+02
         0.42356E+02          0.12072E+02
         0.42341E+02          0.12172E+02
         0.42327E+02          0.12178E+02
         0.42312E+02          0.12178E+02
         0.42298E+02          0.12177E+02
         0.42284E+02          0.12175E+02
         0.42269E+02          0.12173E+02
         0.42255E+02          0.12171E+02
         0.42240E+02          0.12169E+02
         0.42226E+02          0.12166E+02
         0.42212E+02          0.12163E+02
         0.42197E+02          0.12158E+02
         0.42183E+02          0.12153E+02
         0.42169E+02          0.12148E+02
         0.42154E+02          0.12144E+02
         0.42140E+02          0.12141E+02
         0.42126E+02          0.12138E+02
         0.42111E+02          0.12134E+02
         0.42097E+02          0.12131E+02
         0.42083E+02          0.12128E+02
         0.42068E+02          0.12124E+02
         0.42054E+02          0.12121E+02
         0.42040E+02          0.12117E+02
         0.42026E+02          0.12113E+02
         0.42011E+02          0.12109E+02
         0.41997E+02          0.12105E+02
         0.41983E+02          0.12100E+02
         0.41969E+02          0.12096E+02
         0.41955E+02          0.12091E+02
         0.41940E+02          0.12086E+02
         0.41926E+02          0.12081E+02
         0.41912E+02          0.12076E+02
         0.41898E+02          0.12070E+02
         0.41884E+02          0.12064E+02
         0.41869E+02          0.12058E+02
         0.41855E+02          0.12050E+02
         0.41841E+02          0.12049E+02
         0.41827E+02          0.12040E+02
         0.41813E+02          0.12033E+02
         0.41799E+02          0.12026E+02
         0.41785E+02          0.12018E+02
         0.41771E+02          0.12010E+02
         0.41757E+02          0.12001E+02
         0.41743E+02          0.11992E+02
         0.41729E+02          0.11983E+02
         0.41715E+02          0.11973E+02
         0.41701E+02          0.11962E+02
         0.41686E+02          0.11949E+02
         0.41672E+02          0.11922E+02
         0.41658E+02          0.11865E+02
         0.41644E+02          0.11909E+02
         0.41630E+02          0.11905E+02
         0.41617E+02          0.11891E+02
         0.41603E+02          0.11875E+02
         0.41589E+02          0.11860E+02
         0.41575E+02          0.11845E+02
         0.41561E+02          0.11832E+02
         0.41547E+02          0.11824E+02
         0.41533E+02          0.11829E+02
         0.41519E+02          0.11846E+02
         0.41505E+02          0.11861E+02
         0.41491E+02          0.11855E+02
         0.41477E+02          0.11832E+02
         0.41463E+02          0.11801E+02
         0.41450E+02          0.11767E+02
         0.41436E+02          0.11733E+02
         0.41422E+02          0.11696E+02
         0.41408E+02          0.11665E+02
         0.41394E+02          0.11627E+02
         0.41380E+02          0.11586E+02
         0.41367E+02          0.11541E+02
         0.41353E+02          0.11492E+02
         0.41339E+02          0.11437E+02
         0.41325E+02          0.11368E+02
         0.41311E+02          0.11336E+02
         0.41298E+02          0.11265E+02
         0.41284E+02          0.11188E+02
         0.41270E+02          0.11106E+02
         0.41256E+02          0.11016E+02
         0.41243E+02          0.10917E+02
         0.41229E+02          0.10809E+02
         0.41215E+02          0.10692E+02
         0.41202E+02          0.10565E+02
         0.41188E+02          0.10421E+02
         0.41174E+02          0.10295E+02
         0.41161E+02          0.10157E+02
         0.41147E+02          0.10028E+02
         0.41133E+02          0.98925E+01
         0.41120E+02          0.98885E+01
         0.41106E+02          0.98573E+01
         0.41092E+02          0.98951E+01
         0.41079E+02          0.99975E+01
         0.41065E+02          0.10157E+02
         0.41052E+02          0.10335E+02
         0.41038E+02          0.10580E+02
         0.41024E+02          0.10801E+02
         0.41011E+02          0.11106E+02
         0.40997E+02          0.11244E+02
         0.40984E+02          0.11414E+02
         0.40970E+02          0.11561E+02
         0.40957E+02          0.11684E+02
         0.40943E+02          0.11776E+02
         0.40930E+02          0.11894E+02
         0.40916E+02          0.11954E+02
         0.40903E+02          0.12001E+02
         0.40889E+02          0.12041E+02
         0.40876E+02          0.12101E+02
         0.40862E+02          0.12123E+02
         0.40849E+02          0.12128E+02
         0.40835E+02          0.12169E+02
         0.40822E+02          0.12171E+02
         0.40808E+02          0.12193E+02
         0.40795E+02          0.12272E+02
         0.40782E+02          0.12195E+02
         0.40768E+02          0.12201E+02
         0.40755E+02          0.12192E+02
         0.40741E+02          0.12207E+02
         0.40728E+02          0.12204E+02
         0.40715E+02          0.12199E+02
         0.40701E+02          0.12196E+02
         0.40688E+02          0.12188E+02
         0.40674E+02          0.12154E+02
         0.40661E+02          0.12146E+02
         0.40648E+02          0.12136E+02
         0.40634E+02          0.12126E+02
         0.40621E+02          0.12115E+02
         0.40608E+02          0.12103E+02
         0.40595E+02          0.12090E+02
         0.40581E+02          0.12077E+02
         0.40568E+02          0.12063E+02
         0.40555E+02          0.12048E+02
         0.40541E+02          0.12032E+02
         0.40528E+02          0.12015E+02
         0.40515E+02          0.11997E+02
         0.40502E+02          0.11978E+02
         0.40489E+02          0.11958E+02
         0.40475E+02          0.11935E+02
         0.40462E+02          0.11910E+02
         0.40449E+02          0.11884E+02
         0.40436E+02          0.11858E+02
         0.40423E+02          0.11831E+02
         0.40409E+02          0.11802E+02
         0.40396E+02          0.11771E+02
         0.40383E+02          0.11737E+02
         0.40370E+02          0.11702E+02
         0.40357E+02          0.11664E+02
         0.40344E+02          0.11623E+02
         0.40330E+02          0.11579E+02
         0.40317E+02          0.11531E+02
         0.40304E+02          0.11480E+02
         0.40291E+02          0.11424E+02
         0.40278E+02          0.11364E+02
         0.40265E+02          0.11299E+02
         0.40252E+02          0.11228E+02
         0.40239E+02          0.11150E+02
         0.40226E+02          0.11065E+02
         0.40213E+02          0.10973E+02
         0.40200E+02          0.10871E+02
         0.40187E+02          0.10761E+02
         0.40174E+02          0.10640E+02
         0.40161E+02          0.10508E+02
         0.40148E+02          0.10365E+02
         0.40135E+02          0.10210E+02
         0.40122E+02          0.10046E+02
         0.40109E+02          0.98722E+01
         0.40096E+02          0.96934E+01
         0.40083E+02          0.95148E+01
         0.40070E+02          0.93445E+01
         0.40057E+02          0.91934E+01
         0.40044E+02          0.90753E+01
         0.40031E+02          0.90049E+01
         0.40018E+02          0.89964E+01
         0.40005E+02          0.90593E+01
         0.39992E+02          0.91963E+01
         0.39979E+02          0.94006E+01
         0.39966E+02          0.96579E+01
         0.39954E+02          0.99487E+01
         0.39941E+02          0.10253E+02
         0.39928E+02          0.10553E+02
         0.39915E+02          0.10836E+02
         0.39902E+02          0.11095E+02
         0.39889E+02          0.11325E+02
         0.39876E+02          0.11526E+02
         0.39864E+02          0.11699E+02
         0.39851E+02          0.11846E+02
         0.39838E+02          0.11968E+02
         0.39825E+02          0.12068E+02
         0.39812E+02          0.12155E+02
         0.39800E+02          0.12229E+02
         0.39787E+02          0.12290E+02
         0.39774E+02          0.12341E+02
         0.39761E+02          0.12383E+02
         0.39749E+02          0.12418E+02
         0.39736E+02          0.12445E+02
         0.39723E+02          0.12467E+02
         0.39710E+02          0.12484E+02
         0.39698E+02          0.12497E+02
         0.39685E+02          0.12506E+02
         0.39672E+02          0.12511E+02
         0.39660E+02          0.12512E+02
         0.39647E+02          0.12504E+02
         0.39634E+02          0.12488E+02
         0.39622E+02          0.12469E+02
         0.39609E+02          0.12456E+02
         0.39596E+02          0.12421E+02
         0.39584E+02          0.12383E+02
         0.39571E+02          0.12330E+02
         0.39558E+02          0.12260E+02
         0.39546E+02          0.12352E+02
         0.39533E+02          0.12260E+02
         0.39521E+02          0.12126E+02
         0.39508E+02          0.11968E+02
         0.39495E+02          0.11747E+02
         0.39483E+02          0.11434E+02
         0.39470E+02          0.10992E+02
         0.39458E+02          0.10441E+02
         0.39445E+02          0.10030E+02
         0.39433E+02          0.10213E+02
         0.39420E+02          0.10910E+02
         0.39408E+02          0.11583E+02
         0.39395E+02          0.12034E+02
         0.39382E+02          0.12304E+02
         0.39370E+02          0.12464E+02
         0.39357E+02          0.12561E+02
         0.39345E+02          0.12621E+02
         0.39333E+02          0.12659E+02
         0.39320E+02          0.12684E+02
         0.39308E+02          0.12699E+02
         0.39295E+02          0.12708E+02
         0.39283E+02          0.12715E+02
         0.39270E+02          0.12717E+02
         0.39258E+02          0.12718E+02
         0.39245E+02          0.12717E+02
         0.39233E+02          0.12715E+02
         0.39221E+02          0.12712E+02
         0.39208E+02          0.12709E+02
         0.39196E+02          0.12705E+02
         0.39183E+02          0.12701E+02
         0.39171E+02          0.12696E+02
         0.39159E+02          0.12691E+02
         0.39146E+02          0.12686E+02
         0.39134E+02          0.12669E+02
         0.39122E+02          0.12651E+02
         0.39109E+02          0.12667E+02
         0.39097E+02          0.12666E+02
         0.39085E+02          0.12659E+02
         0.39072E+02          0.12655E+02
         0.39060E+02          0.12649E+02
         0.39048E+02          0.12649E+02
         0.39035E+02          0.12697E+02
         0.39023E+02          0.12545E+02
         0.39011E+02          0.12567E+02
         0.38998E+02          0.12563E+02
         0.38986E+02          0.12546E+02
         0.38974E+02          0.12518E+02
         0.38962E+02          0.12471E+02
         0.38949E+02          0.12322E+02
         0.38937E+02          0.12585E+02
         0.38925E+02          0.12501E+02
         0.38913E+02          0.12415E+02
         0.38901E+02          0.12292E+02
         0.38888E+02          0.12268E+02
         0.38876E+02          0.11920E+02
         0.38864E+02          0.11248E+02
         0.38852E+02          0.10022E+02
         0.38840E+02          0.10518E+02
         0.38827E+02          0.11842E+02
         0.38815E+02          0.12334E+02
         0.38803E+02          0.12508E+02
         0.38791E+02          0.12577E+02
         0.38779E+02          0.12607E+02
         0.38767E+02          0.12619E+02
         0.38755E+02          0.12622E+02
         0.38743E+02          0.12622E+02
         0.38730E+02          0.12618E+02
         0.38718E+02          0.12613E+02
         0.38706E+02          0.12607E+02
         0.38694E+02          0.12601E+02
         0.38682E+02          0.12595E+02
         0.38670E+02          0.12597E+02
         0.38658E+02          0.12826E+02
         0.38646E+02          0.12504E+02
         0.38634E+02          0.12500E+02
         0.38622E+02          0.12474E+02
         0.38610E+02          0.12428E+02
         0.38598E+02          0.12340E+02
         0.38586E+02          0.12103E+02
         0.38574E+02          0.11622E+02
         0.38562E+02          0.97108E+01
         0.38550E+02          0.11832E+02
         0.38538E+02          0.12413E+02
         0.38526E+02          0.12522E+02
         0.38514E+02          0.12548E+02
         0.38502E+02          0.12552E+02
         0.38490E+02          0.12548E+02
         0.38478E+02          0.12541E+02
         0.38466E+02          0.12542E+02
         0.38454E+02          0.12385E+02
         0.38442E+02          0.12434E+02
         0.38430E+02          0.12376E+02
         0.38418E+02          0.12187E+02
         0.38407E+02          0.11196E+02
         0.38395E+02          0.11632E+02
         0.38383E+02          0.12437E+02
         0.38371E+02          0.12499E+02
         0.38359E+02          0.12501E+02
         0.38347E+02          0.12495E+02
         0.38335E+02          0.12334E+02
         0.38323E+02          0.12355E+02
         0.38312E+02          0.12047E+02
         0.38300E+02          0.10499E+02
         0.38288E+02          0.12425E+02
         0.38276E+02          0.12460E+02
         0.38264E+02          0.12456E+02
         0.38252E+02          0.12325E+02
         0.38241E+02          0.11831E+02
         0.38229E+02          0.12322E+02
         0.38217E+02          0.12417E+02
         0.38205E+02          0.12264E+02
         0.38194E+02          0.11687E+02
         0.38182E+02          0.12300E+02
         0.38170E+02          0.12910E+02
         0.38158E+02          0.10507E+02
         0.38147E+02          0.12465E+02
         0.38135E+02          0.11751E+02
         0.38123E+02          0.12435E+02
         0.38111E+02          0.12313E+02
         0.38100E+02          0.11332E+02
         0.38088E+02          0.11649E+02
         0.38076E+02          0.12220E+02
         0.38065E+02          0.12181E+02
         0.38053E+02          0.11504E+02
         0.38041E+02          0.12355E+02
         0.38030E+02          0.12249E+02
         0.38018E+02          0.12336E+02
         0.38006E+02          0.11831E+02
         0.37995E+02          0.11813E+02
         0.37983E+02          0.11803E+02
         0.37971E+02          0.11811E+02
         0.37960E+02          0.11864E+02
         0.37948E+02          0.12030E+02
         0.37936E+02          0.12492E+02
         0.37925E+02          0.13620E+02
         0.37913E+02          0.15129E+02
         0.37902E+02          0.15119E+02
         0.37890E+02          0.14220E+02
         0.37879E+02          0.13508E+02
         0.37867E+02          0.13021E+02
         0.37855E+02          0.12859E+02
         0.37844E+02          0.12576E+02
         0.37832E+02          0.12461E+02
         0.37821E+02          0.12252E+02
         0.37809E+02          0.12115E+02
         0.37798E+02          0.11957E+02
         0.37786E+02          0.11783E+02
         0.37775E+02          0.11578E+02
         0.37763E+02          0.11345E+02
         0.37752E+02          0.11289E+02
         0.37740E+02          0.13059E+02
         0.37729E+02          0.12954E+02
         0.37717E+02          0.11274E+02
         0.37706E+02          0.97250E+01
         0.37694E+02          0.80672E+01
         0.37683E+02          0.69023E+01
         0.37671E+02          0.71052E+01
         0.37660E+02          0.82616E+01
         0.37648E+02          0.95335E+01
         0.37637E+02          0.97569E+01
         0.37626E+02          0.10510E+02
         0.37614E+02          0.10919E+02
         0.37603E+02          0.11179E+02
         0.37591E+02          0.11356E+02
         0.37580E+02          0.11481E+02
         0.37569E+02          0.11571E+02
         0.37557E+02          0.11638E+02
         0.37546E+02          0.11689E+02
         0.37534E+02          0.11739E+02
         0.37523E+02          0.11718E+02
         0.37512E+02          0.11760E+02
         0.37500E+02          0.11776E+02
         0.37489E+02          0.11788E+02
         0.37478E+02          0.11797E+02
         0.37466E+02          0.11801E+02
         0.37455E+02          0.11773E+02
         0.37444E+02          0.11802E+02
         0.37432E+02          0.11802E+02
         0.37421E+02          0.11800E+02
         0.37410E+02          0.11795E+02
         0.37399E+02          0.11788E+02
         0.37387E+02          0.11780E+02
         0.37376E+02          0.11768E+02
         0.37365E+02          0.11759E+02
         0.37354E+02          0.11745E+02
         0.37342E+02          0.11775E+02
         0.37331E+02          0.11732E+02
         0.37320E+02          0.11712E+02
         0.37309E+02          0.11688E+02
         0.37297E+02          0.11661E+02
         0.37286E+02          0.11594E+02
         0.37275E+02          0.11494E+02
         0.37264E+02          0.11449E+02
         0.37253E+02          0.11628E+02
         0.37241E+02          0.11746E+02
         0.37230E+02          0.11715E+02
         0.37219E+02          0.11739E+02
         0.37208E+02          0.11720E+02
         0.37197E+02          0.11709E+02
         0.37186E+02          0.11695E+02
         0.37174E+02          0.11677E+02
         0.37163E+02          0.11695E+02
         0.37152E+02          0.11681E+02
         0.37141E+02          0.11680E+02
         0.37130E+02          0.11713E+02
         0.37119E+02          0.11864E+02
         0.37108E+02          0.12686E+02
         0.37096E+02          0.16992E+02
         0.37085E+02          0.13305E+02
         0.37074E+02          0.12150E+02
         0.37063E+02          0.11795E+02
         0.37052E+02          0.11583E+02
         0.37041E+02          0.11393E+02
         0.37030E+02          0.11156E+02
         0.37019E+02          0.11206E+02
         0.37008E+02          0.12370E+02
         0.36997E+02          0.89316E+01
         0.36986E+02          0.64611E+01
         0.36975E+02          0.89533E+01
         0.36964E+02          0.10456E+02
         0.36953E+02          0.11015E+02
         0.36942E+02          0.11252E+02
         0.36931E+02          0.11365E+02
         0.36920E+02          0.11423E+02
         0.36909E+02          0.11454E+02
         0.36898E+02          0.11467E+02
         0.36887E+02          0.11474E+02
         0.36876E+02          0.11474E+02
         0.36865E+02          0.11472E+02
         0.36854E+02          0.11464E+02
         0.36843E+02          0.11457E+02
         0.36832E+02          0.11440E+02
         0.36821E+02          0.11435E+02
         0.36810E+02          0.11430E+02
         0.36799E+02          0.11418E+02
         0.36788E+02          0.11408E+02
         0.36777E+02          0.11406E+02
         0.36766E+02          0.11413E+02
         0.36756E+02          0.11470E+02
         0.36745E+02          0.11933E+02
         0.36734E+02          0.14748E+02
         0.36723E+02          0.11403E+02
         0.36712E+02          0.11046E+02
         0.36701E+02          0.10759E+02
         0.36690E+02          0.13004E+02
         0.36679E+02          0.64722E+01
         0.36669E+02          0.98970E+01
         0.36658E+02          0.10912E+02
         0.36647E+02          0.11129E+02
         0.36636E+02          0.11174E+02
         0.36625E+02          0.11174E+02
         0.36614E+02          0.11135E+02
         0.36604E+02          0.10978E+02
         0.36593E+02          0.11222E+02
         0.36582E+02          0.11297E+02
         0.36571E+02          0.11269E+02
         0.36560E+02          0.11284E+02
         0.36550E+02          0.11776E+02
         0.36539E+02          0.11366E+02
         0.36528E+02          0.10875E+02
         0.36517E+02          0.12337E+02
         0.36507E+02          0.90753E+01
         0.36496E+02          0.10936E+02
         0.36485E+02          0.11085E+02
         0.36474E+02          0.11099E+02
         0.36464E+02          0.11103E+02
         0.36453E+02          0.11094E+02
         0.36442E+02          0.11117E+02
         0.36432E+02          0.14682E+02
         0.36421E+02          0.10484E+02
         0.36410E+02          0.65136E+01
         0.36399E+02          0.10863E+02
         0.36389E+02          0.11002E+02
         0.36378E+02          0.10997E+02
         0.36367E+02          0.11004E+02
         0.36357E+02          0.11701E+02
         0.36346E+02          0.10921E+02
         0.36335E+02          0.10847E+02
         0.36325E+02          0.10919E+02
         0.36314E+02          0.10934E+02
         0.36304E+02          0.10411E+02
         0.36293E+02          0.10552E+02
         0.36282E+02          0.10994E+02
         0.36272E+02          0.10732E+02
         0.36261E+02          0.10843E+02
         0.36250E+02          0.10919E+02
         0.36240E+02          0.10546E+02
         0.36229E+02          0.10956E+02
         0.36219E+02          0.10821E+02
         0.36208E+02          0.10404E+02
         0.36198E+02          0.80971E+01
         0.36187E+02          0.10743E+02
         0.36176E+02          0.12628E+02
         0.36166E+02          0.10370E+02
         0.36155E+02          0.10676E+02
         0.36145E+02          0.12326E+02
         0.36134E+02          0.10219E+02
         0.36124E+02          0.96094E+01
         0.36113E+02          0.99484E+01
         0.36103E+02          0.99133E+01
         0.36092E+02          0.98908E+01
         0.36082E+02          0.98733E+01
         0.36071E+02          0.98564E+01
         0.36061E+02          0.98391E+01
         0.36050E+02          0.98210E+01
         0.36040E+02          0.97982E+01
         0.36029E+02          0.97597E+01
         0.36019E+02          0.98593E+01
         0.36008E+02          0.97835E+01
         0.35998E+02          0.97648E+01
         0.35987E+02          0.97489E+01
         0.35977E+02          0.97285E+01
         0.35967E+02          0.97146E+01
         0.35956E+02          0.98408E+01
         0.35946E+02          0.96445E+01
         0.35935E+02          0.97720E+01
         0.35925E+02          0.97176E+01
         0.35914E+02          0.96413E+01
         0.35904E+02          0.96755E+01
         0.35894E+02          0.96461E+01
         0.35883E+02          0.96077E+01
         0.35873E+02          0.96263E+01
         0.35863E+02          0.96004E+01
         0.35852E+02          0.96014E+01
         0.35842E+02          0.95703E+01
         0.35831E+02          0.95635E+01
         0.35821E+02          0.95543E+01
         0.35811E+02          0.95397E+01
         0.35800E+02          0.95200E+01
         0.35790E+02          0.95001E+01
         0.35780E+02          0.94782E+01
         0.35769E+02          0.94600E+01
         0.35759E+02          0.94215E+01
         0.35749E+02          0.93699E+01
         0.35738E+02          0.93144E+01
         0.35728E+02          0.92880E+01
         0.35718E+02          0.92816E+01
         0.35708E+02          0.92817E+01
         0.35697E+02          0.92811E+01
         0.35687E+02          0.92781E+01
         0.35677E+02          0.92726E+01
         0.35667E+02          0.92652E+01
         0.35656E+02          0.92564E+01
         0.35646E+02          0.92464E+01
         0.35636E+02          0.92356E+01
         0.35626E+02          0.92240E+01
         0.35615E+02          0.92111E+01
         0.35605E+02          0.91948E+01
         0.35595E+02          0.91912E+01
         0.35585E+02          0.91537E+01
         0.35574E+02          0.91531E+01
         0.35564E+02          0.91419E+01
         0.35554E+02          0.91291E+01
         0.35544E+02          0.91157E+01
         0.35534E+02          0.91019E+01
         0.35523E+02          0.90879E+01
         0.35513E+02          0.90737E+01
         0.35503E+02          0.90593E+01
         0.35493E+02          0.90446E+01
         0.35483E+02          0.90297E+01
         0.35473E+02          0.90145E+01
         0.35462E+02          0.90005E+01
         0.35452E+02          0.89890E+01
         0.35442E+02          0.89925E+01
         0.35432E+02          0.89775E+01
         0.35422E+02          0.89528E+01
         0.35412E+02          0.89353E+01
         0.35402E+02          0.89193E+01
         0.35392E+02          0.89038E+01
         0.35382E+02          0.88885E+01
         0.35371E+02          0.88733E+01
         0.35361E+02          0.88582E+01
         0.35351E+02          0.88431E+01
         0.35341E+02          0.88281E+01
         0.35331E+02          0.88131E+01
         0.35321E+02          0.87981E+01
         0.35311E+02          0.87829E+01
         0.35301E+02          0.87667E+01
         0.35291E+02          0.87454E+01
         0.35281E+02          0.87431E+01
         0.35271E+02          0.87023E+01
         0.35261E+02          0.86974E+01
         0.35251E+02          0.86854E+01
         0.35241E+02          0.86720E+01
         0.35231E+02          0.86626E+01
         0.35221E+02          0.86419E+01
         0.35211E+02          0.86279E+01
         0.35201E+02          0.86006E+01
         0.35191E+02          0.86166E+01
         0.35181E+02          0.85943E+01
         0.35171E+02          0.85652E+01
         0.35161E+02          0.84936E+01
         0.35151E+02          0.84238E+01
         0.35141E+02          0.84347E+01
         0.35131E+02          0.84421E+01
         0.35121E+02          0.84297E+01
         0.35111E+02          0.84313E+01
         0.35101E+02          0.84205E+01
         0.35091E+02          0.84090E+01
         0.35081E+02          0.83953E+01
         0.35071E+02          0.83857E+01
         0.35061E+02          0.83721E+01
         0.35051E+02          0.83532E+01
         0.35042E+02          0.83364E+01
         0.35032E+02          0.83175E+01
         0.35022E+02          0.82956E+01
         0.35012E+02          0.83582E+01
         0.35002E+02          0.82740E+01
         0.34992E+02          0.82539E+01
         0.34982E+02          0.83304E+01
         0.34972E+02          0.82299E+01
         0.34962E+02          0.82145E+01
         0.34953E+02          0.82008E+01
         0.34943E+02          0.81755E+01
         0.34933E+02          0.81621E+01
         0.34923E+02          0.81510E+01
         0.34913E+02          0.81425E+01
         0.34903E+02          0.81829E+01
         0.34894E+02          0.80807E+01
         0.34884E+02          0.79828E+01
         0.34874E+02          0.80188E+01
         0.34864E+02          0.80183E+01
         0.34854E+02          0.80113E+01
         0.34845E+02          0.79955E+01
         0.34835E+02          0.79867E+01
         0.34825E+02          0.79867E+01
         0.34815E+02          0.79540E+01
         0.34805E+02          0.79377E+01
         0.34796E+02          0.79232E+01
         0.34786E+02          0.79040E+01
         0.34776E+02          0.78862E+01
         0.34766E+02          0.78789E+01
         0.34757E+02          0.78714E+01
         0.34747E+02          0.78530E+01
         0.34737E+02          0.77555E+01
         0.34727E+02          0.78173E+01
         0.34718E+02          0.78273E+01
         0.34708E+02          0.77237E+01
         0.34698E+02          0.77081E+01
         0.34689E+02          0.77013E+01
         0.34679E+02          0.76905E+01
         0.34669E+02          0.76803E+01
         0.34659E+02          0.76776E+01
         0.34650E+02          0.75655E+01
         0.34640E+02          0.76029E+01
         0.34630E+02          0.75971E+01
         0.34621E+02          0.75843E+01
         0.34611E+02          0.75699E+01
         0.34601E+02          0.75674E+01
         0.34592E+02          0.74510E+01
         0.34582E+02          0.74985E+01
         0.34573E+02          0.74891E+01
         0.34563E+02          0.74684E+01
         0.34553E+02          0.74544E+01
         0.34544E+02          0.74228E+01
         0.34534E+02          0.74138E+01
         0.34524E+02          0.74046E+01
         0.34515E+02          0.73666E+01
         0.34505E+02          0.73665E+01
         0.34496E+02          0.73248E+01
         0.34486E+02          0.73202E+01
         0.34476E+02          0.72886E+01
         0.34467E+02          0.72671E+01
         0.34457E+02          0.72472E+01
         0.34448E+02          0.72324E+01
         0.34438E+02          0.72099E+01
         0.34428E+02          0.71732E+01
         0.34419E+02          0.71703E+01
         0.34409E+02          0.71505E+01
         0.34400E+02          0.71241E+01
         0.34390E+02          0.70741E+01
         0.34381E+02          0.70487E+01
         0.34371E+02          0.70227E+01
         0.34362E+02          0.69959E+01
         0.34352E+02          0.69682E+01
         0.34343E+02          0.69396E+01
         0.34333E+02          0.69098E+01
         0.34324E+02          0.68787E+01
         0.34314E+02          0.68460E+01
         0.34305E+02          0.68114E+01
         0.34295E+02          0.67746E+01
         0.34286E+02          0.67352E+01
         0.34276E+02          0.66934E+01
         0.34267E+02          0.66510E+01
         0.34257E+02          0.66049E+01
         0.34248E+02          0.65478E+01
         0.34238E+02          0.64806E+01
         0.34229E+02          0.64021E+01
         0.34219E+02          0.63083E+01
         0.34210E+02          0.61944E+01
         0.34201E+02          0.60692E+01
         0.34191E+02          0.59771E+01
         0.34182E+02          0.61444E+01
         0.34172E+02          0.69503E+01
         0.34163E+02          0.75832E+01
         0.34153E+02          0.75707E+01
         0.34144E+02          0.73787E+01
         0.34135E+02          0.72122E+01
         0.34125E+02          0.70859E+01
         0.34116E+02          0.69731E+01
         0.34106E+02          0.68743E+01
         0.34097E+02          0.67842E+01
         0.34088E+02          0.66985E+01
