         0.16482E+02          0.22163E+02
         0.16492E+02          0.22146E+02
         0.16502E+02          0.22130E+02
         0.16512E+02          0.22114E+02
         0.16522E+02          0.22098E+02
         0.16532E+02          0.22084E+02
         0.16542E+02          0.22069E+02
         0.16552E+02          0.22055E+02
         0.16562E+02          0.22042E+02
         0.16572E+02          0.22029E+02
         0.16582E+02          0.22016E+02
         0.16592E+02          0.22003E+02
         0.16602E+02          0.21991E+02
         0.16612E+02          0.21979E+02
         0.16622E+02          0.21967E+02
         0.16632E+02          0.21956E+02
         0.16642E+02          0.21944E+02
         0.16652E+02          0.21933E+02
         0.16662E+02          0.21922E+02
         0.16672E+02          0.21911E+02
         0.16682E+02          0.21901E+02
         0.16692E+02          0.21890E+02
         0.16702E+02          0.21880E+02
         0.16712E+02          0.21870E+02
         0.16722E+02          0.21860E+02
         0.16732E+02          0.21850E+02
         0.16742E+02          0.21840E+02
         0.16752E+02          0.21830E+02
         0.16762E+02          0.21821E+02
         0.16772E+02          0.21812E+02
         0.16782E+02          0.21802E+02
         0.16792E+02          0.21793E+02
         0.16802E+02          0.21784E+02
         0.16812E+02          0.21775E+02
         0.16822E+02          0.21766E+02
         0.16832E+02          0.21757E+02
         0.16842E+02          0.21749E+02
         0.16852E+02          0.21740E+02
         0.16862E+02          0.21732E+02
         0.16872E+02          0.21723E+02
         0.16882E+02          0.21715E+02
         0.16892E+02          0.21707E+02
         0.16902E+02          0.21699E+02
         0.16912E+02          0.21691E+02
         0.16922E+02          0.21683E+02
         0.16932E+02          0.21675E+02
         0.16942E+02          0.21667E+02
         0.16952E+02          0.21660E+02
         0.16962E+02          0.21652E+02
         0.16972E+02          0.21644E+02
         0.16982E+02          0.21637E+02
         0.16992E+02          0.21630E+02
         0.17002E+02          0.21622E+02
         0.17012E+02          0.21615E+02
         0.17022E+02          0.21608E+02
         0.17032E+02          0.21601E+02
         0.17042E+02          0.21594E+02
         0.17052E+02          0.21587E+02
         0.17062E+02          0.21580E+02
         0.17072E+02          0.21573E+02
         0.17082E+02          0.21567E+02
         0.17092E+02          0.21560E+02
         0.17102E+02          0.21553E+02
         0.17112E+02          0.21547E+02
         0.17122E+02          0.21541E+02
         0.17132E+02          0.21534E+02
         0.17142E+02          0.21528E+02
         0.17152E+02          0.21522E+02
         0.17162E+02          0.21516E+02
         0.17172E+02          0.21509E+02
         0.17182E+02          0.21503E+02
         0.17192E+02          0.21497E+02
         0.17202E+02          0.21492E+02
         0.17212E+02          0.21486E+02
         0.17222E+02          0.21480E+02
         0.17232E+02          0.21474E+02
         0.17242E+02          0.21469E+02
         0.17252E+02          0.21463E+02
         0.17262E+02          0.21458E+02
         0.17272E+02          0.21452E+02
         0.17282E+02          0.21447E+02
         0.17292E+02          0.21442E+02
         0.17302E+02          0.21436E+02
         0.17312E+02          0.21431E+02
         0.17322E+02          0.21426E+02
         0.17332E+02          0.21421E+02
         0.17342E+02          0.21416E+02
         0.17352E+02          0.21411E+02
         0.17362E+02          0.21406E+02
         0.17372E+02          0.21402E+02
         0.17382E+02          0.21397E+02
         0.17392E+02          0.21392E+02
         0.17402E+02          0.21388E+02
         0.17412E+02          0.21383E+02
         0.17422E+02          0.21378E+02
         0.17432E+02          0.21374E+02
         0.17442E+02          0.21370E+02
         0.17452E+02          0.21365E+02
         0.17462E+02          0.21361E+02
         0.17472E+02          0.21357E+02
         0.17482E+02          0.21353E+02
         0.17492E+02          0.21349E+02
         0.17502E+02          0.21345E+02
         0.17512E+02          0.21341E+02
         0.17522E+02          0.21337E+02
         0.17532E+02          0.21333E+02
         0.17542E+02          0.21329E+02
         0.17552E+02          0.21326E+02
         0.17562E+02          0.21322E+02
         0.17572E+02          0.21319E+02
         0.17582E+02          0.21315E+02
         0.17592E+02          0.21312E+02
         0.17602E+02          0.21308E+02
         0.17612E+02          0.21305E+02
         0.17622E+02          0.21302E+02
         0.17632E+02          0.21298E+02
         0.17642E+02          0.21295E+02
         0.17652E+02          0.21292E+02
         0.17662E+02          0.21289E+02
         0.17672E+02          0.21286E+02
         0.17682E+02          0.21283E+02
         0.17692E+02          0.21280E+02
         0.17702E+02          0.21278E+02
         0.17712E+02          0.21275E+02
         0.17722E+02          0.21272E+02
         0.17732E+02          0.21270E+02
         0.17742E+02          0.21267E+02
         0.17752E+02          0.21265E+02
         0.17762E+02          0.21262E+02
         0.17772E+02          0.21260E+02
         0.17782E+02          0.21257E+02
         0.17792E+02          0.21255E+02
         0.17802E+02          0.21253E+02
         0.17812E+02          0.21251E+02
         0.17822E+02          0.21249E+02
         0.17832E+02          0.21247E+02
         0.17842E+02          0.21245E+02
         0.17852E+02          0.21243E+02
         0.17862E+02          0.21241E+02
         0.17872E+02          0.21239E+02
         0.17882E+02          0.21237E+02
         0.17892E+02          0.21236E+02
         0.17902E+02          0.21234E+02
         0.17912E+02          0.21233E+02
         0.17922E+02          0.21231E+02
         0.17932E+02          0.21230E+02
         0.17942E+02          0.21228E+02
         0.17952E+02          0.21227E+02
         0.17962E+02          0.21226E+02
         0.17972E+02          0.21225E+02
         0.17982E+02          0.21224E+02
         0.17992E+02          0.21223E+02
         0.18002E+02          0.21222E+02
         0.18012E+02          0.21221E+02
         0.18022E+02          0.21220E+02
         0.18032E+02          0.21219E+02
         0.18042E+02          0.21218E+02
         0.18052E+02          0.21218E+02
         0.18062E+02          0.21217E+02
         0.18072E+02          0.21217E+02
         0.18082E+02          0.21216E+02
         0.18092E+02          0.21216E+02
         0.18102E+02          0.21215E+02
         0.18112E+02          0.21215E+02
         0.18122E+02          0.21215E+02
         0.18132E+02          0.21215E+02
         0.18142E+02          0.21215E+02
         0.18152E+02          0.21215E+02
         0.18162E+02          0.21215E+02
         0.18172E+02          0.21215E+02
         0.18182E+02          0.21216E+02
         0.18192E+02          0.21216E+02
         0.18202E+02          0.21216E+02
         0.18212E+02          0.21217E+02
         0.18222E+02          0.21218E+02
         0.18232E+02          0.21218E+02
         0.18242E+02          0.21219E+02
         0.18252E+02          0.21220E+02
         0.18262E+02          0.21221E+02
         0.18272E+02          0.21222E+02
         0.18282E+02          0.21223E+02
         0.18292E+02          0.21225E+02
         0.18302E+02          0.21226E+02
         0.18312E+02          0.21228E+02
         0.18322E+02          0.21229E+02
         0.18332E+02          0.21231E+02
         0.18342E+02          0.21233E+02
         0.18352E+02          0.21235E+02
         0.18362E+02          0.21237E+02
         0.18372E+02          0.21239E+02
         0.18382E+02          0.21241E+02
         0.18392E+02          0.21243E+02
         0.18402E+02          0.21246E+02
         0.18412E+02          0.21248E+02
         0.18422E+02          0.21250E+02
         0.18432E+02          0.21253E+02
         0.18442E+02          0.21255E+02
         0.18452E+02          0.21256E+02
         0.18462E+02          0.21258E+02
         0.18472E+02          0.21258E+02
         0.18482E+02          0.21256E+02
         0.18492E+02          0.21252E+02
         0.18502E+02          0.21244E+02
         0.18512E+02          0.21230E+02
         0.18522E+02          0.21204E+02
         0.18532E+02          0.21159E+02
         0.18542E+02          0.21079E+02
         0.18552E+02          0.20934E+02
         0.18562E+02          0.20662E+02
         0.18572E+02          0.20157E+02
         0.18582E+02          0.19343E+02
         0.18592E+02          0.18579E+02
         0.18602E+02          0.18585E+02
         0.18612E+02          0.19134E+02
         0.18622E+02          0.19668E+02
         0.18632E+02          0.20048E+02
         0.18642E+02          0.20305E+02
         0.18652E+02          0.20481E+02
         0.18662E+02          0.20606E+02
         0.18672E+02          0.20698E+02
         0.18682E+02          0.20767E+02
         0.18692E+02          0.20822E+02
         0.18702E+02          0.20865E+02
         0.18712E+02          0.20901E+02
         0.18722E+02          0.20930E+02
         0.18732E+02          0.20955E+02
         0.18742E+02          0.20976E+02
         0.18752E+02          0.20995E+02
         0.18762E+02          0.21011E+02
         0.18772E+02          0.21025E+02
         0.18782E+02          0.21038E+02
         0.18792E+02          0.21050E+02
         0.18802E+02          0.21060E+02
         0.18812E+02          0.21070E+02
         0.18822E+02          0.21079E+02
         0.18832E+02          0.21087E+02
         0.18842E+02          0.21094E+02
         0.18852E+02          0.21102E+02
         0.18862E+02          0.21108E+02
         0.18872E+02          0.21115E+02
         0.18882E+02          0.21121E+02
         0.18892E+02          0.21127E+02
         0.18902E+02          0.21132E+02
         0.18912E+02          0.21137E+02
         0.18922E+02          0.21143E+02
         0.18932E+02          0.21148E+02
         0.18942E+02          0.21152E+02
         0.18952E+02          0.21157E+02
         0.18962E+02          0.21161E+02
         0.18972E+02          0.21166E+02
         0.18982E+02          0.21170E+02
         0.18992E+02          0.21174E+02
         0.19002E+02          0.21179E+02
         0.19012E+02          0.21183E+02
         0.19022E+02          0.21187E+02
         0.19032E+02          0.21191E+02
         0.19042E+02          0.21194E+02
         0.19052E+02          0.21198E+02
         0.19062E+02          0.21202E+02
         0.19072E+02          0.21206E+02
         0.19082E+02          0.21209E+02
         0.19092E+02          0.21213E+02
         0.19102E+02          0.21217E+02
         0.19112E+02          0.21220E+02
         0.19122E+02          0.21224E+02
         0.19132E+02          0.21228E+02
         0.19142E+02          0.21231E+02
         0.19152E+02          0.21235E+02
         0.19162E+02          0.21238E+02
         0.19172E+02          0.21242E+02
         0.19182E+02          0.21245E+02
         0.19192E+02          0.21249E+02
         0.19202E+02          0.21252E+02
         0.19212E+02          0.21256E+02
         0.19222E+02          0.21259E+02
         0.19232E+02          0.21263E+02
         0.19242E+02          0.21266E+02
         0.19252E+02          0.21270E+02
         0.19262E+02          0.21273E+02
         0.19272E+02          0.21276E+02
         0.19282E+02          0.21280E+02
         0.19292E+02          0.21283E+02
         0.19302E+02          0.21287E+02
         0.19312E+02          0.21290E+02
         0.19322E+02          0.21294E+02
         0.19332E+02          0.21297E+02
         0.19342E+02          0.21301E+02
         0.19352E+02          0.21304E+02
         0.19362E+02          0.21308E+02
         0.19372E+02          0.21311E+02
         0.19382E+02          0.21314E+02
         0.19392E+02          0.21318E+02
         0.19402E+02          0.21321E+02
         0.19412E+02          0.21325E+02
         0.19422E+02          0.21328E+02
         0.19432E+02          0.21332E+02
         0.19442E+02          0.21335E+02
         0.19452E+02          0.21339E+02
         0.19462E+02          0.21342E+02
         0.19472E+02          0.21346E+02
         0.19482E+02          0.21349E+02
         0.19492E+02          0.21353E+02
         0.19502E+02          0.21356E+02
         0.19512E+02          0.21360E+02
         0.19522E+02          0.21363E+02
         0.19532E+02          0.21367E+02
         0.19542E+02          0.21370E+02
         0.19552E+02          0.21374E+02
         0.19562E+02          0.21377E+02
         0.19572E+02          0.21381E+02
         0.19582E+02          0.21384E+02
         0.19592E+02          0.21388E+02
         0.19602E+02          0.21391E+02
         0.19612E+02          0.21395E+02
         0.19622E+02          0.21398E+02
         0.19632E+02          0.21402E+02
         0.19642E+02          0.21405E+02
         0.19652E+02          0.21409E+02
         0.19662E+02          0.21412E+02
         0.19672E+02          0.21416E+02
         0.19682E+02          0.21419E+02
         0.19692E+02          0.21423E+02
         0.19702E+02          0.21426E+02
         0.19712E+02          0.21430E+02
         0.19722E+02          0.21433E+02
         0.19732E+02          0.21437E+02
         0.19742E+02          0.21440E+02
         0.19752E+02          0.21444E+02
         0.19762E+02          0.21447E+02
         0.19772E+02          0.21451E+02
         0.19782E+02          0.21454E+02
         0.19792E+02          0.21458E+02
         0.19802E+02          0.21461E+02
         0.19812E+02          0.21464E+02
         0.19822E+02          0.21468E+02
         0.19832E+02          0.21471E+02
         0.19842E+02          0.21475E+02
         0.19852E+02          0.21478E+02
         0.19862E+02          0.21481E+02
         0.19872E+02          0.21485E+02
         0.19882E+02          0.21488E+02
         0.19892E+02          0.21491E+02
         0.19902E+02          0.21495E+02
         0.19912E+02          0.21498E+02
         0.19922E+02          0.21501E+02
         0.19932E+02          0.21504E+02
         0.19942E+02          0.21508E+02
         0.19952E+02          0.21511E+02
         0.19962E+02          0.21514E+02
         0.19972E+02          0.21517E+02
         0.19982E+02          0.21520E+02
         0.19992E+02          0.21523E+02
         0.20002E+02          0.21526E+02
         0.20012E+02          0.21529E+02
         0.20022E+02          0.21532E+02
         0.20032E+02          0.21535E+02
         0.20042E+02          0.21537E+02
         0.20052E+02          0.21540E+02
         0.20062E+02          0.21543E+02
         0.20072E+02          0.21545E+02
         0.20082E+02          0.21548E+02
         0.20092E+02          0.21550E+02
         0.20102E+02          0.21552E+02
         0.20112E+02          0.21554E+02
         0.20122E+02          0.21556E+02
         0.20132E+02          0.21558E+02
         0.20142E+02          0.21560E+02
         0.20152E+02          0.21561E+02
         0.20162E+02          0.21563E+02
         0.20172E+02          0.21564E+02
         0.20182E+02          0.21565E+02
         0.20192E+02          0.21565E+02
         0.20202E+02          0.21566E+02
         0.20212E+02          0.21566E+02
         0.20222E+02          0.21565E+02
         0.20232E+02          0.21565E+02
         0.20242E+02          0.21563E+02
         0.20252E+02          0.21561E+02
         0.20262E+02          0.21559E+02
         0.20272E+02          0.21555E+02
         0.20282E+02          0.21551E+02
         0.20292E+02          0.21545E+02
         0.20302E+02          0.21538E+02
         0.20312E+02          0.21529E+02
         0.20322E+02          0.21518E+02
         0.20332E+02          0.21504E+02
         0.20342E+02          0.21487E+02
         0.20352E+02          0.21466E+02
         0.20362E+02          0.21439E+02
         0.20372E+02          0.21405E+02
         0.20382E+02          0.21364E+02
         0.20392E+02          0.21316E+02
         0.20402E+02          0.21273E+02
         0.20412E+02          0.21265E+02
         0.20422E+02          0.21363E+02
         0.20432E+02          0.21600E+02
         0.20442E+02          0.21850E+02
         0.20452E+02          0.21990E+02
         0.20462E+02          0.22038E+02
         0.20472E+02          0.22042E+02
         0.20482E+02          0.22031E+02
         0.20492E+02          0.22015E+02
         0.20502E+02          0.22000E+02
         0.20512E+02          0.21986E+02
         0.20522E+02          0.21975E+02
         0.20532E+02          0.21965E+02
         0.20542E+02          0.21957E+02
         0.20552E+02          0.21950E+02
         0.20562E+02          0.21945E+02
         0.20572E+02          0.21941E+02
         0.20582E+02          0.21938E+02
         0.20592E+02          0.21935E+02
         0.20602E+02          0.21934E+02
         0.20612E+02          0.21932E+02
         0.20622E+02          0.21932E+02
         0.20632E+02          0.21931E+02
         0.20642E+02          0.21932E+02
         0.20652E+02          0.21932E+02
         0.20662E+02          0.21933E+02
         0.20672E+02          0.21934E+02
         0.20682E+02          0.21935E+02
         0.20692E+02          0.21937E+02
         0.20702E+02          0.21938E+02
         0.20712E+02          0.21940E+02
         0.20722E+02          0.21942E+02
         0.20732E+02          0.21944E+02
         0.20742E+02          0.21947E+02
         0.20752E+02          0.21949E+02
         0.20762E+02          0.21951E+02
         0.20772E+02          0.21954E+02
         0.20782E+02          0.21957E+02
         0.20792E+02          0.21960E+02
         0.20802E+02          0.21963E+02
         0.20812E+02          0.21966E+02
         0.20822E+02          0.21969E+02
         0.20832E+02          0.21972E+02
         0.20842E+02          0.21975E+02
         0.20852E+02          0.21978E+02
         0.20862E+02          0.21981E+02
         0.20872E+02          0.21985E+02
         0.20882E+02          0.21988E+02
         0.20892E+02          0.21992E+02
         0.20902E+02          0.21995E+02
         0.20912E+02          0.21999E+02
         0.20922E+02          0.22003E+02
         0.20932E+02          0.22006E+02
         0.20942E+02          0.22010E+02
         0.20952E+02          0.22014E+02
         0.20962E+02          0.22018E+02
         0.20972E+02          0.22022E+02
         0.20982E+02          0.22026E+02
         0.20992E+02          0.22030E+02
         0.21002E+02          0.22034E+02
         0.21012E+02          0.22039E+02
         0.21022E+02          0.22043E+02
         0.21032E+02          0.22048E+02
         0.21042E+02          0.22053E+02
         0.21052E+02          0.22058E+02
         0.21062E+02          0.22064E+02
         0.21072E+02          0.22070E+02
         0.21082E+02          0.22076E+02
         0.21092E+02          0.22083E+02
         0.21102E+02          0.22091E+02
         0.21112E+02          0.22100E+02
         0.21122E+02          0.22111E+02
         0.21132E+02          0.22123E+02
         0.21142E+02          0.22139E+02
         0.21152E+02          0.22159E+02
         0.21162E+02          0.22186E+02
         0.21172E+02          0.22224E+02
         0.21182E+02          0.22284E+02
         0.21192E+02          0.22385E+02
         0.21202E+02          0.22578E+02
         0.21212E+02          0.23016E+02
         0.21222E+02          0.24174E+02
         0.21232E+02          0.25666E+02
         0.21242E+02          0.23823E+02
         0.21252E+02          0.22704E+02
         0.21262E+02          0.22320E+02
         0.21272E+02          0.22152E+02
         0.21282E+02          0.22050E+02
         0.21292E+02          0.21958E+02
         0.21302E+02          0.21829E+02
         0.21312E+02          0.21539E+02
         0.21322E+02          0.20431E+02
         0.21332E+02          0.21904E+02
         0.21342E+02          0.22386E+02
         0.21352E+02          0.22358E+02
         0.21362E+02          0.22324E+02
         0.21372E+02          0.22299E+02
         0.21382E+02          0.22283E+02
         0.21392E+02          0.22271E+02
         0.21402E+02          0.22264E+02
         0.21412E+02          0.22258E+02
         0.21422E+02          0.22255E+02
         0.21432E+02          0.22252E+02
         0.21442E+02          0.22251E+02
         0.21452E+02          0.22251E+02
         0.21462E+02          0.22251E+02
         0.21472E+02          0.22252E+02
         0.21482E+02          0.22253E+02
         0.21492E+02          0.22254E+02
         0.21502E+02          0.22256E+02
         0.21512E+02          0.22258E+02
         0.21522E+02          0.22260E+02
         0.21532E+02          0.22262E+02
         0.21542E+02          0.22265E+02
         0.21552E+02          0.22267E+02
         0.21562E+02          0.22270E+02
         0.21572E+02          0.22273E+02
         0.21582E+02          0.22276E+02
         0.21592E+02          0.22279E+02
         0.21602E+02          0.22282E+02
         0.21612E+02          0.22285E+02
         0.21622E+02          0.22288E+02
         0.21632E+02          0.22291E+02
         0.21642E+02          0.22294E+02
         0.21652E+02          0.22297E+02
         0.21662E+02          0.22300E+02
         0.21672E+02          0.22303E+02
         0.21682E+02          0.22306E+02
         0.21692E+02          0.22310E+02
         0.21702E+02          0.22313E+02
         0.21712E+02          0.22316E+02
         0.21722E+02          0.22319E+02
         0.21732E+02          0.22322E+02
         0.21742E+02          0.22325E+02
         0.21752E+02          0.22328E+02
         0.21762E+02          0.22331E+02
         0.21772E+02          0.22335E+02
         0.21782E+02          0.22338E+02
         0.21792E+02          0.22341E+02
         0.21802E+02          0.22343E+02
         0.21812E+02          0.22346E+02
         0.21822E+02          0.22349E+02
         0.21832E+02          0.22352E+02
         0.21842E+02          0.22355E+02
         0.21852E+02          0.22358E+02
         0.21862E+02          0.22360E+02
         0.21872E+02          0.22363E+02
         0.21882E+02          0.22365E+02
         0.21892E+02          0.22368E+02
         0.21902E+02          0.22370E+02
         0.21912E+02          0.22372E+02
         0.21922E+02          0.22374E+02
         0.21932E+02          0.22376E+02
         0.21942E+02          0.22378E+02
         0.21952E+02          0.22380E+02
         0.21962E+02          0.22382E+02
         0.21972E+02          0.22383E+02
         0.21982E+02          0.22384E+02
         0.21992E+02          0.22386E+02
         0.22002E+02          0.22386E+02
         0.22012E+02          0.22387E+02
         0.22022E+02          0.22388E+02
         0.22032E+02          0.22388E+02
         0.22042E+02          0.22388E+02
         0.22052E+02          0.22387E+02
         0.22062E+02          0.22387E+02
         0.22072E+02          0.22385E+02
         0.22082E+02          0.22384E+02
         0.22092E+02          0.22382E+02
         0.22102E+02          0.22379E+02
         0.22112E+02          0.22376E+02
         0.22122E+02          0.22372E+02
         0.22132E+02          0.22367E+02
         0.22142E+02          0.22362E+02
         0.22152E+02          0.22355E+02
         0.22162E+02          0.22348E+02
         0.22172E+02          0.22338E+02
         0.22182E+02          0.22328E+02
         0.22192E+02          0.22316E+02
         0.22202E+02          0.22301E+02
         0.22212E+02          0.22284E+02
         0.22222E+02          0.22265E+02
         0.22232E+02          0.22243E+02
         0.22242E+02          0.22220E+02
         0.22252E+02          0.22199E+02
         0.22262E+02          0.22208E+02
         0.22272E+02          0.22093E+02
         0.22282E+02          0.21891E+02
         0.22292E+02          0.21834E+02
         0.22302E+02          0.21749E+02
         0.22312E+02          0.21670E+02
         0.22322E+02          0.21670E+02
         0.22332E+02          0.21890E+02
         0.22342E+02          0.22384E+02
         0.22352E+02          0.22868E+02
         0.22362E+02          0.23109E+02
         0.22372E+02          0.23160E+02
         0.22382E+02          0.23124E+02
         0.22392E+02          0.23055E+02
         0.22402E+02          0.22965E+02
         0.22412E+02          0.22853E+02
         0.22422E+02          0.22689E+02
         0.22432E+02          0.22385E+02
         0.22442E+02          0.21681E+02
         0.22452E+02          0.23718E+02
         0.22462E+02          0.23718E+02
         0.22472E+02          0.23493E+02
         0.22482E+02          0.23367E+02
         0.22492E+02          0.23289E+02
         0.22502E+02          0.23236E+02
         0.22512E+02          0.23197E+02
         0.22522E+02          0.23169E+02
         0.22532E+02          0.23147E+02
         0.22542E+02          0.23131E+02
         0.22552E+02          0.23121E+02
         0.22562E+02          0.23117E+02
         0.22572E+02          0.23123E+02
         0.22582E+02          0.23151E+02
         0.22592E+02          0.23234E+02
         0.22602E+02          0.23547E+02
         0.22612E+02          0.24910E+02
         0.22622E+02          0.22607E+02
         0.22632E+02          0.22555E+02
         0.22642E+02          0.22499E+02
         0.22652E+02          0.22190E+02
         0.22662E+02          0.22470E+02
         0.22672E+02          0.22445E+02
         0.22682E+02          0.22429E+02
         0.22692E+02          0.22436E+02
         0.22702E+02          0.22467E+02
         0.22712E+02          0.22514E+02
         0.22722E+02          0.22569E+02
         0.22732E+02          0.22624E+02
         0.22742E+02          0.22675E+02
         0.22752E+02          0.22720E+02
         0.22762E+02          0.22760E+02
         0.22772E+02          0.22794E+02
         0.22782E+02          0.22823E+02
         0.22792E+02          0.22849E+02
         0.22802E+02          0.22871E+02
         0.22812E+02          0.22890E+02
         0.22822E+02          0.22907E+02
         0.22832E+02          0.22923E+02
         0.22842E+02          0.22937E+02
         0.22852E+02          0.22949E+02
         0.22862E+02          0.22961E+02
         0.22872E+02          0.22972E+02
         0.22882E+02          0.22982E+02
         0.22892E+02          0.22991E+02
         0.22902E+02          0.23000E+02
         0.22912E+02          0.23009E+02
         0.22922E+02          0.23017E+02
         0.22932E+02          0.23026E+02
         0.22942E+02          0.23034E+02
         0.22952E+02          0.23043E+02
         0.22962E+02          0.23053E+02
         0.22972E+02          0.23067E+02
         0.22982E+02          0.23094E+02
         0.22992E+02          0.23231E+02
         0.23002E+02          0.22983E+02
         0.23012E+02          0.22996E+02
         0.23022E+02          0.23019E+02
         0.23032E+02          0.23022E+02
         0.23042E+02          0.23013E+02
         0.23052E+02          0.22986E+02
         0.23062E+02          0.22914E+02
         0.23072E+02          0.22660E+02
         0.23082E+02          0.22050E+02
         0.23092E+02          0.23867E+02
         0.23102E+02          0.23875E+02
         0.23112E+02          0.24098E+02
         0.23122E+02          0.23679E+02
         0.23132E+02          0.22906E+02
         0.23142E+02          0.22912E+02
         0.23152E+02          0.23092E+02
         0.23162E+02          0.23119E+02
         0.23172E+02          0.23135E+02
         0.23182E+02          0.23147E+02
         0.23192E+02          0.23157E+02
         0.23202E+02          0.23166E+02
         0.23212E+02          0.23174E+02
         0.23222E+02          0.23181E+02
         0.23232E+02          0.23188E+02
         0.23242E+02          0.23195E+02
         0.23252E+02          0.23201E+02
         0.23262E+02          0.23207E+02
         0.23272E+02          0.23213E+02
         0.23282E+02          0.23219E+02
         0.23292E+02          0.23227E+02
         0.23302E+02          0.23238E+02
         0.23312E+02          0.23622E+02
         0.23322E+02          0.23239E+02
         0.23332E+02          0.23127E+02
         0.23342E+02          0.23186E+02
         0.23352E+02          0.23172E+02
         0.23362E+02          0.23088E+02
         0.23372E+02          0.22060E+02
         0.23382E+02          0.27009E+02
         0.23392E+02          0.23277E+02
         0.23402E+02          0.23344E+02
         0.23412E+02          0.23334E+02
         0.23422E+02          0.23327E+02
         0.23432E+02          0.23320E+02
         0.23442E+02          0.23312E+02
         0.23452E+02          0.23296E+02
         0.23462E+02          0.23263E+02
         0.23472E+02          0.23135E+02
         0.23482E+02          0.22803E+02
         0.23492E+02          0.23416E+02
         0.23502E+02          0.22842E+02
         0.23512E+02          0.23499E+02
         0.23522E+02          0.22934E+02
         0.23532E+02          0.22939E+02
         0.23542E+02          0.23521E+02
         0.23552E+02          0.23575E+02
         0.23562E+02          0.23583E+02
         0.23572E+02          0.23604E+02
         0.23582E+02          0.23594E+02
         0.23592E+02          0.23669E+02
         0.23602E+02          0.23957E+02
         0.23612E+02          0.23813E+02
         0.23622E+02          0.23860E+02
         0.23632E+02          0.26207E+02
         0.23642E+02          0.27205E+02
         0.23652E+02          0.22393E+02
         0.23662E+02          0.22121E+02
         0.23672E+02          0.23268E+02
         0.23682E+02          0.22316E+02
         0.23692E+02          0.23315E+02
         0.23702E+02          0.24392E+02
         0.23712E+02          0.23643E+02
         0.23722E+02          0.23641E+02
         0.23732E+02          0.23390E+02
         0.23742E+02          0.23504E+02
         0.23752E+02          0.23214E+02
         0.23762E+02          0.23178E+02
         0.23772E+02          0.23692E+02
         0.23782E+02          0.23022E+02
         0.23792E+02          0.23560E+02
         0.23802E+02          0.23397E+02
         0.23812E+02          0.23501E+02
         0.23822E+02          0.24359E+02
         0.23832E+02          0.23132E+02
         0.23842E+02          0.24581E+02
         0.23852E+02          0.23453E+02
         0.23862E+02          0.23458E+02
         0.23872E+02          0.23471E+02
         0.23882E+02          0.23418E+02
         0.23892E+02          0.23666E+02
         0.23902E+02          0.23548E+02
         0.23912E+02          0.23555E+02
         0.23922E+02          0.23562E+02
         0.23932E+02          0.23569E+02
         0.23942E+02          0.23576E+02
         0.23952E+02          0.23583E+02
         0.23962E+02          0.23590E+02
         0.23972E+02          0.23596E+02
         0.23982E+02          0.23603E+02
         0.23992E+02          0.23610E+02
         0.24002E+02          0.23616E+02
         0.24012E+02          0.23623E+02
         0.24022E+02          0.23629E+02
         0.24032E+02          0.23635E+02
         0.24042E+02          0.23637E+02
         0.24052E+02          0.23659E+02
         0.24062E+02          0.23660E+02
         0.24072E+02          0.23666E+02
         0.24082E+02          0.23672E+02
         0.24092E+02          0.23678E+02
         0.24102E+02          0.23685E+02
         0.24112E+02          0.23692E+02
         0.24122E+02          0.23699E+02
         0.24132E+02          0.23705E+02
         0.24142E+02          0.23704E+02
         0.24152E+02          0.23717E+02
         0.24162E+02          0.23725E+02
         0.24172E+02          0.23733E+02
         0.24182E+02          0.23741E+02
         0.24192E+02          0.23749E+02
         0.24202E+02          0.23758E+02
         0.24212E+02          0.23767E+02
         0.24222E+02          0.23777E+02
         0.24232E+02          0.23788E+02
         0.24242E+02          0.23802E+02
         0.24252E+02          0.23817E+02
         0.24262E+02          0.23838E+02
         0.24272E+02          0.23868E+02
         0.24282E+02          0.23920E+02
         0.24292E+02          0.24042E+02
         0.24302E+02          0.24715E+02
         0.24312E+02          0.23129E+02
         0.24322E+02          0.23479E+02
         0.24332E+02          0.23504E+02
         0.24342E+02          0.23421E+02
         0.24352E+02          0.23917E+02
         0.24362E+02          0.23639E+02
         0.24372E+02          0.23896E+02
         0.24382E+02          0.23916E+02
         0.24392E+02          0.24000E+02
         0.24402E+02          0.24880E+02
         0.24412E+02          0.23544E+02
         0.24422E+02          0.23691E+02
         0.24432E+02          0.23760E+02
         0.24442E+02          0.23761E+02
         0.24452E+02          0.23772E+02
         0.24462E+02          0.23776E+02
         0.24472E+02          0.23773E+02
         0.24482E+02          0.23756E+02
         0.24492E+02          0.23702E+02
         0.24502E+02          0.23511E+02
         0.24512E+02          0.23569E+02
         0.24522E+02          0.23670E+02
         0.24532E+02          0.23865E+02
         0.24542E+02          0.23879E+02
         0.24552E+02          0.23883E+02
         0.24562E+02          0.23883E+02
         0.24572E+02          0.23876E+02
         0.24582E+02          0.23772E+02
         0.24592E+02          0.23997E+02
         0.24602E+02          0.24022E+02
         0.24612E+02          0.24449E+02
         0.24622E+02          0.24058E+02
         0.24632E+02          0.23364E+02
         0.24642E+02          0.23466E+02
         0.24652E+02          0.24051E+02
         0.24662E+02          0.23926E+02
         0.24672E+02          0.23843E+02
         0.24682E+02          0.23740E+02
         0.24692E+02          0.23648E+02
         0.24702E+02          0.23335E+02
         0.24712E+02          0.22265E+02
         0.24722E+02          0.24841E+02
         0.24732E+02          0.24698E+02
         0.24742E+02          0.24390E+02
         0.24752E+02          0.24852E+02
         0.24762E+02          0.24414E+02
         0.24772E+02          0.24435E+02
         0.24782E+02          0.24928E+02
         0.24792E+02          0.23294E+02
         0.24802E+02          0.24193E+02
         0.24812E+02          0.24108E+02
         0.24822E+02          0.24220E+02
         0.24832E+02          0.24269E+02
         0.24842E+02          0.24291E+02
         0.24852E+02          0.24354E+02
         0.24862E+02          0.24166E+02
         0.24872E+02          0.24379E+02
         0.24882E+02          0.24698E+02
         0.24892E+02          0.24216E+02
         0.24902E+02          0.23841E+02
         0.24912E+02          0.23945E+02
         0.24922E+02          0.23952E+02
         0.24932E+02          0.24151E+02
         0.24942E+02          0.24378E+02
         0.24952E+02          0.24243E+02
         0.24962E+02          0.24184E+02
         0.24972E+02          0.24260E+02
         0.24982E+02          0.24268E+02
         0.24992E+02          0.24276E+02
         0.25002E+02          0.24316E+02
         0.25012E+02          0.24187E+02
         0.25022E+02          0.24274E+02
         0.25032E+02          0.24338E+02
         0.25042E+02          0.24217E+02
         0.25052E+02          0.24365E+02
         0.25062E+02          0.23875E+02
         0.25072E+02          0.24082E+02
         0.25082E+02          0.24133E+02
         0.25092E+02          0.24408E+02
         0.25102E+02          0.24296E+02
         0.25112E+02          0.24398E+02
         0.25122E+02          0.24223E+02
         0.25132E+02          0.24197E+02
         0.25142E+02          0.24454E+02
         0.25152E+02          0.22589E+02
         0.25162E+02          0.23841E+02
         0.25172E+02          0.24153E+02
         0.25182E+02          0.24157E+02
         0.25192E+02          0.24211E+02
         0.25202E+02          0.24244E+02
         0.25212E+02          0.24240E+02
         0.25222E+02          0.24253E+02
         0.25232E+02          0.24262E+02
         0.25242E+02          0.24270E+02
         0.25252E+02          0.24277E+02
         0.25262E+02          0.24283E+02
         0.25272E+02          0.24290E+02
         0.25282E+02          0.24297E+02
         0.25292E+02          0.24305E+02
         0.25302E+02          0.24313E+02
         0.25312E+02          0.24323E+02
         0.25322E+02          0.24334E+02
         0.25332E+02          0.24348E+02
         0.25342E+02          0.24349E+02
         0.25352E+02          0.24471E+02
         0.25362E+02          0.25028E+02
         0.25372E+02          0.23701E+02
         0.25382E+02          0.24172E+02
         0.25392E+02          0.24233E+02
         0.25402E+02          0.24184E+02
         0.25412E+02          0.24268E+02
         0.25422E+02          0.24287E+02
         0.25432E+02          0.24299E+02
         0.25442E+02          0.24309E+02
         0.25452E+02          0.24317E+02
         0.25462E+02          0.24325E+02
         0.25472E+02          0.24332E+02
         0.25482E+02          0.24339E+02
         0.25492E+02          0.24348E+02
         0.25502E+02          0.24357E+02
         0.25512E+02          0.24383E+02
         0.25522E+02          0.24390E+02
         0.25532E+02          0.24503E+02
         0.25542E+02          0.24275E+02
         0.25552E+02          0.24261E+02
         0.25562E+02          0.24350E+02
         0.25572E+02          0.24369E+02
         0.25582E+02          0.24385E+02
         0.25592E+02          0.24545E+02
         0.25602E+02          0.24256E+02
         0.25612E+02          0.24342E+02
         0.25622E+02          0.24375E+02
         0.25632E+02          0.24449E+02
         0.25642E+02          0.24297E+02
         0.25652E+02          0.24349E+02
         0.25662E+02          0.24369E+02
         0.25672E+02          0.24382E+02
         0.25682E+02          0.24386E+02
         0.25692E+02          0.24416E+02
         0.25702E+02          0.23775E+02
         0.25712E+02          0.24392E+02
         0.25722E+02          0.24418E+02
         0.25732E+02          0.24231E+02
         0.25742E+02          0.24419E+02
         0.25752E+02          0.24372E+02
         0.25762E+02          0.24429E+02
         0.25772E+02          0.24380E+02
         0.25782E+02          0.24366E+02
         0.25792E+02          0.24389E+02
         0.25802E+02          0.24775E+02
         0.25812E+02          0.24665E+02
         0.25822E+02          0.24328E+02
         0.25832E+02          0.24417E+02
         0.25842E+02          0.24407E+02
         0.25852E+02          0.24417E+02
         0.25862E+02          0.24284E+02
         0.25872E+02          0.24386E+02
         0.25882E+02          0.24383E+02
         0.25892E+02          0.24343E+02
         0.25902E+02          0.24330E+02
         0.25912E+02          0.24224E+02
         0.25922E+02          0.24395E+02
         0.25932E+02          0.24406E+02
         0.25942E+02          0.24389E+02
         0.25952E+02          0.24399E+02
         0.25962E+02          0.24385E+02
         0.25972E+02          0.24727E+02
         0.25982E+02          0.24385E+02
         0.25992E+02          0.24378E+02
         0.26002E+02          0.24363E+02
         0.26012E+02          0.24346E+02
         0.26022E+02          0.24325E+02
         0.26032E+02          0.24279E+02
         0.26042E+02          0.24339E+02
         0.26052E+02          0.24325E+02
         0.26062E+02          0.24053E+02
         0.26072E+02          0.23974E+02
         0.26082E+02          0.24764E+02
         0.26092E+02          0.24711E+02
         0.26102E+02          0.24640E+02
         0.26112E+02          0.24614E+02
         0.26122E+02          0.24609E+02
         0.26132E+02          0.24581E+02
         0.26142E+02          0.24563E+02
         0.26152E+02          0.24550E+02
         0.26162E+02          0.24541E+02
         0.26172E+02          0.24535E+02
         0.26182E+02          0.24531E+02
         0.26192E+02          0.24531E+02
         0.26202E+02          0.24541E+02
         0.26212E+02          0.24493E+02
         0.26222E+02          0.24503E+02
         0.26232E+02          0.24504E+02
         0.26242E+02          0.24503E+02
         0.26252E+02          0.24503E+02
         0.26262E+02          0.24502E+02
         0.26272E+02          0.24502E+02
         0.26282E+02          0.24503E+02
         0.26292E+02          0.24510E+02
         0.26302E+02          0.24467E+02
         0.26312E+02          0.24488E+02
         0.26322E+02          0.24491E+02
         0.26332E+02          0.24492E+02
         0.26342E+02          0.24493E+02
         0.26352E+02          0.24496E+02
         0.26362E+02          0.24462E+02
         0.26372E+02          0.24482E+02
         0.26382E+02          0.24485E+02
         0.26392E+02          0.24487E+02
         0.26402E+02          0.24512E+02
         0.26412E+02          0.24477E+02
         0.26422E+02          0.24486E+02
         0.26432E+02          0.24549E+02
         0.26442E+02          0.24466E+02
         0.26452E+02          0.24471E+02
         0.26462E+02          0.24462E+02
         0.26472E+02          0.24468E+02
         0.26482E+02          0.24458E+02
         0.26492E+02          0.24451E+02
         0.26502E+02          0.24444E+02
         0.26512E+02          0.24438E+02
         0.26522E+02          0.24422E+02
         0.26532E+02          0.24408E+02
         0.26542E+02          0.24373E+02
         0.26552E+02          0.24414E+02
         0.26562E+02          0.24446E+02
         0.26572E+02          0.24709E+02
         0.26582E+02          0.24666E+02
         0.26592E+02          0.24617E+02
         0.26602E+02          0.24572E+02
         0.26612E+02          0.24549E+02
         0.26622E+02          0.24535E+02
         0.26632E+02          0.24525E+02
         0.26642E+02          0.24517E+02
         0.26652E+02          0.24511E+02
         0.26662E+02          0.24505E+02
         0.26672E+02          0.24501E+02
         0.26682E+02          0.24496E+02
         0.26692E+02          0.24492E+02
         0.26702E+02          0.24488E+02
         0.26712E+02          0.24485E+02
         0.26722E+02          0.24481E+02
         0.26732E+02          0.24480E+02
         0.26742E+02          0.24462E+02
         0.26752E+02          0.24460E+02
         0.26762E+02          0.24453E+02
         0.26772E+02          0.24443E+02
         0.26782E+02          0.24427E+02
         0.26792E+02          0.24396E+02
         0.26802E+02          0.24303E+02
         0.26812E+02          0.24593E+02
         0.26822E+02          0.24626E+02
         0.26832E+02          0.24546E+02
         0.26842E+02          0.24519E+02
         0.26852E+02          0.24504E+02
         0.26862E+02          0.24493E+02
         0.26872E+02          0.24485E+02
         0.26882E+02          0.24478E+02
         0.26892E+02          0.24471E+02
         0.26902E+02          0.24467E+02
         0.26912E+02          0.24448E+02
         0.26922E+02          0.24435E+02
         0.26932E+02          0.24408E+02
         0.26942E+02          0.24295E+02
         0.26952E+02          0.24667E+02
         0.26962E+02          0.24523E+02
         0.26972E+02          0.24492E+02
         0.26982E+02          0.24476E+02
         0.26992E+02          0.24465E+02
         0.27002E+02          0.24457E+02
         0.27012E+02          0.24433E+02
         0.27022E+02          0.24398E+02
         0.27032E+02          0.24091E+02
         0.27042E+02          0.24510E+02
         0.27052E+02          0.24473E+02
         0.27062E+02          0.24455E+02
         0.27072E+02          0.24430E+02
         0.27082E+02          0.24383E+02
         0.27092E+02          0.24555E+02
         0.27102E+02          0.24465E+02
         0.27112E+02          0.24443E+02
         0.27122E+02          0.24389E+02
         0.27132E+02          0.24499E+02
         0.27142E+02          0.24443E+02
         0.27152E+02          0.24380E+02
         0.27162E+02          0.24462E+02
         0.27172E+02          0.24406E+02
         0.27182E+02          0.24456E+02
         0.27192E+02          0.24316E+02
         0.27202E+02          0.24409E+02
         0.27212E+02          0.24428E+02
         0.27222E+02          0.24403E+02
         0.27232E+02          0.24483E+02
         0.27242E+02          0.24506E+02
         0.27252E+02          0.24111E+02
         0.27262E+02          0.24433E+02
         0.27272E+02          0.24421E+02
         0.27282E+02          0.24384E+02
         0.27292E+02          0.24382E+02
         0.27302E+02          0.24380E+02
         0.27312E+02          0.24378E+02
         0.27322E+02          0.24376E+02
         0.27332E+02          0.24374E+02
         0.27342E+02          0.24372E+02
         0.27352E+02          0.24370E+02
         0.27362E+02          0.24368E+02
         0.27372E+02          0.24366E+02
         0.27382E+02          0.24364E+02
         0.27392E+02          0.24362E+02
         0.27402E+02          0.24360E+02
         0.27412E+02          0.24357E+02
         0.27422E+02          0.24355E+02
         0.27432E+02          0.24353E+02
         0.27442E+02          0.24351E+02
         0.27452E+02          0.24348E+02
         0.27462E+02          0.24346E+02
         0.27472E+02          0.24344E+02
         0.27482E+02          0.24341E+02
         0.27492E+02          0.24339E+02
         0.27502E+02          0.24337E+02
         0.27512E+02          0.24334E+02
         0.27522E+02          0.24332E+02
         0.27532E+02          0.24329E+02
         0.27542E+02          0.24327E+02
         0.27552E+02          0.24324E+02
         0.27562E+02          0.24322E+02
         0.27572E+02          0.24319E+02
         0.27582E+02          0.24317E+02
         0.27592E+02          0.24314E+02
         0.27602E+02          0.24311E+02
         0.27612E+02          0.24309E+02
         0.27622E+02          0.24306E+02
         0.27632E+02          0.24303E+02
         0.27642E+02          0.24301E+02
         0.27652E+02          0.24298E+02
         0.27662E+02          0.24295E+02
         0.27672E+02          0.24292E+02
         0.27682E+02          0.24290E+02
         0.27692E+02          0.24287E+02
         0.27702E+02          0.24284E+02
         0.27712E+02          0.24281E+02
         0.27722E+02          0.24278E+02
         0.27732E+02          0.24275E+02
         0.27742E+02          0.24272E+02
         0.27752E+02          0.24269E+02
         0.27762E+02          0.24266E+02
         0.27772E+02          0.24263E+02
         0.27782E+02          0.24260E+02
         0.27792E+02          0.24256E+02
         0.27802E+02          0.24253E+02
         0.27812E+02          0.24250E+02
         0.27822E+02          0.24246E+02
         0.27832E+02          0.24242E+02
         0.27842E+02          0.24238E+02
         0.27852E+02          0.24234E+02
         0.27862E+02          0.24229E+02
         0.27872E+02          0.24224E+02
         0.27882E+02          0.24217E+02
         0.27892E+02          0.24202E+02
         0.27902E+02          0.24155E+02
         0.27912E+02          0.24052E+02
         0.27922E+02          0.23438E+02
         0.27932E+02          0.24093E+02
         0.27942E+02          0.24202E+02
         0.27952E+02          0.24214E+02
         0.27962E+02          0.24214E+02
         0.27972E+02          0.24212E+02
         0.27982E+02          0.24208E+02
         0.27992E+02          0.24205E+02
         0.28002E+02          0.24201E+02
         0.28012E+02          0.24198E+02
         0.28022E+02          0.24194E+02
         0.28032E+02          0.24191E+02
         0.28042E+02          0.24187E+02
         0.28052E+02          0.24184E+02
         0.28062E+02          0.24180E+02
         0.28072E+02          0.24177E+02
         0.28082E+02          0.24174E+02
         0.28092E+02          0.24170E+02
         0.28102E+02          0.24167E+02
         0.28112E+02          0.24163E+02
         0.28122E+02          0.24160E+02
         0.28132E+02          0.24156E+02
         0.28142E+02          0.24153E+02
         0.28152E+02          0.24149E+02
         0.28162E+02          0.24146E+02
         0.28172E+02          0.24142E+02
         0.28182E+02          0.24139E+02
         0.28192E+02          0.24135E+02
         0.28202E+02          0.24132E+02
         0.28212E+02          0.24128E+02
         0.28222E+02          0.24125E+02
         0.28232E+02          0.24121E+02
         0.28242E+02          0.24118E+02
         0.28252E+02          0.24114E+02
         0.28262E+02          0.24111E+02
         0.28272E+02          0.24107E+02
         0.28282E+02          0.24104E+02
         0.28292E+02          0.24100E+02
         0.28302E+02          0.24097E+02
         0.28312E+02          0.24093E+02
         0.28322E+02          0.24089E+02
         0.28332E+02          0.24086E+02
         0.28342E+02          0.24082E+02
         0.28352E+02          0.24079E+02
         0.28362E+02          0.24075E+02
         0.28372E+02          0.24071E+02
         0.28382E+02          0.24068E+02
         0.28392E+02          0.24064E+02
         0.28402E+02          0.24060E+02
         0.28412E+02          0.24057E+02
         0.28422E+02          0.24053E+02
         0.28432E+02          0.24049E+02
         0.28442E+02          0.24046E+02
         0.28452E+02          0.24042E+02
         0.28462E+02          0.24038E+02
         0.28472E+02          0.24035E+02
         0.28482E+02          0.24031E+02
         0.28492E+02          0.24027E+02
         0.28502E+02          0.24024E+02
         0.28512E+02          0.24020E+02
         0.28522E+02          0.24016E+02
         0.28532E+02          0.24013E+02
         0.28542E+02          0.24009E+02
         0.28552E+02          0.24005E+02
         0.28562E+02          0.24001E+02
         0.28572E+02          0.23998E+02
         0.28582E+02          0.23994E+02
         0.28592E+02          0.23990E+02
         0.28602E+02          0.23986E+02
         0.28612E+02          0.23983E+02
         0.28622E+02          0.23979E+02
         0.28632E+02          0.23975E+02
         0.28642E+02          0.23971E+02
         0.28652E+02          0.23968E+02
         0.28662E+02          0.23964E+02
         0.28672E+02          0.23960E+02
         0.28682E+02          0.23956E+02
         0.28692E+02          0.23952E+02
         0.28702E+02          0.23949E+02
         0.28712E+02          0.23945E+02
         0.28722E+02          0.23941E+02
         0.28732E+02          0.23937E+02
         0.28742E+02          0.23933E+02
         0.28752E+02          0.23929E+02
         0.28762E+02          0.23926E+02
         0.28772E+02          0.23922E+02
         0.28782E+02          0.23918E+02
         0.28792E+02          0.23914E+02
         0.28802E+02          0.23910E+02
         0.28812E+02          0.23906E+02
         0.28822E+02          0.23903E+02
         0.28832E+02          0.23899E+02
         0.28842E+02          0.23895E+02
         0.28852E+02          0.23891E+02
         0.28862E+02          0.23887E+02
         0.28872E+02          0.23883E+02
         0.28882E+02          0.23879E+02
         0.28892E+02          0.23876E+02
         0.28902E+02          0.23872E+02
         0.28912E+02          0.23868E+02
         0.28922E+02          0.23864E+02
         0.28932E+02          0.23860E+02
         0.28942E+02          0.23856E+02
         0.28952E+02          0.23852E+02
         0.28962E+02          0.23848E+02
         0.28972E+02          0.23844E+02
         0.28982E+02          0.23840E+02
         0.28992E+02          0.23836E+02
         0.29002E+02          0.23833E+02
         0.29012E+02          0.23829E+02
         0.29022E+02          0.23825E+02
         0.29032E+02          0.23821E+02
         0.29042E+02          0.23817E+02
         0.29052E+02          0.23813E+02
         0.29062E+02          0.23809E+02
         0.29072E+02          0.23805E+02
         0.29082E+02          0.23801E+02
         0.29092E+02          0.23797E+02
         0.29102E+02          0.23793E+02
         0.29112E+02          0.23789E+02
         0.29122E+02          0.23784E+02
         0.29132E+02          0.23780E+02
         0.29142E+02          0.23776E+02
         0.29152E+02          0.23772E+02
         0.29162E+02          0.23768E+02
         0.29172E+02          0.23763E+02
         0.29182E+02          0.23759E+02
         0.29192E+02          0.23754E+02
         0.29202E+02          0.23749E+02
         0.29212E+02          0.23745E+02
         0.29222E+02          0.23738E+02
         0.29232E+02          0.23730E+02
         0.29242E+02          0.23719E+02
         0.29252E+02          0.23697E+02
         0.29262E+02          0.23579E+02
         0.29272E+02          0.23760E+02
         0.29282E+02          0.23754E+02
         0.29292E+02          0.23741E+02
         0.29302E+02          0.23733E+02
         0.29312E+02          0.23727E+02
         0.29322E+02          0.23722E+02
         0.29332E+02          0.23717E+02
         0.29342E+02          0.23712E+02
         0.29352E+02          0.23708E+02
         0.29362E+02          0.23703E+02
         0.29372E+02          0.23696E+02
         0.29382E+02          0.23689E+02
         0.29392E+02          0.23681E+02
         0.29402E+02          0.23674E+02
         0.29412E+02          0.23668E+02
         0.29422E+02          0.23663E+02
         0.29432E+02          0.23659E+02
         0.29442E+02          0.23655E+02
         0.29452E+02          0.23651E+02
         0.29462E+02          0.23647E+02
         0.29472E+02          0.23643E+02
         0.29482E+02          0.23639E+02
         0.29492E+02          0.23635E+02
         0.29502E+02          0.23631E+02
         0.29512E+02          0.23627E+02
         0.29522E+02          0.23623E+02
         0.29532E+02          0.23618E+02
         0.29542E+02          0.23614E+02
         0.29552E+02          0.23610E+02
         0.29562E+02          0.23605E+02
         0.29572E+02          0.23601E+02
         0.29582E+02          0.23596E+02
         0.29592E+02          0.23592E+02
         0.29602E+02          0.23587E+02
         0.29612E+02          0.23582E+02
         0.29622E+02          0.23575E+02
         0.29632E+02          0.23578E+02
         0.29642E+02          0.23570E+02
         0.29652E+02          0.23565E+02
         0.29662E+02          0.23559E+02
         0.29672E+02          0.23554E+02
         0.29682E+02          0.23549E+02
         0.29692E+02          0.23544E+02
         0.29702E+02          0.23538E+02
         0.29712E+02          0.23532E+02
         0.29722E+02          0.23526E+02
         0.29732E+02          0.23520E+02
         0.29742E+02          0.23511E+02
         0.29752E+02          0.23488E+02
         0.29762E+02          0.23387E+02
         0.29772E+02          0.23558E+02
         0.29782E+02          0.23530E+02
         0.29792E+02          0.23523E+02
         0.29802E+02          0.23524E+02
         0.29812E+02          0.23534E+02
         0.29822E+02          0.23557E+02
         0.29832E+02          0.23605E+02
         0.29842E+02          0.23692E+02
         0.29852E+02          0.23834E+02
         0.29862E+02          0.23999E+02
         0.29872E+02          0.24093E+02
         0.29882E+02          0.24071E+02
         0.29892E+02          0.23992E+02
         0.29902E+02          0.23911E+02
         0.29912E+02          0.23844E+02
         0.29922E+02          0.23795E+02
         0.29932E+02          0.23757E+02
         0.29942E+02          0.23738E+02
         0.29952E+02          0.23721E+02
         0.29962E+02          0.23708E+02
         0.29972E+02          0.23698E+02
         0.29982E+02          0.23690E+02
         0.29992E+02          0.23681E+02
         0.30002E+02          0.23656E+02
         0.30012E+02          0.23779E+02
         0.30022E+02          0.23735E+02
         0.30032E+02          0.23740E+02
         0.30042E+02          0.23753E+02
         0.30052E+02          0.23773E+02
         0.30062E+02          0.23800E+02
         0.30072E+02          0.23832E+02
         0.30082E+02          0.23872E+02
         0.30092E+02          0.23920E+02
         0.30102E+02          0.23948E+02
         0.30112E+02          0.24042E+02
         0.30122E+02          0.24112E+02
         0.30132E+02          0.24186E+02
         0.30142E+02          0.24236E+02
         0.30152E+02          0.24376E+02
         0.30162E+02          0.24428E+02
         0.30172E+02          0.24470E+02
         0.30182E+02          0.24490E+02
         0.30192E+02          0.24481E+02
         0.30202E+02          0.24390E+02
         0.30212E+02          0.24386E+02
         0.30222E+02          0.24308E+02
         0.30232E+02          0.24274E+02
         0.30242E+02          0.24156E+02
         0.30252E+02          0.24070E+02
         0.30262E+02          0.23989E+02
         0.30272E+02          0.23915E+02
         0.30282E+02          0.23836E+02
         0.30292E+02          0.23803E+02
         0.30302E+02          0.23738E+02
         0.30312E+02          0.23672E+02
         0.30322E+02          0.23625E+02
         0.30332E+02          0.23608E+02
         0.30342E+02          0.23561E+02
         0.30352E+02          0.23504E+02
         0.30362E+02          0.23499E+02
         0.30372E+02          0.23454E+02
         0.30382E+02          0.23439E+02
         0.30392E+02          0.23539E+02
         0.30402E+02          0.23374E+02
         0.30412E+02          0.23353E+02
         0.30422E+02          0.23316E+02
         0.30432E+02          0.23317E+02
         0.30442E+02          0.23293E+02
         0.30452E+02          0.23270E+02
         0.30462E+02          0.23251E+02
         0.30472E+02          0.23226E+02
         0.30482E+02          0.23170E+02
         0.30492E+02          0.23148E+02
         0.30502E+02          0.23126E+02
         0.30512E+02          0.23103E+02
         0.30522E+02          0.23081E+02
         0.30532E+02          0.23057E+02
         0.30542E+02          0.23034E+02
         0.30552E+02          0.23009E+02
         0.30562E+02          0.22984E+02
         0.30572E+02          0.22958E+02
         0.30582E+02          0.22932E+02
         0.30592E+02          0.22904E+02
         0.30602E+02          0.22875E+02
         0.30612E+02          0.22844E+02
         0.30622E+02          0.22811E+02
         0.30632E+02          0.22775E+02
         0.30642E+02          0.22738E+02
         0.30652E+02          0.22702E+02
         0.30662E+02          0.22665E+02
         0.30672E+02          0.22625E+02
         0.30682E+02          0.22583E+02
         0.30692E+02          0.22538E+02
         0.30702E+02          0.22490E+02
         0.30712E+02          0.22439E+02
         0.30722E+02          0.22385E+02
         0.30732E+02          0.22326E+02
         0.30742E+02          0.22264E+02
         0.30752E+02          0.22196E+02
         0.30762E+02          0.22123E+02
         0.30772E+02          0.22045E+02
         0.30782E+02          0.21960E+02
         0.30792E+02          0.21868E+02
         0.30802E+02          0.21768E+02
         0.30812E+02          0.21660E+02
         0.30822E+02          0.21541E+02
         0.30832E+02          0.21412E+02
         0.30842E+02          0.21272E+02
         0.30852E+02          0.21119E+02
         0.30862E+02          0.20952E+02
         0.30872E+02          0.20771E+02
         0.30882E+02          0.20576E+02
         0.30892E+02          0.20366E+02
         0.30902E+02          0.20143E+02
         0.30912E+02          0.19910E+02
         0.30922E+02          0.19673E+02
         0.30932E+02          0.19438E+02
         0.30942E+02          0.19219E+02
         0.30952E+02          0.19030E+02
         0.30962E+02          0.18890E+02
         0.30972E+02          0.18819E+02
         0.30982E+02          0.18837E+02
         0.30992E+02          0.18955E+02
         0.31002E+02          0.19175E+02
         0.31012E+02          0.19486E+02
         0.31022E+02          0.19866E+02
         0.31032E+02          0.20288E+02
         0.31042E+02          0.20723E+02
         0.31052E+02          0.21148E+02
         0.31062E+02          0.21545E+02
         0.31072E+02          0.21905E+02
         0.31082E+02          0.22222E+02
         0.31092E+02          0.22496E+02
         0.31102E+02          0.22730E+02
         0.31112E+02          0.22925E+02
         0.31122E+02          0.23087E+02
         0.31132E+02          0.23229E+02
         0.31142E+02          0.23352E+02
         0.31152E+02          0.23454E+02
         0.31162E+02          0.23536E+02
         0.31172E+02          0.23604E+02
         0.31182E+02          0.23660E+02
         0.31192E+02          0.23705E+02
         0.31202E+02          0.23742E+02
         0.31212E+02          0.23773E+02
         0.31222E+02          0.23798E+02
         0.31232E+02          0.23818E+02
         0.31242E+02          0.23833E+02
         0.31252E+02          0.23842E+02
         0.31262E+02          0.23841E+02
         0.31272E+02          0.23829E+02
         0.31282E+02          0.23817E+02
         0.31292E+02          0.23818E+02
         0.31302E+02          0.23803E+02
         0.31312E+02          0.23786E+02
         0.31322E+02          0.23768E+02
         0.31332E+02          0.23745E+02
         0.31342E+02          0.23822E+02
         0.31352E+02          0.24504E+02
         0.31362E+02          0.24178E+02
         0.31372E+02          0.24048E+02
         0.31382E+02          0.23989E+02
         0.31392E+02          0.23982E+02
         0.31402E+02          0.24016E+02
         0.31412E+02          0.24117E+02
         0.31422E+02          0.24327E+02
         0.31432E+02          0.24646E+02
         0.31442E+02          0.24908E+02
         0.31452E+02          0.24931E+02
         0.31462E+02          0.24799E+02
         0.31472E+02          0.24648E+02
         0.31482E+02          0.24523E+02
         0.31492E+02          0.24426E+02
         0.31502E+02          0.24352E+02
         0.31512E+02          0.24295E+02
         0.31522E+02          0.24249E+02
         0.31532E+02          0.24212E+02
         0.31542E+02          0.24181E+02
         0.31552E+02          0.24155E+02
         0.31562E+02          0.24133E+02
         0.31572E+02          0.24113E+02
         0.31582E+02          0.24095E+02
         0.31592E+02          0.24079E+02
         0.31602E+02          0.24065E+02
         0.31612E+02          0.24051E+02
         0.31622E+02          0.24039E+02
         0.31632E+02          0.24028E+02
         0.31642E+02          0.24017E+02
         0.31652E+02          0.24006E+02
         0.31662E+02          0.23996E+02
         0.31672E+02          0.23987E+02
         0.31682E+02          0.23970E+02
         0.31692E+02          0.23956E+02
         0.31702E+02          0.23949E+02
         0.31712E+02          0.23948E+02
         0.31722E+02          0.23936E+02
         0.31732E+02          0.23929E+02
         0.31742E+02          0.23917E+02
         0.31752E+02          0.23907E+02
         0.31762E+02          0.23901E+02
         0.31772E+02          0.23893E+02
         0.31782E+02          0.23871E+02
         0.31792E+02          0.23860E+02
         0.31802E+02          0.23843E+02
         0.31812E+02          0.23825E+02
         0.31822E+02          0.23779E+02
         0.31832E+02          0.23632E+02
         0.31842E+02          0.23838E+02
         0.31852E+02          0.23824E+02
         0.31862E+02          0.23774E+02
         0.31872E+02          0.23710E+02
         0.31882E+02          0.24455E+02
         0.31892E+02          0.23988E+02
         0.31902E+02          0.24056E+02
         0.31912E+02          0.24591E+02
         0.31922E+02          0.25008E+02
         0.31932E+02          0.24627E+02
         0.31942E+02          0.24355E+02
         0.31952E+02          0.24210E+02
         0.31962E+02          0.24123E+02
         0.31972E+02          0.24067E+02
         0.31982E+02          0.24025E+02
         0.31992E+02          0.23994E+02
         0.32002E+02          0.23971E+02
         0.32012E+02          0.23947E+02
         0.32022E+02          0.23931E+02
         0.32032E+02          0.23916E+02
         0.32042E+02          0.23902E+02
         0.32052E+02          0.23888E+02
         0.32062E+02          0.23875E+02
         0.32072E+02          0.23905E+02
         0.32082E+02          0.23832E+02
         0.32092E+02          0.23815E+02
         0.32102E+02          0.23794E+02
         0.32112E+02          0.23767E+02
         0.32122E+02          0.23725E+02
         0.32132E+02          0.23676E+02
         0.32142E+02          0.23962E+02
         0.32152E+02          0.24866E+02
         0.32162E+02          0.24545E+02
         0.32172E+02          0.24164E+02
         0.32182E+02          0.24028E+02
         0.32192E+02          0.23959E+02
         0.32202E+02          0.23916E+02
         0.32212E+02          0.23884E+02
         0.32222E+02          0.23858E+02
         0.32232E+02          0.23839E+02
         0.32242E+02          0.23787E+02
         0.32252E+02          0.23770E+02
         0.32262E+02          0.23734E+02
         0.32272E+02          0.23659E+02
         0.32282E+02          0.24043E+02
         0.32292E+02          0.24596E+02
         0.32302E+02          0.24039E+02
         0.32312E+02          0.23913E+02
         0.32322E+02          0.23855E+02
         0.32332E+02          0.23818E+02
         0.32342E+02          0.23741E+02
         0.32352E+02          0.23720E+02
         0.32362E+02          0.23619E+02
         0.32372E+02          0.25034E+02
         0.32382E+02          0.23963E+02
         0.32392E+02          0.23836E+02
         0.32402E+02          0.23785E+02
         0.32412E+02          0.23695E+02
         0.32422E+02          0.24197E+02
         0.32432E+02          0.24018E+02
         0.32442E+02          0.23789E+02
         0.32452E+02          0.23657E+02
         0.32462E+02          0.24105E+02
         0.32472E+02          0.23743E+02
         0.32482E+02          0.24053E+02
         0.32492E+02          0.24485E+02
         0.32502E+02          0.23822E+02
         0.32512E+02          0.23912E+02
         0.32522E+02          0.23795E+02
         0.32532E+02          0.24016E+02
         0.32542E+02          0.24194E+02
         0.32552E+02          0.24256E+02
         0.32562E+02          0.24085E+02
         0.32572E+02          0.23702E+02
         0.32582E+02          0.24260E+02
         0.32592E+02          0.23811E+02
         0.32602E+02          0.23733E+02
         0.32612E+02          0.23800E+02
         0.32622E+02          0.23835E+02
         0.32632E+02          0.23895E+02
         0.32642E+02          0.23995E+02
         0.32652E+02          0.24165E+02
         0.32662E+02          0.24471E+02
         0.32672E+02          0.25059E+02
         0.32682E+02          0.26252E+02
         0.32692E+02          0.28479E+02
         0.32702E+02          0.30418E+02
         0.32712E+02          0.29103E+02
         0.32722E+02          0.26977E+02
         0.32732E+02          0.25663E+02
         0.32742E+02          0.24850E+02
         0.32752E+02          0.24607E+02
         0.32762E+02          0.24198E+02
         0.32772E+02          0.24177E+02
         0.32782E+02          0.23827E+02
         0.32792E+02          0.23669E+02
         0.32802E+02          0.23467E+02
         0.32812E+02          0.23256E+02
         0.32822E+02          0.23016E+02
         0.32832E+02          0.22765E+02
         0.32842E+02          0.22860E+02
         0.32852E+02          0.25723E+02
         0.32862E+02          0.25302E+02
         0.32872E+02          0.22831E+02
         0.32882E+02          0.20673E+02
         0.32892E+02          0.18366E+02
         0.32902E+02          0.16676E+02
         0.32912E+02          0.16826E+02
         0.32922E+02          0.18317E+02
         0.32932E+02          0.19928E+02
         0.32942E+02          0.20849E+02
         0.32952E+02          0.21496E+02
         0.32962E+02          0.22031E+02
         0.32972E+02          0.22388E+02
         0.32982E+02          0.22636E+02
         0.32992E+02          0.22815E+02
         0.33002E+02          0.22947E+02
         0.33012E+02          0.23045E+02
         0.33022E+02          0.23120E+02
         0.33032E+02          0.23197E+02
         0.33042E+02          0.23214E+02
         0.33052E+02          0.23258E+02
         0.33062E+02          0.23292E+02
         0.33072E+02          0.23316E+02
         0.33082E+02          0.23335E+02
         0.33092E+02          0.23344E+02
         0.33102E+02          0.23351E+02
         0.33112E+02          0.23363E+02
         0.33122E+02          0.23367E+02
         0.33132E+02          0.23370E+02
         0.33142E+02          0.23347E+02
         0.33152E+02          0.23367E+02
         0.33162E+02          0.23354E+02
         0.33172E+02          0.23324E+02
         0.33182E+02          0.23335E+02
         0.33192E+02          0.23341E+02
         0.33202E+02          0.23675E+02
         0.33212E+02          0.23387E+02
         0.33222E+02          0.23356E+02
         0.33232E+02          0.23337E+02
         0.33242E+02          0.23318E+02
         0.33252E+02          0.23245E+02
         0.33262E+02          0.23135E+02
         0.33272E+02          0.23059E+02
         0.33282E+02          0.23215E+02
         0.33292E+02          0.23333E+02
         0.33302E+02          0.23350E+02
         0.33312E+02          0.23377E+02
         0.33322E+02          0.23363E+02
         0.33332E+02          0.23371E+02
         0.33342E+02          0.23374E+02
         0.33352E+02          0.23374E+02
         0.33362E+02          0.23395E+02
         0.33372E+02          0.23425E+02
         0.33382E+02          0.23475E+02
         0.33392E+02          0.23598E+02
         0.33402E+02          0.23950E+02
         0.33412E+02          0.25418E+02
         0.33422E+02          0.31320E+02
         0.33432E+02          0.25194E+02
         0.33442E+02          0.23697E+02
         0.33452E+02          0.23290E+02
         0.33462E+02          0.23037E+02
         0.33472E+02          0.22823E+02
         0.33482E+02          0.22526E+02
         0.33492E+02          0.22629E+02
         0.33502E+02          0.24378E+02
         0.33512E+02          0.19354E+02
         0.33522E+02          0.15390E+02
         0.33532E+02          0.18929E+02
         0.33542E+02          0.21212E+02
         0.33552E+02          0.22112E+02
         0.33562E+02          0.22516E+02
         0.33572E+02          0.22726E+02
         0.33582E+02          0.22847E+02
         0.33592E+02          0.22915E+02
         0.33602E+02          0.22959E+02
         0.33612E+02          0.22991E+02
         0.33622E+02          0.23009E+02
         0.33632E+02          0.23016E+02
         0.33642E+02          0.23029E+02
         0.33652E+02          0.23033E+02
         0.33662E+02          0.23007E+02
         0.33672E+02          0.23036E+02
         0.33682E+02          0.23037E+02
         0.33692E+02          0.23047E+02
         0.33702E+02          0.23061E+02
         0.33712E+02          0.23080E+02
         0.33722E+02          0.23145E+02
         0.33732E+02          0.23328E+02
         0.33742E+02          0.24265E+02
         0.33752E+02          0.27477E+02
         0.33762E+02          0.22766E+02
         0.33772E+02          0.22423E+02
         0.33782E+02          0.22150E+02
         0.33792E+02          0.25968E+02
         0.33802E+02          0.15498E+02
         0.33812E+02          0.20427E+02
         0.33822E+02          0.22084E+02
         0.33832E+02          0.22465E+02
         0.33842E+02          0.22590E+02
         0.33852E+02          0.22631E+02
         0.33862E+02          0.22617E+02
         0.33872E+02          0.22456E+02
         0.33882E+02          0.22671E+02
         0.33892E+02          0.22834E+02
         0.33902E+02          0.22871E+02
         0.33912E+02          0.22980E+02
         0.33922E+02          0.24013E+02
         0.33932E+02          0.22624E+02
         0.33942E+02          0.22113E+02
         0.33952E+02          0.24859E+02
         0.33962E+02          0.19141E+02
         0.33972E+02          0.22156E+02
         0.33982E+02          0.22465E+02
         0.33992E+02          0.22546E+02
         0.34002E+02          0.22586E+02
         0.34012E+02          0.22625E+02
         0.34022E+02          0.22755E+02
         0.34032E+02          0.28695E+02
         0.34042E+02          0.21834E+02
         0.34052E+02          0.15610E+02
         0.34062E+02          0.22084E+02
         0.34072E+02          0.22394E+02
         0.34082E+02          0.22461E+02
         0.34092E+02          0.22577E+02
         0.34102E+02          0.23022E+02
         0.34112E+02          0.22621E+02
         0.34122E+02          0.22110E+02
         0.34132E+02          0.22344E+02
         0.34142E+02          0.22513E+02
         0.34152E+02          0.21562E+02
         0.34162E+02          0.21735E+02
         0.34172E+02          0.22425E+02
         0.34182E+02          0.21838E+02
         0.34192E+02          0.22107E+02
         0.34202E+02          0.22467E+02
         0.34212E+02          0.21570E+02
         0.34222E+02          0.22612E+02
         0.34232E+02          0.22172E+02
         0.34242E+02          0.21338E+02
         0.34252E+02          0.17665E+02
         0.34262E+02          0.22005E+02
         0.34272E+02          0.25662E+02
         0.34282E+02          0.21459E+02
         0.34292E+02          0.21861E+02
         0.34302E+02          0.24814E+02
         0.34312E+02          0.21142E+02
         0.34322E+02          0.20508E+02
         0.34332E+02          0.20932E+02
         0.34342E+02          0.20896E+02
         0.34352E+02          0.20868E+02
         0.34362E+02          0.20846E+02
         0.34372E+02          0.20820E+02
         0.34382E+02          0.20796E+02
         0.34392E+02          0.20771E+02
         0.34402E+02          0.20742E+02
         0.34412E+02          0.20689E+02
         0.34422E+02          0.20794E+02
         0.34432E+02          0.20711E+02
         0.34442E+02          0.20691E+02
         0.34452E+02          0.20670E+02
         0.34462E+02          0.20666E+02
         0.34472E+02          0.20652E+02
         0.34482E+02          0.20732E+02
         0.34492E+02          0.20529E+02
         0.34502E+02          0.20729E+02
         0.34512E+02          0.20646E+02
         0.34522E+02          0.20535E+02
         0.34532E+02          0.20578E+02
         0.34542E+02          0.20539E+02
         0.34552E+02          0.20495E+02
         0.34562E+02          0.20509E+02
         0.34572E+02          0.20466E+02
         0.34582E+02          0.20468E+02
         0.34592E+02          0.20420E+02
         0.34602E+02          0.20425E+02
         0.34612E+02          0.20406E+02
         0.34622E+02          0.20389E+02
         0.34632E+02          0.20363E+02
         0.34642E+02          0.20331E+02
         0.34652E+02          0.20307E+02
         0.34662E+02          0.20297E+02
         0.34672E+02          0.20260E+02
         0.34682E+02          0.20188E+02
         0.34692E+02          0.20118E+02
         0.34702E+02          0.20067E+02
         0.34712E+02          0.20040E+02
         0.34722E+02          0.20027E+02
         0.34732E+02          0.20016E+02
         0.34742E+02          0.20005E+02
         0.34752E+02          0.19993E+02
         0.34762E+02          0.19979E+02
         0.34772E+02          0.19964E+02
         0.34782E+02          0.19948E+02
         0.34792E+02          0.19931E+02
         0.34802E+02          0.19914E+02
         0.34812E+02          0.19896E+02
         0.34822E+02          0.19880E+02
         0.34832E+02          0.19869E+02
         0.34842E+02          0.19806E+02
         0.34852E+02          0.19805E+02
         0.34862E+02          0.19787E+02
         0.34872E+02          0.19768E+02
         0.34882E+02          0.19747E+02
         0.34892E+02          0.19727E+02
         0.34902E+02          0.19705E+02
         0.34912E+02          0.19684E+02
         0.34922E+02          0.19662E+02
         0.34932E+02          0.19639E+02
         0.34942E+02          0.19616E+02
         0.34952E+02          0.19592E+02
         0.34962E+02          0.19572E+02
         0.34972E+02          0.19568E+02
         0.34982E+02          0.19564E+02
         0.34992E+02          0.19547E+02
         0.35002E+02          0.19506E+02
         0.35012E+02          0.19479E+02
         0.35022E+02          0.19454E+02
         0.35032E+02          0.19430E+02
         0.35042E+02          0.19406E+02
         0.35052E+02          0.19383E+02
         0.35062E+02          0.19360E+02
         0.35072E+02          0.19337E+02
         0.35082E+02          0.19314E+02
         0.35092E+02          0.19291E+02
         0.35102E+02          0.19268E+02
         0.35112E+02          0.19246E+02
         0.35122E+02          0.19223E+02
         0.35132E+02          0.19196E+02
         0.35142E+02          0.19172E+02
         0.35152E+02          0.19114E+02
         0.35162E+02          0.19111E+02
         0.35172E+02          0.19093E+02
         0.35182E+02          0.19071E+02
         0.35192E+02          0.19049E+02
         0.35202E+02          0.19028E+02
         0.35212E+02          0.19011E+02
         0.35222E+02          0.18965E+02
         0.35232E+02          0.18997E+02
         0.35242E+02          0.18968E+02
         0.35252E+02          0.18937E+02
         0.35262E+02          0.18859E+02
         0.35272E+02          0.18748E+02
         0.35282E+02          0.18736E+02
         0.35292E+02          0.18736E+02
         0.35302E+02          0.18728E+02
         0.35312E+02          0.18686E+02
         0.35322E+02          0.18684E+02
         0.35332E+02          0.18665E+02
         0.35342E+02          0.18642E+02
         0.35352E+02          0.18633E+02
         0.35362E+02          0.18612E+02
         0.35372E+02          0.18581E+02
         0.35382E+02          0.18556E+02
         0.35392E+02          0.18532E+02
         0.35402E+02          0.18503E+02
         0.35412E+02          0.18579E+02
         0.35422E+02          0.18447E+02
         0.35432E+02          0.18412E+02
         0.35442E+02          0.18534E+02
         0.35452E+02          0.18376E+02
         0.35462E+02          0.18350E+02
         0.35472E+02          0.18321E+02
         0.35482E+02          0.18291E+02
         0.35492E+02          0.18270E+02
         0.35502E+02          0.18264E+02
         0.35512E+02          0.18241E+02
         0.35522E+02          0.18304E+02
         0.35532E+02          0.18161E+02
         0.35542E+02          0.18031E+02
         0.35552E+02          0.18046E+02
         0.35562E+02          0.18036E+02
         0.35572E+02          0.18021E+02
         0.35582E+02          0.17994E+02
         0.35592E+02          0.17984E+02
         0.35602E+02          0.17984E+02
         0.35612E+02          0.17928E+02
         0.35622E+02          0.17902E+02
         0.35632E+02          0.17876E+02
         0.35642E+02          0.17862E+02
         0.35652E+02          0.17816E+02
         0.35662E+02          0.17802E+02
         0.35672E+02          0.17784E+02
         0.35682E+02          0.17756E+02
         0.35692E+02          0.17596E+02
         0.35702E+02          0.17665E+02
         0.35712E+02          0.17708E+02
         0.35722E+02          0.17633E+02
         0.35732E+02          0.17596E+02
         0.35742E+02          0.17568E+02
         0.35752E+02          0.17535E+02
         0.35762E+02          0.17516E+02
         0.35772E+02          0.17491E+02
         0.35782E+02          0.17360E+02
         0.35792E+02          0.17377E+02
         0.35802E+02          0.17361E+02
         0.35812E+02          0.17337E+02
         0.35822E+02          0.17310E+02
         0.35832E+02          0.17294E+02
         0.35842E+02          0.17160E+02
         0.35852E+02          0.17197E+02
         0.35862E+02          0.17180E+02
         0.35872E+02          0.17135E+02
         0.35882E+02          0.17142E+02
         0.35892E+02          0.17074E+02
         0.35902E+02          0.17058E+02
         0.35912E+02          0.17055E+02
         0.35922E+02          0.16983E+02
         0.35932E+02          0.16973E+02
         0.35942E+02          0.16917E+02
         0.35952E+02          0.16921E+02
         0.35962E+02          0.16851E+02
         0.35972E+02          0.16827E+02
         0.35982E+02          0.16795E+02
         0.35992E+02          0.16787E+02
         0.36002E+02          0.16736E+02
         0.36012E+02          0.16683E+02
         0.36022E+02          0.16682E+02
         0.36032E+02          0.16655E+02
         0.36042E+02          0.16619E+02
         0.36052E+02          0.16529E+02
         0.36062E+02          0.16491E+02
         0.36072E+02          0.16452E+02
         0.36082E+02          0.16413E+02
         0.36092E+02          0.16373E+02
         0.36102E+02          0.16333E+02
         0.36112E+02          0.16291E+02
         0.36122E+02          0.16249E+02
         0.36132E+02          0.16206E+02
         0.36142E+02          0.16161E+02
         0.36152E+02          0.16115E+02
         0.36162E+02          0.16066E+02
         0.36172E+02          0.16015E+02
         0.36182E+02          0.15962E+02
         0.36192E+02          0.15919E+02
         0.36202E+02          0.15878E+02
         0.36212E+02          0.15835E+02
         0.36222E+02          0.15797E+02
         0.36232E+02          0.15773E+02
         0.36242E+02          0.15784E+02
         0.36252E+02          0.15900E+02
         0.36262E+02          0.16286E+02
         0.36272E+02          0.17294E+02
         0.36282E+02          0.18624E+02
         0.36292E+02          0.18458E+02
         0.36302E+02          0.17590E+02
         0.36312E+02          0.16953E+02
         0.36322E+02          0.16568E+02
         0.36332E+02          0.16296E+02
         0.36342E+02          0.16096E+02
         0.36352E+02          0.15945E+02
         0.36362E+02          0.15827E+02
         0.36372E+02          0.15739E+02
