    100.00       0.00000E+00
    110.00       0.00000E+00
    120.00       0.00000E+00
    130.00       0.00000E+00
    140.00       0.00000E+00
    150.00       0.00000E+00
    160.00       0.00000E+00
    170.00       6.76455E-38
    180.00       3.35363E-36
    190.00       1.09906E-34
    200.00       2.53421E-33
    210.00       4.32384E-32
    220.00       5.68877E-31
    230.00       5.97143E-30
    240.00       5.14471E-29
    250.00       3.72574E-28
    260.00       2.31405E-27
    270.00       1.25397E-26
    280.00       6.01635E-26
    290.00       2.58827E-25
    300.00       1.00943E-24
    310.00       3.60304E-24
    320.00       1.18693E-23
    330.00       3.63510E-23
    340.00       1.04175E-22
    350.00       2.80955E-22
    360.00       7.16737E-22
    370.00       1.73737E-21
    380.00       4.01789E-21
    390.00       8.89735E-21
    400.00       1.89275E-20
    410.00       3.87957E-20
    420.00       7.68230E-20
    430.00       1.47321E-19
    440.00       2.74196E-19
    450.00       4.96308E-19
    460.00       8.75239E-19
    470.00       1.50631E-18
    480.00       2.53385E-18
    490.00       4.17194E-18
    500.00       6.73201E-18
    510.00       1.06591E-17
    520.00       1.65784E-17
    530.00       2.53542E-17
    540.00       3.81641E-17
    550.00       5.65894E-17
    560.00       8.27256E-17
    570.00       1.19316E-16
    580.00       1.69908E-16
    590.00       2.39038E-16
    600.00       3.32452E-16
    610.00       4.57340E-16
    620.00       6.22636E-16
    630.00       8.39318E-16
    640.00       1.12078E-15
    650.00       1.48322E-15
    660.00       1.94608E-15
    670.00       2.53253E-15
    680.00       3.26997E-15
    690.00       4.19060E-15
    700.00       5.33203E-15
    710.00       6.73794E-15
    720.00       8.45869E-15
    730.00       1.05521E-14
    740.00       1.30841E-14
    750.00       1.61298E-14
    760.00       1.97736E-14
    770.00       2.41112E-14
    780.00       2.92491E-14
    790.00       3.53062E-14
    800.00       4.24148E-14
    810.00       5.07212E-14
    820.00       6.03864E-14
    830.00       7.15874E-14
    840.00       8.45179E-14
    850.00       9.93890E-14
    860.00       1.16430E-13
    870.00       1.35890E-13
    880.00       1.58037E-13
    890.00       1.83161E-13
    900.00       2.11573E-13
    910.00       2.43606E-13
    920.00       2.79616E-13
    930.00       3.19983E-13
    940.00       3.65108E-13
    950.00       4.15422E-13
    960.00       4.71376E-13
    970.00       5.33450E-13
    980.00       6.02146E-13
    990.00       6.77997E-13
   1000.00       7.61558E-13
   1010.00       8.53412E-13
   1020.00       9.54168E-13
   1030.00       1.06446E-12
   1040.00       1.18496E-12
   1050.00       1.31635E-12
   1060.00       1.45935E-12
   1070.00       1.61470E-12
   1080.00       1.78317E-12
   1090.00       1.96555E-12
   1100.00       2.16267E-12
   1110.00       2.37537E-12
   1120.00       2.60451E-12
   1130.00       2.85101E-12
   1140.00       3.11576E-12
   1150.00       3.39971E-12
   1160.00       3.70383E-12
   1170.00       4.02910E-12
   1180.00       4.37652E-12
   1190.00       4.74713E-12
   1200.00       5.14198E-12
   1210.00       5.56211E-12
   1220.00       6.00862E-12
   1230.00       6.48261E-12
   1240.00       6.98520E-12
   1250.00       7.51750E-12
   1260.00       8.08068E-12
   1270.00       8.67588E-12
   1280.00       9.30430E-12
   1290.00       9.96709E-12
   1300.00       1.06655E-11
   1310.00       1.14006E-11
   1320.00       1.21738E-11
   1330.00       1.29861E-11
   1340.00       1.38389E-11
   1350.00       1.47334E-11
   1360.00       1.56708E-11
   1370.00       1.66523E-11
   1380.00       1.76792E-11
   1390.00       1.87528E-11
   1400.00       1.98742E-11
   1410.00       2.10448E-11
   1420.00       2.22657E-11
   1430.00       2.35383E-11
   1440.00       2.48637E-11
   1450.00       2.62432E-11
   1460.00       2.76780E-11
   1470.00       2.91694E-11
   1480.00       3.07185E-11
   1490.00       3.23266E-11
   1500.00       3.39949E-11
   1510.00       3.57245E-11
   1520.00       3.75167E-11
   1530.00       3.93726E-11
   1540.00       4.12936E-11
   1550.00       4.32804E-11
   1560.00       4.53345E-11
   1570.00       4.74570E-11
   1580.00       4.96488E-11
   1590.00       5.19111E-11
   1600.00       5.42452E-11
   1610.00       5.66519E-11
   1620.00       5.91323E-11
   1630.00       6.16875E-11
   1640.00       6.43185E-11
   1650.00       6.70264E-11
   1660.00       6.98120E-11
   1670.00       7.26764E-11
   1680.00       7.56206E-11
   1690.00       7.86453E-11
   1700.00       8.17517E-11
   1710.00       8.49403E-11
   1720.00       8.82125E-11
   1730.00       9.15687E-11
   1740.00       9.50100E-11
   1750.00       9.85371E-11
   1760.00       1.02151E-10
   1770.00       1.05852E-10
   1780.00       1.09641E-10
   1790.00       1.13519E-10
   1800.00       1.17487E-10
   1810.00       1.21545E-10
   1820.00       1.25694E-10
   1830.00       1.29934E-10
   1840.00       1.34267E-10
   1850.00       1.38692E-10
   1860.00       1.43211E-10
   1870.00       1.47823E-10
   1880.00       1.52531E-10
   1890.00       1.57333E-10
   1900.00       1.62230E-10
   1910.00       1.67224E-10
   1920.00       1.72313E-10
   1930.00       1.77500E-10
   1940.00       1.82784E-10
   1950.00       1.88166E-10
   1960.00       1.93645E-10
   1970.00       1.99223E-10
   1980.00       2.04899E-10
   1990.00       2.10674E-10
   2000.00       2.16549E-10
   2010.00       2.22523E-10
   2020.00       2.28596E-10
   2030.00       2.34770E-10
   2040.00       2.41044E-10
   2050.00       2.47417E-10
   2060.00       2.53892E-10
   2070.00       2.60467E-10
   2080.00       2.67143E-10
   2090.00       2.73919E-10
   2100.00       2.80797E-10
   2110.00       2.87775E-10
   2120.00       2.94854E-10
   2130.00       3.02035E-10
   2140.00       3.09316E-10
   2150.00       3.16699E-10
   2160.00       3.24182E-10
   2170.00       3.31767E-10
   2180.00       3.39452E-10
   2190.00       3.47238E-10
   2200.00       3.55126E-10
   2210.00       3.63113E-10
   2220.00       3.71201E-10
   2230.00       3.79390E-10
   2240.00       3.87678E-10
   2250.00       3.96067E-10
   2260.00       4.04556E-10
   2270.00       4.13144E-10
   2280.00       4.21832E-10
   2290.00       4.30619E-10
   2300.00       4.39505E-10
   2310.00       4.48489E-10
   2320.00       4.57572E-10
   2330.00       4.66754E-10
   2340.00       4.76033E-10
   2350.00       4.85409E-10
   2360.00       4.94883E-10
   2370.00       5.04454E-10
   2380.00       5.14121E-10
   2390.00       5.23886E-10
   2400.00       5.33745E-10
   2410.00       5.43700E-10
   2420.00       5.53750E-10
   2430.00       5.63895E-10
   2440.00       5.74134E-10
   2450.00       5.84468E-10
   2460.00       5.94894E-10
   2470.00       6.05413E-10
   2480.00       6.16025E-10
   2490.00       6.26730E-10
   2500.00       6.37526E-10
   2510.00       6.48413E-10
   2520.00       6.59391E-10
   2530.00       6.70459E-10
   2540.00       6.81616E-10
   2550.00       6.92864E-10
   2560.00       7.04200E-10
   2570.00       7.15623E-10
   2580.00       7.27135E-10
   2590.00       7.38734E-10
   2600.00       7.50419E-10
   2610.00       7.62191E-10
   2620.00       7.74048E-10
   2630.00       7.85991E-10
   2640.00       7.98017E-10
   2650.00       8.10127E-10
   2660.00       8.22321E-10
   2670.00       8.34597E-10
   2680.00       8.46957E-10
   2690.00       8.59396E-10
   2700.00       8.71918E-10
   2710.00       8.84519E-10
   2720.00       8.97201E-10
   2730.00       9.09961E-10
   2740.00       9.22801E-10
   2750.00       9.35718E-10
   2760.00       9.48713E-10
   2770.00       9.61784E-10
   2780.00       9.74931E-10
   2790.00       9.88154E-10
   2800.00       1.00145E-09
   2810.00       1.01482E-09
   2820.00       1.02827E-09
   2830.00       1.04179E-09
   2840.00       1.05538E-09
   2850.00       1.06904E-09
   2860.00       1.08278E-09
   2870.00       1.09658E-09
   2880.00       1.11046E-09
   2890.00       1.12440E-09
   2900.00       1.13842E-09
   2910.00       1.15250E-09
   2920.00       1.16664E-09
   2930.00       1.18086E-09
   2940.00       1.19514E-09
   2950.00       1.20949E-09
   2960.00       1.22390E-09
   2970.00       1.23837E-09
   2980.00       1.25291E-09
   2990.00       1.26751E-09
   3000.00       1.28218E-09
   3010.00       1.29690E-09
   3020.00       1.31169E-09
   3030.00       1.32654E-09
   3040.00       1.34144E-09
   3050.00       1.35641E-09
   3060.00       1.37143E-09
   3070.00       1.38651E-09
   3080.00       1.40165E-09
   3090.00       1.41684E-09
   3100.00       1.43210E-09
   3110.00       1.44740E-09
   3120.00       1.46276E-09
   3130.00       1.47818E-09
   3140.00       1.49364E-09
   3150.00       1.50916E-09
   3160.00       1.52474E-09
   3170.00       1.54036E-09
   3180.00       1.55604E-09
   3190.00       1.57176E-09
   3200.00       1.58753E-09
   3210.00       1.60336E-09
   3220.00       1.61923E-09
   3230.00       1.63515E-09
   3240.00       1.65111E-09
   3250.00       1.66713E-09
   3260.00       1.68318E-09
   3270.00       1.69929E-09
   3280.00       1.71544E-09
   3290.00       1.73163E-09
   3300.00       1.74787E-09
   3310.00       1.76414E-09
   3320.00       1.78046E-09
   3330.00       1.79683E-09
   3340.00       1.81323E-09
   3350.00       1.82967E-09
   3360.00       1.84616E-09
   3370.00       1.86268E-09
   3380.00       1.87924E-09
   3390.00       1.89584E-09
   3400.00       1.91248E-09
   3410.00       1.92915E-09
   3420.00       1.94586E-09
   3430.00       1.96261E-09
   3440.00       1.97939E-09
   3450.00       1.99621E-09
   3460.00       2.01306E-09
   3470.00       2.02994E-09
   3480.00       2.04686E-09
   3490.00       2.06381E-09
   3500.00       2.08079E-09
   3510.00       2.09781E-09
   3520.00       2.11485E-09
   3530.00       2.13192E-09
   3540.00       2.14903E-09
   3550.00       2.16616E-09
   3560.00       2.18332E-09
   3570.00       2.20051E-09
   3580.00       2.21773E-09
   3590.00       2.23498E-09
   3600.00       2.25225E-09
   3610.00       2.26955E-09
   3620.00       2.28687E-09
   3630.00       2.30422E-09
   3640.00       2.32159E-09
   3650.00       2.33899E-09
   3660.00       2.35641E-09
   3670.00       2.37385E-09
   3680.00       2.39132E-09
   3690.00       2.40881E-09
   3700.00       2.42631E-09
   3710.00       2.44385E-09
   3720.00       2.46140E-09
   3730.00       2.47897E-09
   3740.00       2.49656E-09
   3750.00       2.51417E-09
   3760.00       2.53180E-09
   3770.00       2.54945E-09
   3780.00       2.56711E-09
   3790.00       2.58480E-09
   3800.00       2.60250E-09
   3810.00       2.62021E-09
   3820.00       2.63795E-09
   3830.00       2.65569E-09
   3840.00       2.67346E-09
   3850.00       2.69124E-09
   3860.00       2.70903E-09
   3870.00       2.72683E-09
   3880.00       2.74465E-09
   3890.00       2.76249E-09
   3900.00       2.78033E-09
   3910.00       2.79819E-09
   3920.00       2.81606E-09
   3930.00       2.83394E-09
   3940.00       2.85183E-09
   3950.00       2.86973E-09
   3960.00       2.88764E-09
   3970.00       2.90557E-09
   3980.00       2.92350E-09
   3990.00       2.94143E-09
   4000.00       2.95938E-09
   4010.00       2.97734E-09
   4020.00       2.99530E-09
   4030.00       3.01328E-09
   4040.00       3.03125E-09
   4050.00       3.04924E-09
   4060.00       3.06723E-09
   4070.00       3.08523E-09
   4080.00       3.10323E-09
   4090.00       3.12124E-09
   4100.00       3.13925E-09
   4110.00       3.15727E-09
   4120.00       3.17529E-09
   4130.00       3.19332E-09
   4140.00       3.21134E-09
   4150.00       3.22938E-09
   4160.00       3.24741E-09
   4170.00       3.26545E-09
   4180.00       3.28349E-09
   4190.00       3.30153E-09
   4200.00       3.31957E-09
   4210.00       3.33762E-09
   4220.00       3.35566E-09
   4230.00       3.37370E-09
   4240.00       3.39175E-09
   4250.00       3.40979E-09
   4260.00       3.42783E-09
   4270.00       3.44588E-09
   4280.00       3.46392E-09
   4290.00       3.48196E-09
   4300.00       3.50000E-09
   4310.00       3.51804E-09
   4320.00       3.53607E-09
   4330.00       3.55410E-09
   4340.00       3.57213E-09
   4350.00       3.59015E-09
   4360.00       3.60818E-09
   4370.00       3.62619E-09
   4380.00       3.64421E-09
   4390.00       3.66222E-09
   4400.00       3.68022E-09
   4410.00       3.69822E-09
   4420.00       3.71622E-09
   4430.00       3.73421E-09
   4440.00       3.75219E-09
   4450.00       3.77017E-09
   4460.00       3.78814E-09
   4470.00       3.80611E-09
   4480.00       3.82406E-09
   4490.00       3.84202E-09
   4500.00       3.85996E-09
   4510.00       3.87790E-09
   4520.00       3.89583E-09
   4530.00       3.91375E-09
   4540.00       3.93166E-09
   4550.00       3.94957E-09
   4560.00       3.96746E-09
   4570.00       3.98535E-09
   4580.00       4.00323E-09
   4590.00       4.02110E-09
   4600.00       4.03896E-09
   4610.00       4.05681E-09
   4620.00       4.07464E-09
   4630.00       4.09247E-09
   4640.00       4.11029E-09
   4650.00       4.12810E-09
   4660.00       4.14590E-09
   4670.00       4.16368E-09
   4680.00       4.18146E-09
   4690.00       4.19922E-09
   4700.00       4.21697E-09
   4710.00       4.23472E-09
   4720.00       4.25244E-09
   4730.00       4.27015E-09
   4740.00       4.28786E-09
   4750.00       4.30555E-09
   4760.00       4.32323E-09
   4770.00       4.34089E-09
   4780.00       4.35854E-09
   4790.00       4.37618E-09
   4800.00       4.39380E-09
   4810.00       4.41141E-09
   4820.00       4.42901E-09
   4830.00       4.44659E-09
   4840.00       4.46416E-09
   4850.00       4.48171E-09
   4860.00       4.49925E-09
   4870.00       4.51677E-09
   4880.00       4.53428E-09
   4890.00       4.55177E-09
   4900.00       4.56926E-09
   4910.00       4.58672E-09
   4920.00       4.60416E-09
   4930.00       4.62160E-09
   4940.00       4.63901E-09
   4950.00       4.65641E-09
   4960.00       4.67379E-09
   4970.00       4.69116E-09
   4980.00       4.70851E-09
   4990.00       4.72584E-09
   5000.00       4.74316E-09
   5010.00       4.76046E-09
   5020.00       4.77774E-09
   5030.00       4.79501E-09
   5040.00       4.81225E-09
   5050.00       4.82948E-09
   5060.00       4.84669E-09
   5070.00       4.86389E-09
   5080.00       4.88106E-09
   5090.00       4.89822E-09
   6000.00       6.37116E-09
   7000.00       7.75752E-09
   8000.00       8.89507E-09
   9000.00       9.80560E-09
  10000.00       1.05191E-08
