    100.00       0.00000E+00
    110.00       0.00000E+00
    120.00       0.00000E+00
    130.00       0.00000E+00
    140.00       0.00000E+00
    150.00       0.00000E+00
    160.00       0.00000E+00
    170.00       0.00000E+00
    180.00       0.00000E+00
    190.00       0.00000E+00
    200.00       0.00000E+00
    210.00       0.00000E+00
    220.00       0.00000E+00
    230.00       0.00000E+00
    240.00       0.00000E+00
    250.00       0.00000E+00
    260.00       0.00000E+00
    270.00       0.00000E+00
    280.00       0.00000E+00
    290.00       0.00000E+00
    300.00       0.00000E+00
    310.00       0.00000E+00
    320.00       0.00000E+00
    330.00       0.00000E+00
    340.00       0.00000E+00
    350.00       0.00000E+00
    360.00       0.00000E+00
    370.00       0.00000E+00
    380.00       0.00000E+00
    390.00       0.00000E+00
    400.00       0.00000E+00
    410.00       0.00000E+00
    420.00       0.00000E+00
    430.00       0.00000E+00
    440.00       0.00000E+00
    450.00       0.00000E+00
    460.00       0.00000E+00
    470.00       0.00000E+00
    480.00       0.00000E+00
    490.00       0.00000E+00
    500.00       1.49443E-38
    510.00       6.54458E-38
    520.00       2.70667E-37
    530.00       1.06058E-36
    540.00       3.94929E-36
    550.00       1.40142E-35
    560.00       4.75122E-35
    570.00       1.54273E-34
    580.00       4.80827E-34
    590.00       1.44146E-33
    600.00       4.16478E-33
    610.00       1.16181E-32
    620.00       3.13456E-32
    630.00       8.19237E-32
    640.00       2.07722E-31
    650.00       5.11685E-31
    660.00       1.22614E-30
    670.00       2.86184E-30
    680.00       6.51345E-30
    690.00       1.44717E-29
    700.00       3.14207E-29
    710.00       6.67322E-29
    720.00       1.38762E-28
    730.00       2.82746E-28
    740.00       5.65038E-28
    750.00       1.10829E-27
    760.00       2.13521E-27
    770.00       4.04345E-27
    780.00       7.53124E-27
    790.00       1.38057E-26
    800.00       2.49228E-26
    810.00       4.43327E-26
    820.00       7.77451E-26
    830.00       1.34485E-25
    840.00       2.29581E-25
    850.00       3.86958E-25
    860.00       6.44243E-25
    870.00       1.05994E-24
    880.00       1.72397E-24
    890.00       2.77313E-24
    900.00       4.41329E-24
    910.00       6.95116E-24
    920.00       1.08393E-23
    930.00       1.67395E-23
    940.00       2.56099E-23
    950.00       3.88267E-23
    960.00       5.83484E-23
    970.00       8.69426E-23
    980.00       1.28483E-22
    990.00       1.88356E-22
   1000.00       2.73995E-22
   1010.00       3.95579E-22
   1020.00       5.66952E-22
   1030.00       8.06823E-22
   1040.00       1.14029E-21
   1050.00       1.60082E-21
   1060.00       2.23279E-21
   1070.00       3.09464E-21
   1080.00       4.26283E-21
   1090.00       5.83706E-21
   1100.00       7.94637E-21
   1110.00       1.07568E-20
   1120.00       1.44815E-20
   1130.00       1.93917E-20
   1140.00       2.58319E-20
   1150.00       3.42366E-20
   1160.00       4.51523E-20
   1170.00       5.92619E-20
   1180.00       7.74162E-20
   1190.00       1.00671E-19
   1200.00       1.30329E-19
   1210.00       1.67992E-19
   1220.00       2.15621E-19
   1230.00       2.75613E-19
   1240.00       3.50879E-19
   1250.00       4.44943E-19
   1260.00       5.62058E-19
   1270.00       7.07338E-19
   1280.00       8.86920E-19
   1290.00       1.10812E-18
   1300.00       1.37965E-18
   1310.00       1.71187E-18
   1320.00       2.11700E-18
   1330.00       2.60950E-18
   1340.00       3.20635E-18
   1350.00       3.92744E-18
   1360.00       4.79606E-18
   1370.00       5.83936E-18
   1380.00       7.08894E-18
   1390.00       8.58141E-18
   1400.00       1.03591E-17
   1410.00       1.24711E-17
   1420.00       1.49735E-17
   1430.00       1.79311E-17
   1440.00       2.14181E-17
   1450.00       2.55190E-17
   1460.00       3.03306E-17
   1470.00       3.59629E-17
   1480.00       4.25405E-17
   1490.00       5.02055E-17
   1500.00       5.91174E-17
   1510.00       6.94574E-17
   1520.00       8.14287E-17
   1530.00       9.52605E-17
   1540.00       1.11210E-16
   1550.00       1.29563E-16
   1560.00       1.50644E-16
   1570.00       1.74809E-16
   1580.00       2.02459E-16
   1590.00       2.34039E-16
   1600.00       2.70044E-16
   1610.00       3.11020E-16
   1620.00       3.57573E-16
   1630.00       4.10372E-16
   1640.00       4.70157E-16
   1650.00       5.37742E-16
   1660.00       6.14020E-16
   1670.00       6.99976E-16
   1680.00       7.96688E-16
   1690.00       9.05338E-16
   1700.00       1.02722E-15
   1710.00       1.16373E-15
   1720.00       1.31643E-15
   1730.00       1.48698E-15
   1740.00       1.67721E-15
   1750.00       1.88910E-15
   1760.00       2.12481E-15
   1770.00       2.38666E-15
   1780.00       2.67719E-15
   1790.00       2.99911E-15
   1800.00       3.35539E-15
   1810.00       3.74921E-15
   1820.00       4.18399E-15
   1830.00       4.66343E-15
   1840.00       5.19148E-15
   1850.00       5.77245E-15
   1860.00       6.41091E-15
   1870.00       7.11174E-15
   1880.00       7.88020E-15
   1890.00       8.72195E-15
   1900.00       9.64299E-15
   1910.00       1.06497E-14
   1920.00       1.17490E-14
   1930.00       1.29483E-14
   1940.00       1.42551E-14
   1950.00       1.56779E-14
   1960.00       1.72254E-14
   1970.00       1.89070E-14
   1980.00       2.07326E-14
   1990.00       2.27129E-14
   2000.00       2.48588E-14
   2010.00       2.71822E-14
   2020.00       2.96956E-14
   2030.00       3.24122E-14
   2040.00       3.53460E-14
   2050.00       3.85116E-14
   2060.00       4.19248E-14
   2070.00       4.56016E-14
   2080.00       4.95595E-14
   2090.00       5.38166E-14
   2100.00       5.83918E-14
   2110.00       6.33055E-14
   2120.00       6.85784E-14
   2130.00       7.42330E-14
   2140.00       8.02921E-14
   2150.00       8.67802E-14
   2160.00       9.37225E-14
   2170.00       1.01146E-13
   2180.00       1.09078E-13
   2190.00       1.17549E-13
   2200.00       1.26588E-13
   2210.00       1.36228E-13
   2220.00       1.46501E-13
   2230.00       1.57442E-13
   2240.00       1.69088E-13
   2250.00       1.81476E-13
   2260.00       1.94645E-13
   2270.00       2.08635E-13
   2280.00       2.23491E-13
   2290.00       2.39254E-13
   2300.00       2.55972E-13
   2310.00       2.73692E-13
   2320.00       2.92464E-13
   2330.00       3.12337E-13
   2340.00       3.33367E-13
   2350.00       3.55608E-13
   2360.00       3.79116E-13
   2370.00       4.03953E-13
   2380.00       4.30177E-13
   2390.00       4.57854E-13
   2400.00       4.87048E-13
   2410.00       5.17827E-13
   2420.00       5.50261E-13
   2430.00       5.84421E-13
   2440.00       6.20385E-13
   2450.00       6.58228E-13
   2460.00       6.98027E-13
   2470.00       7.39867E-13
   2480.00       7.83834E-13
   2490.00       8.30011E-13
   2500.00       8.78489E-13
   2510.00       9.29361E-13
   2520.00       9.82721E-13
   2530.00       1.03867E-12
   2540.00       1.09730E-12
   2550.00       1.15872E-12
   2560.00       1.22303E-12
   2570.00       1.29035E-12
   2580.00       1.36079E-12
   2590.00       1.43445E-12
   2600.00       1.51147E-12
   2610.00       1.59195E-12
   2620.00       1.67602E-12
   2630.00       1.76382E-12
   2640.00       1.85546E-12
   2650.00       1.95108E-12
   2660.00       2.05082E-12
   2670.00       2.15482E-12
   2680.00       2.26323E-12
   2690.00       2.37617E-12
   2700.00       2.49382E-12
   2710.00       2.61630E-12
   2720.00       2.74380E-12
   2730.00       2.87646E-12
   2740.00       3.01445E-12
   2750.00       3.15793E-12
   2760.00       3.30707E-12
   2770.00       3.46205E-12
   2780.00       3.62304E-12
   2790.00       3.79022E-12
   2800.00       3.96377E-12
   2810.00       4.14389E-12
   2820.00       4.33077E-12
   2830.00       4.52459E-12
   2840.00       4.72556E-12
   2850.00       4.93388E-12
   2860.00       5.14976E-12
   2870.00       5.37339E-12
   2880.00       5.60501E-12
   2890.00       5.84481E-12
   2900.00       6.09302E-12
   2910.00       6.34988E-12
   2920.00       6.61559E-12
   2930.00       6.89039E-12
   2940.00       7.17454E-12
   2950.00       7.46824E-12
   2960.00       7.77174E-12
   2970.00       8.08530E-12
   2980.00       8.40919E-12
   2990.00       8.74361E-12
   3000.00       9.08886E-12
   3010.00       9.44519E-12
   3020.00       9.81283E-12
   3030.00       1.01921E-11
   3040.00       1.05833E-11
   3050.00       1.09866E-11
   3060.00       1.14023E-11
   3070.00       1.18308E-11
   3080.00       1.22722E-11
   3090.00       1.27270E-11
   3100.00       1.31953E-11
   3110.00       1.36775E-11
   3120.00       1.41740E-11
   3130.00       1.46848E-11
   3140.00       1.52106E-11
   3150.00       1.57514E-11
   3160.00       1.63076E-11
   3170.00       1.68796E-11
   3180.00       1.74676E-11
   3190.00       1.80720E-11
   3200.00       1.86932E-11
   3210.00       1.93314E-11
   3220.00       1.99870E-11
   3230.00       2.06603E-11
   3240.00       2.13517E-11
   3250.00       2.20615E-11
   3260.00       2.27900E-11
   3270.00       2.35377E-11
   3280.00       2.43049E-11
   3290.00       2.50919E-11
   3300.00       2.58990E-11
   3310.00       2.67268E-11
   3320.00       2.75754E-11
   3330.00       2.84454E-11
   3340.00       2.93370E-11
   3350.00       3.02506E-11
   3360.00       3.11867E-11
   3370.00       3.21456E-11
   3380.00       3.31278E-11
   3390.00       3.41334E-11
   3400.00       3.51631E-11
   3410.00       3.62171E-11
   3420.00       3.72959E-11
   3430.00       3.83998E-11
   3440.00       3.95294E-11
   3450.00       4.06849E-11
   3460.00       4.18667E-11
   3470.00       4.30754E-11
   3480.00       4.43113E-11
   3490.00       4.55747E-11
   3500.00       4.68662E-11
   3510.00       4.81861E-11
   3520.00       4.95350E-11
   3530.00       5.09131E-11
   3540.00       5.23209E-11
   3550.00       5.37590E-11
   3560.00       5.52275E-11
   3570.00       5.67271E-11
   3580.00       5.82581E-11
   3590.00       5.98211E-11
   3600.00       6.14163E-11
   3610.00       6.30443E-11
   3620.00       6.47055E-11
   3630.00       6.64002E-11
   3640.00       6.81292E-11
   3650.00       6.98926E-11
   3660.00       7.16911E-11
   3670.00       7.35249E-11
   3680.00       7.53946E-11
   3690.00       7.73008E-11
   3700.00       7.92435E-11
   3710.00       8.12236E-11
   3720.00       8.32416E-11
   3730.00       8.52975E-11
   3740.00       8.73921E-11
   3750.00       8.95257E-11
   3760.00       9.16989E-11
   3770.00       9.39119E-11
   3780.00       9.61657E-11
   3790.00       9.84602E-11
   3800.00       1.00796E-10
   3810.00       1.03174E-10
   3820.00       1.05594E-10
   3830.00       1.08057E-10
   3840.00       1.10563E-10
   3850.00       1.13113E-10
   3860.00       1.15707E-10
   3870.00       1.18346E-10
   3880.00       1.21030E-10
   3890.00       1.23759E-10
   3900.00       1.26535E-10
   3910.00       1.29356E-10
   3920.00       1.32226E-10
   3930.00       1.35142E-10
   3940.00       1.38107E-10
   3950.00       1.41119E-10
   3960.00       1.44181E-10
   3970.00       1.47292E-10
   3980.00       1.50453E-10
   3990.00       1.53664E-10
   4000.00       1.56926E-10
   4010.00       1.60240E-10
   4020.00       1.63605E-10
   4030.00       1.67022E-10
   4040.00       1.70491E-10
   4050.00       1.74015E-10
   4060.00       1.77591E-10
   4070.00       1.81221E-10
   4080.00       1.84906E-10
   4090.00       1.88646E-10
   4100.00       1.92442E-10
   4110.00       1.96293E-10
   4120.00       2.00201E-10
   4130.00       2.04165E-10
   4140.00       2.08187E-10
   4150.00       2.12267E-10
   4160.00       2.16404E-10
   4170.00       2.20601E-10
   4180.00       2.24856E-10
   4190.00       2.29172E-10
   4200.00       2.33547E-10
   4210.00       2.37983E-10
   4220.00       2.42479E-10
   4230.00       2.47037E-10
   4240.00       2.51657E-10
   4250.00       2.56339E-10
   4260.00       2.61084E-10
   4270.00       2.65892E-10
   4280.00       2.70764E-10
   4290.00       2.75700E-10
   4300.00       2.80701E-10
   4310.00       2.85766E-10
   4320.00       2.90896E-10
   4330.00       2.96093E-10
   4340.00       3.01356E-10
   4350.00       3.06686E-10
   4360.00       3.12082E-10
   4370.00       3.17547E-10
   4380.00       3.23079E-10
   4390.00       3.28679E-10
   4400.00       3.34349E-10
   4410.00       3.40087E-10
   4420.00       3.45896E-10
   4430.00       3.51774E-10
   4440.00       3.57723E-10
   4450.00       3.63744E-10
   4460.00       3.69834E-10
   4470.00       3.75998E-10
   4480.00       3.82232E-10
   4490.00       3.88540E-10
   4500.00       3.94921E-10
   4510.00       4.01375E-10
   4520.00       4.07903E-10
   4530.00       4.14505E-10
   4540.00       4.21181E-10
   4550.00       4.27932E-10
   4560.00       4.34759E-10
   4570.00       4.41661E-10
   4580.00       4.48639E-10
   4590.00       4.55695E-10
   4600.00       4.62826E-10
   4610.00       4.70035E-10
   4620.00       4.77321E-10
   4630.00       4.84686E-10
   4640.00       4.92129E-10
   4650.00       4.99650E-10
   4660.00       5.07250E-10
   4670.00       5.14930E-10
   4680.00       5.22689E-10
   4690.00       5.30529E-10
   4700.00       5.38449E-10
   4710.00       5.46450E-10
   4720.00       5.54531E-10
   4730.00       5.62695E-10
   4740.00       5.70940E-10
   4750.00       5.79268E-10
   4760.00       5.87677E-10
   4770.00       5.96170E-10
   4780.00       6.04746E-10
   4790.00       6.13406E-10
   4800.00       6.22148E-10
   4810.00       6.30975E-10
   4820.00       6.39887E-10
   4830.00       6.48884E-10
   4840.00       6.57965E-10
   4850.00       6.67131E-10
   4860.00       6.76383E-10
   4870.00       6.85721E-10
   4880.00       6.95145E-10
   4890.00       7.04656E-10
   4900.00       7.14255E-10
   4910.00       7.23939E-10
   4920.00       7.33711E-10
   4930.00       7.43571E-10
   4940.00       7.53518E-10
   4950.00       7.63554E-10
   4960.00       7.73679E-10
   4970.00       7.83892E-10
   4980.00       7.94194E-10
   4990.00       8.04585E-10
   5000.00       8.15065E-10
   5010.00       8.25636E-10
   5020.00       8.36296E-10
   5030.00       8.47048E-10
   5040.00       8.57889E-10
   5050.00       8.68821E-10
   5060.00       8.79844E-10
   5070.00       8.90958E-10
   5080.00       9.02163E-10
   5090.00       9.13461E-10
   6000.00       2.34431E-09
   7000.00       4.83629E-09
   8000.00       8.13336E-09
   9000.00       1.19634E-08
  10000.00       1.60482E-08
