    100.00       0.00000E+00
    110.00       0.00000E+00
    120.00       0.00000E+00
    130.00       0.00000E+00
    140.00       0.00000E+00
    150.00       0.00000E+00
    160.00       0.00000E+00
    170.00       0.00000E+00
    180.00       0.00000E+00
    190.00       0.00000E+00
    200.00       0.00000E+00
    210.00       0.00000E+00
    220.00       0.00000E+00
    230.00       0.00000E+00
    240.00       0.00000E+00
    250.00       0.00000E+00
    260.00       0.00000E+00
    270.00       0.00000E+00
    280.00       0.00000E+00
    290.00       0.00000E+00
    300.00       0.00000E+00
    310.00       0.00000E+00
    320.00       0.00000E+00
    330.00       0.00000E+00
    340.00       0.00000E+00
    350.00       0.00000E+00
    360.00       0.00000E+00
    370.00       0.00000E+00
    380.00       0.00000E+00
    390.00       0.00000E+00
    400.00       0.00000E+00
    410.00       0.00000E+00
    420.00       0.00000E+00
    430.00       0.00000E+00
    440.00       0.00000E+00
    450.00       0.00000E+00
    460.00       0.00000E+00
    470.00       0.00000E+00
    480.00       0.00000E+00
    490.00       0.00000E+00
    500.00       0.00000E+00
    510.00       0.00000E+00
    520.00       0.00000E+00
    530.00       0.00000E+00
    540.00       0.00000E+00
    550.00       0.00000E+00
    560.00       0.00000E+00
    570.00       1.26392E-38
    580.00       4.32577E-38
    590.00       1.41973E-37
    600.00       4.47788E-37
    610.00       1.35987E-36
    620.00       3.98374E-36
    630.00       1.12770E-35
    640.00       3.08962E-35
    650.00       8.20502E-35
    660.00       2.11512E-34
    670.00       5.29979E-34
    680.00       1.29237E-33
    690.00       3.07067E-33
    700.00       7.11678E-33
    710.00       1.61066E-32
    720.00       3.56302E-32
    730.00       7.71136E-32
    740.00       1.63431E-31
    750.00       3.39463E-31
    760.00       6.91591E-31
    770.00       1.38306E-30
    780.00       2.71686E-30
    790.00       5.24598E-30
    800.00       9.96332E-30
    810.00       1.86237E-29
    820.00       3.42814E-29
    830.00       6.21776E-29
    840.00       1.11177E-28
    850.00       1.96076E-28
    860.00       3.41247E-28
    870.00       5.86339E-28
    880.00       9.95066E-28
    890.00       1.66864E-27
    900.00       2.76602E-27
    910.00       4.53412E-27
    920.00       7.35249E-27
    930.00       1.17988E-26
    940.00       1.87430E-26
    950.00       2.94837E-26
    960.00       4.59407E-26
    970.00       7.09285E-26
    980.00       1.08534E-25
    990.00       1.64648E-25
   1000.00       2.47687E-25
   1010.00       3.69584E-25
   1020.00       5.47131E-25
   1030.00       8.03789E-25
   1040.00       1.17207E-24
   1050.00       1.69678E-24
   1060.00       2.43918E-24
   1070.00       3.48256E-24
   1080.00       4.93928E-24
   1090.00       6.96028E-24
   1100.00       9.74682E-24
   1110.00       1.35657E-23
   1120.00       1.87689E-23
   1130.00       2.58180E-23
   1140.00       3.53150E-23
   1150.00       4.80407E-23
   1160.00       6.50039E-23
   1170.00       8.74995E-23
   1180.00       1.17183E-22
   1190.00       1.56163E-22
   1200.00       2.07108E-22
   1210.00       2.73382E-22
   1220.00       3.59211E-22
   1230.00       4.69880E-22
   1240.00       6.11966E-22
   1250.00       7.93627E-22
   1260.00       1.02494E-21
   1270.00       1.31829E-21
   1280.00       1.68892E-21
   1290.00       2.15536E-21
   1300.00       2.74022E-21
   1310.00       3.47093E-21
   1320.00       4.38062E-21
   1330.00       5.50924E-21
   1340.00       6.90479E-21
   1350.00       8.62464E-21
   1360.00       1.07373E-20
   1370.00       1.33245E-20
   1380.00       1.64828E-20
   1390.00       2.03269E-20
   1400.00       2.49917E-20
   1410.00       3.06364E-20
   1420.00       3.74471E-20
   1430.00       4.56424E-20
   1440.00       5.54770E-20
   1450.00       6.72471E-20
   1460.00       8.12979E-20
   1470.00       9.80287E-20
   1480.00       1.17900E-19
   1490.00       1.41445E-19
   1500.00       1.69276E-19
   1510.00       2.02096E-19
   1520.00       2.40711E-19
   1530.00       2.86043E-19
   1540.00       3.39144E-19
   1550.00       4.01206E-19
   1560.00       4.73594E-19
   1570.00       5.57848E-19
   1580.00       6.55711E-19
   1590.00       7.69159E-19
   1600.00       9.00417E-19
   1610.00       1.05199E-18
   1620.00       1.22668E-18
   1630.00       1.42766E-18
   1640.00       1.65845E-18
   1650.00       1.92301E-18
   1660.00       2.22575E-18
   1670.00       2.57158E-18
   1680.00       2.96597E-18
   1690.00       3.41500E-18
   1700.00       3.92540E-18
   1710.00       4.50463E-18
   1720.00       5.16096E-18
   1730.00       5.90349E-18
   1740.00       6.74229E-18
   1750.00       7.68839E-18
   1760.00       8.75398E-18
   1770.00       9.95245E-18
   1780.00       1.12984E-17
   1790.00       1.28080E-17
   1800.00       1.44988E-17
   1810.00       1.63900E-17
   1820.00       1.85024E-17
   1830.00       2.08591E-17
   1840.00       2.34847E-17
   1850.00       2.64066E-17
   1860.00       2.96539E-17
   1870.00       3.32586E-17
   1880.00       3.72551E-17
   1890.00       4.16810E-17
   1900.00       4.65767E-17
   1910.00       5.19859E-17
   1920.00       5.79556E-17
   1930.00       6.45373E-17
   1940.00       7.17849E-17
   1950.00       7.97579E-17
   1960.00       8.85195E-17
   1970.00       9.81380E-17
   1980.00       1.08686E-16
   1990.00       1.20242E-16
   2000.00       1.32890E-16
   2010.00       1.46720E-16
   2020.00       1.61827E-16
   2030.00       1.78314E-16
   2040.00       1.96290E-16
   2050.00       2.15872E-16
   2060.00       2.37184E-16
   2070.00       2.60358E-16
   2080.00       2.85536E-16
   2090.00       3.12867E-16
   2100.00       3.42508E-16
   2110.00       3.74630E-16
   2120.00       4.09411E-16
   2130.00       4.47041E-16
   2140.00       4.87719E-16
   2150.00       5.31659E-16
   2160.00       5.79084E-16
   2170.00       6.30233E-16
   2180.00       6.85355E-16
   2190.00       7.44717E-16
   2200.00       8.08596E-16
   2210.00       8.77283E-16
   2220.00       9.51091E-16
   2230.00       1.03035E-15
   2240.00       1.11539E-15
   2250.00       1.20658E-15
   2260.00       1.30430E-15
   2270.00       1.40894E-15
   2280.00       1.52093E-15
   2290.00       1.64069E-15
   2300.00       1.76869E-15
   2310.00       1.90540E-15
   2320.00       2.05133E-15
   2330.00       2.20700E-15
   2340.00       2.37298E-15
   2350.00       2.54981E-15
   2360.00       2.73810E-15
   2370.00       2.93850E-15
   2380.00       3.15164E-15
   2390.00       3.37822E-15
   2400.00       3.61893E-15
   2410.00       3.87451E-15
   2420.00       4.14575E-15
   2430.00       4.43343E-15
   2440.00       4.73841E-15
   2450.00       5.06155E-15
   2460.00       5.40373E-15
   2470.00       5.76591E-15
   2480.00       6.14907E-15
   2490.00       6.55420E-15
   2500.00       6.98236E-15
   2510.00       7.43463E-15
   2520.00       7.91214E-15
   2530.00       8.41605E-15
   2540.00       8.94757E-15
   2550.00       9.50799E-15
   2560.00       1.00986E-14
   2570.00       1.07206E-14
   2580.00       1.13756E-14
   2590.00       1.20648E-14
   2600.00       1.27899E-14
   2610.00       1.35523E-14
   2620.00       1.43537E-14
   2630.00       1.51955E-14
   2640.00       1.60795E-14
   2650.00       1.70076E-14
   2660.00       1.79813E-14
   2670.00       1.90026E-14
   2680.00       2.00734E-14
   2690.00       2.11956E-14
   2700.00       2.23713E-14
   2710.00       2.36023E-14
   2720.00       2.48911E-14
   2730.00       2.62396E-14
   2740.00       2.76503E-14
   2750.00       2.91253E-14
   2760.00       3.06670E-14
   2770.00       3.22779E-14
   2780.00       3.39605E-14
   2790.00       3.57173E-14
   2800.00       3.75510E-14
   2810.00       3.94644E-14
   2820.00       4.14601E-14
   2830.00       4.35409E-14
   2840.00       4.57099E-14
   2850.00       4.79700E-14
   2860.00       5.03242E-14
   2870.00       5.27758E-14
   2880.00       5.53279E-14
   2890.00       5.79836E-14
   2900.00       6.07464E-14
   2910.00       6.36199E-14
   2920.00       6.66074E-14
   2930.00       6.97125E-14
   2940.00       7.29390E-14
   2950.00       7.62903E-14
   2960.00       7.97706E-14
   2970.00       8.33835E-14
   2980.00       8.71336E-14
   2990.00       9.10240E-14
   3000.00       9.50596E-14
   3010.00       9.92446E-14
   3020.00       1.03583E-13
   3030.00       1.08079E-13
   3040.00       1.12737E-13
   3050.00       1.17563E-13
   3060.00       1.22560E-13
   3070.00       1.27734E-13
   3080.00       1.33088E-13
   3090.00       1.38629E-13
   3100.00       1.44361E-13
   3110.00       1.50289E-13
   3120.00       1.56419E-13
   3130.00       1.62755E-13
   3140.00       1.69304E-13
   3150.00       1.76069E-13
   3160.00       1.83058E-13
   3170.00       1.90276E-13
   3180.00       1.97728E-13
   3190.00       2.05420E-13
   3200.00       2.13358E-13
   3210.00       2.21549E-13
   3220.00       2.29997E-13
   3230.00       2.38710E-13
   3240.00       2.47695E-13
   3250.00       2.56956E-13
   3260.00       2.66500E-13
   3270.00       2.76335E-13
   3280.00       2.86466E-13
   3290.00       2.96901E-13
   3300.00       3.07646E-13
   3310.00       3.18709E-13
   3320.00       3.30096E-13
   3330.00       3.41814E-13
   3340.00       3.53871E-13
   3350.00       3.66274E-13
   3360.00       3.79030E-13
   3370.00       3.92147E-13
   3380.00       4.05633E-13
   3390.00       4.19494E-13
   3400.00       4.33740E-13
   3410.00       4.48377E-13
   3420.00       4.63413E-13
   3430.00       4.78858E-13
   3440.00       4.94718E-13
   3450.00       5.11003E-13
   3460.00       5.27719E-13
   3470.00       5.44876E-13
   3480.00       5.62484E-13
   3490.00       5.80548E-13
   3500.00       5.99079E-13
   3510.00       6.18084E-13
   3520.00       6.37575E-13
   3530.00       6.57559E-13
   3540.00       6.78044E-13
   3550.00       6.99041E-13
   3560.00       7.20558E-13
   3570.00       7.42605E-13
   3580.00       7.65191E-13
   3590.00       7.88325E-13
   3600.00       8.12018E-13
   3610.00       8.36278E-13
   3620.00       8.61115E-13
   3630.00       8.86538E-13
   3640.00       9.12560E-13
   3650.00       9.39188E-13
   3660.00       9.66434E-13
   3670.00       9.94304E-13
   3680.00       1.02281E-12
   3690.00       1.05197E-12
   3700.00       1.08179E-12
   3710.00       1.11227E-12
   3720.00       1.14343E-12
   3730.00       1.17528E-12
   3740.00       1.20783E-12
   3750.00       1.24109E-12
   3760.00       1.27507E-12
   3770.00       1.30979E-12
   3780.00       1.34525E-12
   3790.00       1.38146E-12
   3800.00       1.41843E-12
   3810.00       1.45619E-12
   3820.00       1.49473E-12
   3830.00       1.53407E-12
   3840.00       1.57421E-12
   3850.00       1.61519E-12
   3860.00       1.65699E-12
   3870.00       1.69964E-12
   3880.00       1.74314E-12
   3890.00       1.78751E-12
   3900.00       1.83276E-12
   3910.00       1.87890E-12
   3920.00       1.92594E-12
   3930.00       1.97390E-12
   3940.00       2.02279E-12
   3950.00       2.07261E-12
   3960.00       2.12338E-12
   3970.00       2.17512E-12
   3980.00       2.22783E-12
   3990.00       2.28152E-12
   4000.00       2.33622E-12
   4010.00       2.39193E-12
   4020.00       2.44865E-12
   4030.00       2.50642E-12
   4040.00       2.56523E-12
   4050.00       2.62511E-12
   4060.00       2.68605E-12
   4070.00       2.74808E-12
   4080.00       2.81121E-12
   4090.00       2.87545E-12
   4100.00       2.94082E-12
   4110.00       3.00732E-12
   4120.00       3.07496E-12
   4130.00       3.14377E-12
   4140.00       3.21375E-12
   4150.00       3.28492E-12
   4160.00       3.35728E-12
   4170.00       3.43087E-12
   4180.00       3.50567E-12
   4190.00       3.58171E-12
   4200.00       3.65900E-12
   4210.00       3.73756E-12
   4220.00       3.81739E-12
   4230.00       3.89851E-12
   4240.00       3.98094E-12
   4250.00       4.06468E-12
   4260.00       4.14975E-12
   4270.00       4.23615E-12
   4280.00       4.32392E-12
   4290.00       4.41304E-12
   4300.00       4.50356E-12
   4310.00       4.59547E-12
   4320.00       4.68877E-12
   4330.00       4.78350E-12
   4340.00       4.87966E-12
   4350.00       4.97727E-12
   4360.00       5.07634E-12
   4370.00       5.17688E-12
   4380.00       5.27890E-12
   4390.00       5.38242E-12
   4400.00       5.48746E-12
   4410.00       5.59401E-12
   4420.00       5.70211E-12
   4430.00       5.81175E-12
   4440.00       5.92296E-12
   4450.00       6.03575E-12
   4460.00       6.15011E-12
   4470.00       6.26609E-12
   4480.00       6.38368E-12
   4490.00       6.50290E-12
   4500.00       6.62377E-12
   4510.00       6.74629E-12
   4520.00       6.87047E-12
   4530.00       6.99633E-12
   4540.00       7.12389E-12
   4550.00       7.25315E-12
   4560.00       7.38414E-12
   4570.00       7.51685E-12
   4580.00       7.65130E-12
   4590.00       7.78753E-12
   4600.00       7.92551E-12
   4610.00       8.06529E-12
   4620.00       8.20684E-12
   4630.00       8.35023E-12
   4640.00       8.49543E-12
   4650.00       8.64245E-12
   4660.00       8.79133E-12
   4670.00       8.94207E-12
   4680.00       9.09468E-12
   4690.00       9.24918E-12
   4700.00       9.40557E-12
   4710.00       9.56388E-12
   4720.00       9.72408E-12
   4730.00       9.88624E-12
   4740.00       1.00503E-11
   4750.00       1.02164E-11
   4760.00       1.03844E-11
   4770.00       1.05545E-11
   4780.00       1.07265E-11
   4790.00       1.09005E-11
   4800.00       1.10765E-11
   4810.00       1.12546E-11
   4820.00       1.14347E-11
   4830.00       1.16169E-11
   4840.00       1.18012E-11
   4850.00       1.19875E-11
   4860.00       1.21759E-11
   4870.00       1.23664E-11
   4880.00       1.25590E-11
   4890.00       1.27538E-11
   4900.00       1.29507E-11
   4910.00       1.31497E-11
   4920.00       1.33509E-11
   4930.00       1.35543E-11
   4940.00       1.37599E-11
   4950.00       1.39676E-11
   4960.00       1.41776E-11
   4970.00       1.43898E-11
   4980.00       1.46042E-11
   4990.00       1.48209E-11
   5000.00       1.50398E-11
   5010.00       1.52610E-11
   5020.00       1.54844E-11
   5030.00       1.57101E-11
   5040.00       1.59382E-11
   5050.00       1.61685E-11
   5060.00       1.64011E-11
   5070.00       1.66361E-11
   5080.00       1.68734E-11
   5090.00       1.71131E-11
   6000.00       4.98823E-11
   7000.00       1.13785E-10
   8000.00       2.06084E-10
   9000.00       3.20802E-10
  10000.00       4.49931E-10
