    100.00       1.62640E-10
    110.00       4.08173E-10
    120.00       8.72380E-10
    130.00       1.65039E-09
    140.00       2.84027E-09
    150.00       4.53560E-09
    160.00       6.82012E-09
    170.00       9.76438E-09
    180.00       1.34242E-08
    190.00       1.78400E-08
    200.00       2.30381E-08
    210.00       2.90307E-08
    220.00       3.58181E-08
    230.00       4.33897E-08
    240.00       5.17261E-08
    250.00       6.08004E-08
    260.00       7.05795E-08
    270.00       8.10258E-08
    280.00       9.20980E-08
    290.00       1.03753E-07
    300.00       1.15946E-07
    310.00       1.28631E-07
    320.00       1.41763E-07
    330.00       1.55298E-07
    340.00       1.69191E-07
    350.00       1.83400E-07
    360.00       1.97884E-07
    370.00       2.12605E-07
    380.00       2.27525E-07
    390.00       2.42611E-07
    400.00       2.57827E-07
    410.00       2.73145E-07
    420.00       2.88535E-07
    430.00       3.03970E-07
    440.00       3.19426E-07
    450.00       3.34880E-07
    460.00       3.50310E-07
    470.00       3.65698E-07
    480.00       3.81026E-07
    490.00       3.96277E-07
    500.00       4.11436E-07
    510.00       4.26491E-07
    520.00       4.41430E-07
    530.00       4.56240E-07
    540.00       4.70914E-07
    550.00       4.85442E-07
    560.00       4.99816E-07
    570.00       5.14030E-07
    580.00       5.28077E-07
    590.00       5.41952E-07
    600.00       5.55652E-07
    610.00       5.69171E-07
    620.00       5.82507E-07
    630.00       5.95657E-07
    640.00       6.08619E-07
    650.00       6.21391E-07
    660.00       6.33973E-07
    670.00       6.46362E-07
    680.00       6.58559E-07
    690.00       6.70564E-07
    700.00       6.82375E-07
    710.00       6.93995E-07
    720.00       7.05424E-07
    730.00       7.16661E-07
    740.00       7.27709E-07
    750.00       7.38569E-07
    760.00       7.49242E-07
    770.00       7.59730E-07
    780.00       7.70033E-07
    790.00       7.80156E-07
    800.00       7.90098E-07
    810.00       7.99862E-07
    820.00       8.09450E-07
    830.00       8.18864E-07
    840.00       8.28107E-07
    850.00       8.37180E-07
    860.00       8.46087E-07
    870.00       8.54828E-07
    880.00       8.63407E-07
    890.00       8.71826E-07
    900.00       8.80088E-07
    910.00       8.88194E-07
    920.00       8.96147E-07
    930.00       9.03950E-07
    940.00       9.11605E-07
    950.00       9.19114E-07
    960.00       9.26479E-07
    970.00       9.33705E-07
    980.00       9.40791E-07
    990.00       9.47741E-07
   1000.00       9.54558E-07
   1010.00       9.61243E-07
   1020.00       9.67799E-07
   1030.00       9.74227E-07
   1040.00       9.80531E-07
   1050.00       9.86713E-07
   1060.00       9.92774E-07
   1070.00       9.98717E-07
   1080.00       1.00454E-06
   1090.00       1.01026E-06
   1100.00       1.01586E-06
   1110.00       1.02135E-06
   1120.00       1.02673E-06
   1130.00       1.03201E-06
   1140.00       1.03718E-06
   1150.00       1.04226E-06
   1160.00       1.04723E-06
   1170.00       1.05210E-06
   1180.00       1.05688E-06
   1190.00       1.06156E-06
   1200.00       1.06615E-06
   1210.00       1.07065E-06
   1220.00       1.07506E-06
   1230.00       1.07938E-06
   1240.00       1.08361E-06
   1250.00       1.08776E-06
   1260.00       1.09183E-06
   1270.00       1.09582E-06
   1280.00       1.09973E-06
   1290.00       1.10355E-06
   1300.00       1.10731E-06
   1310.00       1.11098E-06
   1320.00       1.11458E-06
   1330.00       1.11811E-06
   1340.00       1.12157E-06
   1350.00       1.12496E-06
   1360.00       1.12828E-06
   1370.00       1.13153E-06
   1380.00       1.13472E-06
   1390.00       1.13784E-06
   1400.00       1.14090E-06
   1410.00       1.14389E-06
   1420.00       1.14682E-06
   1430.00       1.14970E-06
   1440.00       1.15251E-06
   1450.00       1.15527E-06
   1460.00       1.15797E-06
   1470.00       1.16061E-06
   1480.00       1.16320E-06
   1490.00       1.16574E-06
   1500.00       1.16822E-06
   1510.00       1.17065E-06
   1520.00       1.17303E-06
   1530.00       1.17536E-06
   1540.00       1.17764E-06
   1550.00       1.17988E-06
   1560.00       1.18206E-06
   1570.00       1.18420E-06
   1580.00       1.18630E-06
   1590.00       1.18834E-06
   1600.00       1.19035E-06
   1610.00       1.19231E-06
   1620.00       1.19423E-06
   1630.00       1.19611E-06
   1640.00       1.19795E-06
   1650.00       1.19974E-06
   1660.00       1.20150E-06
   1670.00       1.20322E-06
   1680.00       1.20490E-06
   1690.00       1.20655E-06
   1700.00       1.20815E-06
   1710.00       1.20972E-06
   1720.00       1.21126E-06
   1730.00       1.21276E-06
   1740.00       1.21423E-06
   1750.00       1.21566E-06
   1760.00       1.21706E-06
   1770.00       1.21843E-06
   1780.00       1.21977E-06
   1790.00       1.22107E-06
   1800.00       1.22235E-06
   1810.00       1.22359E-06
   1820.00       1.22481E-06
   1830.00       1.22599E-06
   1840.00       1.22715E-06
   1850.00       1.22828E-06
   1860.00       1.22938E-06
   1870.00       1.23045E-06
   1880.00       1.23150E-06
   1890.00       1.23252E-06
   1900.00       1.23352E-06
   1910.00       1.23449E-06
   1920.00       1.23544E-06
   1930.00       1.23636E-06
   1940.00       1.23725E-06
   1950.00       1.23813E-06
   1960.00       1.23898E-06
   1970.00       1.23981E-06
   1980.00       1.24061E-06
   1990.00       1.24139E-06
   2000.00       1.24215E-06
   2010.00       1.24289E-06
   2020.00       1.24361E-06
   2030.00       1.24431E-06
   2040.00       1.24499E-06
   2050.00       1.24565E-06
   2060.00       1.24629E-06
   2070.00       1.24690E-06
   2080.00       1.24750E-06
   2090.00       1.24809E-06
   2100.00       1.24865E-06
   2110.00       1.24919E-06
   2120.00       1.24972E-06
   2130.00       1.25023E-06
   2140.00       1.25072E-06
   2150.00       1.25120E-06
   2160.00       1.25166E-06
   2170.00       1.25210E-06
   2180.00       1.25253E-06
   2190.00       1.25294E-06
   2200.00       1.25334E-06
   2210.00       1.25372E-06
   2220.00       1.25408E-06
   2230.00       1.25443E-06
   2240.00       1.25477E-06
   2250.00       1.25509E-06
   2260.00       1.25540E-06
   2270.00       1.25569E-06
   2280.00       1.25597E-06
   2290.00       1.25624E-06
   2300.00       1.25649E-06
   2310.00       1.25673E-06
   2320.00       1.25696E-06
   2330.00       1.25717E-06
   2340.00       1.25738E-06
   2350.00       1.25757E-06
   2360.00       1.25775E-06
   2370.00       1.25791E-06
   2380.00       1.25807E-06
   2390.00       1.25821E-06
   2400.00       1.25834E-06
   2410.00       1.25847E-06
   2420.00       1.25858E-06
   2430.00       1.25868E-06
   2440.00       1.25877E-06
   2450.00       1.25885E-06
   2460.00       1.25891E-06
   2470.00       1.25897E-06
   2480.00       1.25902E-06
   2490.00       1.25906E-06
   2500.00       1.25909E-06
   2510.00       1.25911E-06
   2520.00       1.25912E-06
   2530.00       1.25912E-06
   2540.00       1.25912E-06
   2550.00       1.25910E-06
   2560.00       1.25908E-06
   2570.00       1.25904E-06
   2580.00       1.25900E-06
   2590.00       1.25895E-06
   2600.00       1.25889E-06
   2610.00       1.25883E-06
   2620.00       1.25875E-06
   2630.00       1.25867E-06
   2640.00       1.25858E-06
   2650.00       1.25848E-06
   2660.00       1.25838E-06
   2670.00       1.25827E-06
   2680.00       1.25815E-06
   2690.00       1.25802E-06
   2700.00       1.25789E-06
   2710.00       1.25775E-06
   2720.00       1.25760E-06
   2730.00       1.25745E-06
   2740.00       1.25729E-06
   2750.00       1.25712E-06
   2760.00       1.25695E-06
   2770.00       1.25677E-06
   2780.00       1.25658E-06
   2790.00       1.25639E-06
   2800.00       1.25620E-06
   2810.00       1.25599E-06
   2820.00       1.25578E-06
   2830.00       1.25557E-06
   2840.00       1.25535E-06
   2850.00       1.25512E-06
   2860.00       1.25489E-06
   2870.00       1.25466E-06
   2880.00       1.25442E-06
   2890.00       1.25417E-06
   2900.00       1.25392E-06
   2910.00       1.25366E-06
   2920.00       1.25340E-06
   2930.00       1.25313E-06
   2940.00       1.25286E-06
   2950.00       1.25258E-06
   2960.00       1.25230E-06
   2970.00       1.25202E-06
   2980.00       1.25173E-06
   2990.00       1.25143E-06
   3000.00       1.25114E-06
   3010.00       1.25083E-06
   3020.00       1.25053E-06
   3030.00       1.25022E-06
   3040.00       1.24990E-06
   3050.00       1.24958E-06
   3060.00       1.24926E-06
   3070.00       1.24893E-06
   3080.00       1.24860E-06
   3090.00       1.24826E-06
   3100.00       1.24793E-06
   3110.00       1.24758E-06
   3120.00       1.24724E-06
   3130.00       1.24689E-06
   3140.00       1.24654E-06
   3150.00       1.24618E-06
   3160.00       1.24582E-06
   3170.00       1.24546E-06
   3180.00       1.24510E-06
   3190.00       1.24473E-06
   3200.00       1.24435E-06
   3210.00       1.24398E-06
   3220.00       1.24360E-06
   3230.00       1.24322E-06
   3240.00       1.24284E-06
   3250.00       1.24245E-06
   3260.00       1.24206E-06
   3270.00       1.24167E-06
   3280.00       1.24127E-06
   3290.00       1.24087E-06
   3300.00       1.24047E-06
   3310.00       1.24007E-06
   3320.00       1.23966E-06
   3330.00       1.23925E-06
   3340.00       1.23884E-06
   3350.00       1.23843E-06
   3360.00       1.23801E-06
   3370.00       1.23759E-06
   3380.00       1.23717E-06
   3390.00       1.23675E-06
   3400.00       1.23633E-06
   3410.00       1.23590E-06
   3420.00       1.23547E-06
   3430.00       1.23504E-06
   3440.00       1.23460E-06
   3450.00       1.23417E-06
   3460.00       1.23373E-06
   3470.00       1.23329E-06
   3480.00       1.23285E-06
   3490.00       1.23241E-06
   3500.00       1.23196E-06
   3510.00       1.23151E-06
   3520.00       1.23106E-06
   3530.00       1.23061E-06
   3540.00       1.23016E-06
   3550.00       1.22971E-06
   3560.00       1.22925E-06
   3570.00       1.22879E-06
   3580.00       1.22833E-06
   3590.00       1.22787E-06
   3600.00       1.22741E-06
   3610.00       1.22694E-06
   3620.00       1.22648E-06
   3630.00       1.22601E-06
   3640.00       1.22554E-06
   3650.00       1.22507E-06
   3660.00       1.22460E-06
   3670.00       1.22413E-06
   3680.00       1.22365E-06
   3690.00       1.22318E-06
   3700.00       1.22270E-06
   3710.00       1.22222E-06
   3720.00       1.22174E-06
   3730.00       1.22126E-06
   3740.00       1.22078E-06
   3750.00       1.22030E-06
   3760.00       1.21982E-06
   3770.00       1.21933E-06
   3780.00       1.21884E-06
   3790.00       1.21836E-06
   3800.00       1.21787E-06
   3810.00       1.21738E-06
   3820.00       1.21689E-06
   3830.00       1.21640E-06
   3840.00       1.21590E-06
   3850.00       1.21541E-06
   3860.00       1.21492E-06
   3870.00       1.21442E-06
   3880.00       1.21392E-06
   3890.00       1.21343E-06
   3900.00       1.21293E-06
   3910.00       1.21243E-06
   3920.00       1.21193E-06
   3930.00       1.21143E-06
   3940.00       1.21093E-06
   3950.00       1.21043E-06
   3960.00       1.20992E-06
   3970.00       1.20942E-06
   3980.00       1.20892E-06
   3990.00       1.20841E-06
   4000.00       1.20791E-06
   4010.00       1.20740E-06
   4020.00       1.20690E-06
   4030.00       1.20639E-06
   4040.00       1.20588E-06
   4050.00       1.20537E-06
   4060.00       1.20486E-06
   4070.00       1.20435E-06
   4080.00       1.20384E-06
   4090.00       1.20333E-06
   4100.00       1.20282E-06
   4110.00       1.20231E-06
   4120.00       1.20180E-06
   4130.00       1.20128E-06
   4140.00       1.20077E-06
   4150.00       1.20026E-06
   4160.00       1.19974E-06
   4170.00       1.19923E-06
   4180.00       1.19871E-06
   4190.00       1.19820E-06
   4200.00       1.19768E-06
   4210.00       1.19717E-06
   4220.00       1.19665E-06
   4230.00       1.19613E-06
   4240.00       1.19562E-06
   4250.00       1.19510E-06
   4260.00       1.19458E-06
   4270.00       1.19406E-06
   4280.00       1.19355E-06
   4290.00       1.19303E-06
   4300.00       1.19251E-06
   4310.00       1.19199E-06
   4320.00       1.19147E-06
   4330.00       1.19095E-06
   4340.00       1.19043E-06
   4350.00       1.18991E-06
   4360.00       1.18939E-06
   4370.00       1.18887E-06
   4380.00       1.18835E-06
   4390.00       1.18783E-06
   4400.00       1.18731E-06
   4410.00       1.18679E-06
   4420.00       1.18627E-06
   4430.00       1.18575E-06
   4440.00       1.18523E-06
   4450.00       1.18471E-06
   4460.00       1.18418E-06
   4470.00       1.18366E-06
   4480.00       1.18314E-06
   4490.00       1.18262E-06
   4500.00       1.18210E-06
   4510.00       1.18158E-06
   4520.00       1.18105E-06
   4530.00       1.18053E-06
   4540.00       1.18001E-06
   4550.00       1.17949E-06
   4560.00       1.17897E-06
   4570.00       1.17845E-06
   4580.00       1.17792E-06
   4590.00       1.17740E-06
   4600.00       1.17688E-06
   4610.00       1.17636E-06
   4620.00       1.17584E-06
   4630.00       1.17531E-06
   4640.00       1.17479E-06
   4650.00       1.17427E-06
   4660.00       1.17375E-06
   4670.00       1.17323E-06
   4680.00       1.17271E-06
   4690.00       1.17219E-06
   4700.00       1.17166E-06
   4710.00       1.17114E-06
   4720.00       1.17062E-06
   4730.00       1.17010E-06
   4740.00       1.16958E-06
   4750.00       1.16906E-06
   4760.00       1.16854E-06
   4770.00       1.16802E-06
   4780.00       1.16750E-06
   4790.00       1.16698E-06
   4800.00       1.16646E-06
   4810.00       1.16594E-06
   4820.00       1.16542E-06
   4830.00       1.16490E-06
   4840.00       1.16438E-06
   4850.00       1.16386E-06
   4860.00       1.16334E-06
   4870.00       1.16282E-06
   4880.00       1.16231E-06
   4890.00       1.16179E-06
   4900.00       1.16127E-06
   4910.00       1.16075E-06
   4920.00       1.16023E-06
   4930.00       1.15972E-06
   4940.00       1.15920E-06
   4950.00       1.15868E-06
   4960.00       1.15817E-06
   4970.00       1.15765E-06
   4980.00       1.15713E-06
   4990.00       1.15662E-06
   5000.00       1.15610E-06
   5010.00       1.15559E-06
   5020.00       1.15507E-06
   5030.00       1.15456E-06
   5040.00       1.15404E-06
   5050.00       1.15353E-06
   5060.00       1.15301E-06
   5070.00       1.15250E-06
   5080.00       1.15198E-06
   5090.00       1.15147E-06
   6000.00       1.10628E-06
   7000.00       1.06080E-06
   8000.00       1.01971E-06
   9000.00       9.82418E-07
  10000.00       9.48247E-07
