    100.00       0.00000E+00
    110.00       0.00000E+00
    120.00       0.00000E+00
    130.00       0.00000E+00
    140.00       2.67001E-37
    150.00       2.65289E-35
    160.00       1.47622E-33
    170.00       5.09843E-32
    180.00       1.18374E-30
    190.00       1.96776E-29
    200.00       2.46302E-28
    210.00       2.41782E-27
    220.00       1.92448E-26
    230.00       1.27666E-25
    240.00       7.22197E-25
    250.00       3.55144E-24
    260.00       1.54303E-23
    270.00       6.00590E-23
    280.00       2.11915E-22
    290.00       6.84797E-22
    300.00       2.04462E-21
    310.00       5.68411E-21
    320.00       1.48127E-20
    330.00       3.63991E-20
    340.00       8.47820E-20
    350.00       1.88049E-19
    360.00       3.98822E-19
    370.00       8.11727E-19
    380.00       1.59069E-18
    390.00       3.01012E-18
    400.00       5.51496E-18
    410.00       9.80615E-18
    420.00       1.69585E-17
    430.00       2.85796E-17
    440.00       4.70188E-17
    450.00       7.56376E-17
    460.00       1.19150E-16
    470.00       1.84046E-16
    480.00       2.79104E-16
    490.00       4.16019E-16
    500.00       6.10122E-16
    510.00       8.81237E-16
    520.00       1.25466E-15
    530.00       1.76228E-15
    540.00       2.44381E-15
    550.00       3.34818E-15
    560.00       4.53503E-15
    570.00       6.07643E-15
    580.00       8.05854E-15
    590.00       1.05836E-14
    600.00       1.37718E-14
    610.00       1.77636E-14
    620.00       2.27215E-14
    630.00       2.88327E-14
    640.00       3.63110E-14
    650.00       4.53993E-14
    660.00       5.63718E-14
    670.00       6.95366E-14
    680.00       8.52372E-14
    690.00       1.03855E-13
    700.00       1.25813E-13
    710.00       1.51576E-13
    720.00       1.81651E-13
    730.00       2.16593E-13
    740.00       2.57005E-13
    750.00       3.03540E-13
    760.00       3.56898E-13
    770.00       4.17837E-13
    780.00       4.87162E-13
    790.00       5.65736E-13
    800.00       6.54476E-13
    810.00       7.54353E-13
    820.00       8.66394E-13
    830.00       9.91684E-13
    840.00       1.13136E-12
    850.00       1.28662E-12
    860.00       1.45871E-12
    870.00       1.64894E-12
    880.00       1.85865E-12
    890.00       2.08927E-12
    900.00       2.34226E-12
    910.00       2.61913E-12
    920.00       2.92144E-12
    930.00       3.25080E-12
    940.00       3.60887E-12
    950.00       3.99734E-12
    960.00       4.41796E-12
    970.00       4.87252E-12
    980.00       5.36282E-12
    990.00       5.89073E-12
   1000.00       6.45815E-12
   1010.00       7.06699E-12
   1020.00       7.71920E-12
   1030.00       8.41677E-12
   1040.00       9.16168E-12
   1050.00       9.95598E-12
   1060.00       1.08017E-11
   1070.00       1.17009E-11
   1080.00       1.26557E-11
   1090.00       1.36681E-11
   1100.00       1.47403E-11
   1110.00       1.58743E-11
   1120.00       1.70723E-11
   1130.00       1.83365E-11
   1140.00       1.96688E-11
   1150.00       2.10713E-11
   1160.00       2.25464E-11
   1170.00       2.40959E-11
   1180.00       2.57220E-11
   1190.00       2.74268E-11
   1200.00       2.92125E-11
   1210.00       3.10809E-11
   1220.00       3.30341E-11
   1230.00       3.50742E-11
   1240.00       3.72033E-11
   1250.00       3.94231E-11
   1260.00       4.17358E-11
   1270.00       4.41431E-11
   1280.00       4.66472E-11
   1290.00       4.92496E-11
   1300.00       5.19525E-11
   1310.00       5.47575E-11
   1320.00       5.76664E-11
   1330.00       6.06810E-11
   1340.00       6.38031E-11
   1350.00       6.70342E-11
   1360.00       7.03760E-11
   1370.00       7.38301E-11
   1380.00       7.73981E-11
   1390.00       8.10815E-11
   1400.00       8.48817E-11
   1410.00       8.88004E-11
   1420.00       9.28388E-11
   1430.00       9.69983E-11
   1440.00       1.01280E-10
   1450.00       1.05686E-10
   1460.00       1.10216E-10
   1470.00       1.14873E-10
   1480.00       1.19657E-10
   1490.00       1.24570E-10
   1500.00       1.29612E-10
   1510.00       1.34784E-10
   1520.00       1.40088E-10
   1530.00       1.45524E-10
   1540.00       1.51094E-10
   1550.00       1.56798E-10
   1560.00       1.62637E-10
   1570.00       1.68612E-10
   1580.00       1.74723E-10
   1590.00       1.80971E-10
   1600.00       1.87357E-10
   1610.00       1.93881E-10
   1620.00       2.00544E-10
   1630.00       2.07347E-10
   1640.00       2.14289E-10
   1650.00       2.21372E-10
   1660.00       2.28596E-10
   1670.00       2.35960E-10
   1680.00       2.43467E-10
   1690.00       2.51114E-10
   1700.00       2.58904E-10
   1710.00       2.66835E-10
   1720.00       2.74909E-10
   1730.00       2.83126E-10
   1740.00       2.91484E-10
   1750.00       2.99985E-10
   1760.00       3.08629E-10
   1770.00       3.17415E-10
   1780.00       3.26343E-10
   1790.00       3.35414E-10
   1800.00       3.44627E-10
   1810.00       3.53982E-10
   1820.00       3.63479E-10
   1830.00       3.73117E-10
   1840.00       3.82897E-10
   1850.00       3.92818E-10
   1860.00       4.02880E-10
   1870.00       4.13082E-10
   1880.00       4.23424E-10
   1890.00       4.33906E-10
   1900.00       4.44527E-10
   1910.00       4.55287E-10
   1920.00       4.66185E-10
   1930.00       4.77222E-10
   1940.00       4.88395E-10
   1950.00       4.99706E-10
   1960.00       5.11152E-10
   1970.00       5.22734E-10
   1980.00       5.34451E-10
   1990.00       5.46303E-10
   2000.00       5.58288E-10
   2010.00       5.70406E-10
   2020.00       5.82657E-10
   2030.00       5.95040E-10
   2040.00       6.07553E-10
   2050.00       6.20196E-10
   2060.00       6.32969E-10
   2070.00       6.45870E-10
   2080.00       6.58900E-10
   2090.00       6.72056E-10
   2100.00       6.85338E-10
   2110.00       6.98746E-10
   2120.00       7.12278E-10
   2130.00       7.25934E-10
   2140.00       7.39713E-10
   2150.00       7.53613E-10
   2160.00       7.67634E-10
   2170.00       7.81775E-10
   2180.00       7.96035E-10
   2190.00       8.10414E-10
   2200.00       8.24910E-10
   2210.00       8.39521E-10
   2220.00       8.54248E-10
   2230.00       8.69089E-10
   2240.00       8.84044E-10
   2250.00       8.99111E-10
   2260.00       9.14289E-10
   2270.00       9.29577E-10
   2280.00       9.44975E-10
   2290.00       9.60481E-10
   2300.00       9.76094E-10
   2310.00       9.91812E-10
   2320.00       1.00764E-09
   2330.00       1.02357E-09
   2340.00       1.03960E-09
   2350.00       1.05573E-09
   2360.00       1.07196E-09
   2370.00       1.08830E-09
   2380.00       1.10473E-09
   2390.00       1.12126E-09
   2400.00       1.13789E-09
   2410.00       1.15461E-09
   2420.00       1.17143E-09
   2430.00       1.18834E-09
   2440.00       1.20534E-09
   2450.00       1.22244E-09
   2460.00       1.23962E-09
   2470.00       1.25690E-09
   2480.00       1.27426E-09
   2490.00       1.29171E-09
   2500.00       1.30924E-09
   2510.00       1.32686E-09
   2520.00       1.34457E-09
   2530.00       1.36235E-09
   2540.00       1.38022E-09
   2550.00       1.39817E-09
   2560.00       1.41620E-09
   2570.00       1.43430E-09
   2580.00       1.45249E-09
   2590.00       1.47074E-09
   2600.00       1.48908E-09
   2610.00       1.50749E-09
   2620.00       1.52597E-09
   2630.00       1.54453E-09
   2640.00       1.56315E-09
   2650.00       1.58185E-09
   2660.00       1.60061E-09
   2670.00       1.61944E-09
   2680.00       1.63834E-09
   2690.00       1.65731E-09
   2700.00       1.67634E-09
   2710.00       1.69543E-09
   2720.00       1.71459E-09
   2730.00       1.73381E-09
   2740.00       1.75309E-09
   2750.00       1.77242E-09
   2760.00       1.79182E-09
   2770.00       1.81128E-09
   2780.00       1.83079E-09
   2790.00       1.85036E-09
   2800.00       1.86998E-09
   2810.00       1.88965E-09
   2820.00       1.90938E-09
   2830.00       1.92916E-09
   2840.00       1.94900E-09
   2850.00       1.96888E-09
   2860.00       1.98881E-09
   2870.00       2.00879E-09
   2880.00       2.02882E-09
   2890.00       2.04889E-09
   2900.00       2.06900E-09
   2910.00       2.08917E-09
   2920.00       2.10937E-09
   2930.00       2.12962E-09
   2940.00       2.14991E-09
   2950.00       2.17024E-09
   2960.00       2.19061E-09
   2970.00       2.21102E-09
   2980.00       2.23147E-09
   2990.00       2.25195E-09
   3000.00       2.27247E-09
   3010.00       2.29303E-09
   3020.00       2.31362E-09
   3030.00       2.33424E-09
   3040.00       2.35490E-09
   3050.00       2.37559E-09
   3060.00       2.39631E-09
   3070.00       2.41706E-09
   3080.00       2.43784E-09
   3090.00       2.45865E-09
   3100.00       2.47949E-09
   3110.00       2.50036E-09
   3120.00       2.52125E-09
   3130.00       2.54217E-09
   3140.00       2.56311E-09
   3150.00       2.58408E-09
   3160.00       2.60507E-09
   3170.00       2.62608E-09
   3180.00       2.64711E-09
   3190.00       2.66817E-09
   3200.00       2.68925E-09
   3210.00       2.71034E-09
   3220.00       2.73146E-09
   3230.00       2.75259E-09
   3240.00       2.77374E-09
   3250.00       2.79491E-09
   3260.00       2.81609E-09
   3270.00       2.83729E-09
   3280.00       2.85850E-09
   3290.00       2.87973E-09
   3300.00       2.90097E-09
   3310.00       2.92223E-09
   3320.00       2.94349E-09
   3330.00       2.96477E-09
   3340.00       2.98606E-09
   3350.00       3.00735E-09
   3360.00       3.02866E-09
   3370.00       3.04998E-09
   3380.00       3.07131E-09
   3390.00       3.09264E-09
   3400.00       3.11398E-09
   3410.00       3.13532E-09
   3420.00       3.15667E-09
   3430.00       3.17803E-09
   3440.00       3.19939E-09
   3450.00       3.22076E-09
   3460.00       3.24213E-09
   3470.00       3.26350E-09
   3480.00       3.28487E-09
   3490.00       3.30625E-09
   3500.00       3.32763E-09
   3510.00       3.34900E-09
   3520.00       3.37038E-09
   3530.00       3.39176E-09
   3540.00       3.41314E-09
   3550.00       3.43451E-09
   3560.00       3.45589E-09
   3570.00       3.47726E-09
   3580.00       3.49863E-09
   3590.00       3.51999E-09
   3600.00       3.54135E-09
   3610.00       3.56271E-09
   3620.00       3.58406E-09
   3630.00       3.60540E-09
   3640.00       3.62675E-09
   3650.00       3.64808E-09
   3660.00       3.66941E-09
   3670.00       3.69073E-09
   3680.00       3.71204E-09
   3690.00       3.73334E-09
   3700.00       3.75464E-09
   3710.00       3.77592E-09
   3720.00       3.79720E-09
   3730.00       3.81847E-09
   3740.00       3.83973E-09
   3750.00       3.86097E-09
   3760.00       3.88220E-09
   3770.00       3.90343E-09
   3780.00       3.92464E-09
   3790.00       3.94584E-09
   3800.00       3.96702E-09
   3810.00       3.98820E-09
   3820.00       4.00936E-09
   3830.00       4.03050E-09
   3840.00       4.05163E-09
   3850.00       4.07275E-09
   3860.00       4.09385E-09
   3870.00       4.11494E-09
   3880.00       4.13601E-09
   3890.00       4.15706E-09
   3900.00       4.17810E-09
   3910.00       4.19912E-09
   3920.00       4.22013E-09
   3930.00       4.24111E-09
   3940.00       4.26208E-09
   3950.00       4.28303E-09
   3960.00       4.30397E-09
   3970.00       4.32488E-09
   3980.00       4.34578E-09
   3990.00       4.36665E-09
   4000.00       4.38751E-09
   4010.00       4.40835E-09
   4020.00       4.42916E-09
   4030.00       4.44996E-09
   4040.00       4.47073E-09
   4050.00       4.49149E-09
   4060.00       4.51222E-09
   4070.00       4.53293E-09
   4080.00       4.55362E-09
   4090.00       4.57428E-09
   4100.00       4.59493E-09
   4110.00       4.61555E-09
   4120.00       4.63615E-09
   4130.00       4.65672E-09
   4140.00       4.67727E-09
   4150.00       4.69780E-09
   4160.00       4.71831E-09
   4170.00       4.73879E-09
   4180.00       4.75924E-09
   4190.00       4.77967E-09
   4200.00       4.80008E-09
   4210.00       4.82046E-09
   4220.00       4.84081E-09
   4230.00       4.86115E-09
   4240.00       4.88145E-09
   4250.00       4.90173E-09
   4260.00       4.92198E-09
   4270.00       4.94220E-09
   4280.00       4.96241E-09
   4290.00       4.98258E-09
   4300.00       5.00272E-09
   4310.00       5.02284E-09
   4320.00       5.04293E-09
   4330.00       5.06300E-09
   4340.00       5.08303E-09
   4350.00       5.10304E-09
   4360.00       5.12301E-09
   4370.00       5.14297E-09
   4380.00       5.16289E-09
   4390.00       5.18278E-09
   4400.00       5.20265E-09
   4410.00       5.22248E-09
   4420.00       5.24229E-09
   4430.00       5.26207E-09
   4440.00       5.28181E-09
   4450.00       5.30154E-09
   4460.00       5.32122E-09
   4470.00       5.34088E-09
   4480.00       5.36051E-09
   4490.00       5.38011E-09
   4500.00       5.39968E-09
   4510.00       5.41922E-09
   4520.00       5.43872E-09
   4530.00       5.45820E-09
   4540.00       5.47765E-09
   4550.00       5.49706E-09
   4560.00       5.51644E-09
   4570.00       5.53580E-09
   4580.00       5.55511E-09
   4590.00       5.57441E-09
   4600.00       5.59366E-09
   4610.00       5.61289E-09
   4620.00       5.63208E-09
   4630.00       5.65124E-09
   4640.00       5.67037E-09
   4650.00       5.68947E-09
   4660.00       5.70854E-09
   4670.00       5.72757E-09
   4680.00       5.74657E-09
   4690.00       5.76554E-09
   4700.00       5.78447E-09
   4710.00       5.80338E-09
   4720.00       5.82224E-09
   4730.00       5.84108E-09
   4740.00       5.85989E-09
   4750.00       5.87866E-09
   4760.00       5.89739E-09
   4770.00       5.91610E-09
   4780.00       5.93477E-09
   4790.00       5.95340E-09
   4800.00       5.97201E-09
   4810.00       5.99058E-09
   4820.00       6.00911E-09
   4830.00       6.02761E-09
   4840.00       6.04608E-09
   4850.00       6.06452E-09
   4860.00       6.08292E-09
   4870.00       6.10128E-09
   4880.00       6.11962E-09
   4890.00       6.13791E-09
   4900.00       6.15618E-09
   4910.00       6.17441E-09
   4920.00       6.19260E-09
   4930.00       6.21076E-09
   4940.00       6.22889E-09
   4950.00       6.24698E-09
   4960.00       6.26504E-09
   4970.00       6.28306E-09
   4980.00       6.30105E-09
   4990.00       6.31900E-09
   5000.00       6.33692E-09
   5010.00       6.35481E-09
   5020.00       6.37265E-09
   5030.00       6.39047E-09
   5040.00       6.40825E-09
   5050.00       6.42599E-09
   5060.00       6.44370E-09
   5070.00       6.46138E-09
   5080.00       6.47901E-09
   5090.00       6.49662E-09
   6000.00       7.95052E-09
   7000.00       9.22472E-09
   8000.00       1.02044E-08
   9000.00       1.09413E-08
  10000.00       1.14817E-08
