    100.00       0.00000E+00
    110.00       0.00000E+00
    120.00       0.00000E+00
    130.00       0.00000E+00
    140.00       0.00000E+00
    150.00       0.00000E+00
    160.00       0.00000E+00
    170.00       0.00000E+00
    180.00       0.00000E+00
    190.00       0.00000E+00
    200.00       0.00000E+00
    210.00       0.00000E+00
    220.00       0.00000E+00
    230.00       0.00000E+00
    240.00       0.00000E+00
    250.00       0.00000E+00
    260.00       0.00000E+00
    270.00       0.00000E+00
    280.00       0.00000E+00
    290.00       0.00000E+00
    300.00       0.00000E+00
    310.00       0.00000E+00
    320.00       0.00000E+00
    330.00       0.00000E+00
    340.00       0.00000E+00
    350.00       0.00000E+00
    360.00       0.00000E+00
    370.00       0.00000E+00
    380.00       0.00000E+00
    390.00       0.00000E+00
    400.00       0.00000E+00
    410.00       0.00000E+00
    420.00       0.00000E+00
    430.00       0.00000E+00
    440.00       0.00000E+00
    450.00       0.00000E+00
    460.00       0.00000E+00
    470.00       0.00000E+00
    480.00       0.00000E+00
    490.00       0.00000E+00
    500.00       0.00000E+00
    510.00       0.00000E+00
    520.00       0.00000E+00
    530.00       0.00000E+00
    540.00       0.00000E+00
    550.00       0.00000E+00
    560.00       0.00000E+00
    570.00       0.00000E+00
    580.00       0.00000E+00
    590.00       0.00000E+00
    600.00       0.00000E+00
    610.00       0.00000E+00
    620.00       0.00000E+00
    630.00       0.00000E+00
    640.00       0.00000E+00
    650.00       0.00000E+00
    660.00       0.00000E+00
    670.00       0.00000E+00
    680.00       0.00000E+00
    690.00       0.00000E+00
    700.00       0.00000E+00
    710.00       0.00000E+00
    720.00       0.00000E+00
    730.00       0.00000E+00
    740.00       3.12749E-38
    750.00       8.22054E-38
    760.00       2.10607E-37
    770.00       5.26457E-37
    780.00       1.28518E-36
    790.00       3.06670E-36
    800.00       7.15923E-36
    810.00       1.63643E-35
    820.00       3.66517E-35
    830.00       8.04985E-35
    840.00       1.73491E-34
    850.00       3.67157E-34
    860.00       7.63465E-34
    870.00       1.56083E-33
    880.00       3.13904E-33
    890.00       6.21385E-33
    900.00       1.21137E-32
    910.00       2.32680E-32
    920.00       4.40576E-32
    930.00       8.22751E-32
    940.00       1.51595E-31
    950.00       2.75716E-31
    960.00       4.95187E-31
    970.00       8.78594E-31
    980.00       1.54053E-30
    990.00       2.67039E-30
   1000.00       4.57778E-30
   1010.00       7.76337E-30
   1020.00       1.30286E-29
   1030.00       2.16441E-29
   1040.00       3.56032E-29
   1050.00       5.80068E-29
   1060.00       9.36321E-29
   1070.00       1.49776E-28
   1080.00       2.37485E-28
   1090.00       3.73351E-28
   1100.00       5.82085E-28
   1110.00       9.00192E-28
   1120.00       1.38123E-27
   1130.00       2.10313E-27
   1140.00       3.17852E-27
   1150.00       4.76898E-27
   1160.00       7.10478E-27
   1170.00       1.05119E-26
   1180.00       1.54485E-26
   1190.00       2.25553E-26
   1200.00       3.27221E-26
   1210.00       4.71763E-26
   1220.00       6.76029E-26
   1230.00       9.63020E-26
   1240.00       1.36394E-25
   1250.00       1.92089E-25
   1260.00       2.69040E-25
   1270.00       3.74795E-25
   1280.00       5.19390E-25
   1290.00       7.16083E-25
   1300.00       9.82327E-25
   1310.00       1.34099E-24
   1320.00       1.82184E-24
   1330.00       2.46360E-24
   1340.00       3.31625E-24
   1350.00       4.44407E-24
   1360.00       5.92947E-24
   1370.00       7.87761E-24
   1380.00       1.04222E-23
   1390.00       1.37324E-23
   1400.00       1.80217E-23
   1410.00       2.35585E-23
   1420.00       3.06782E-23
   1430.00       3.98002E-23
   1440.00       5.14452E-23
   1450.00       6.62582E-23
   1460.00       8.50366E-23
   1470.00       1.08762E-22
   1480.00       1.38635E-22
   1490.00       1.76130E-22
   1500.00       2.23041E-22
   1510.00       2.81548E-22
   1520.00       3.54296E-22
   1530.00       4.44482E-22
   1540.00       5.55959E-22
   1550.00       6.93347E-22
   1560.00       8.62201E-22
   1570.00       1.06915E-21
   1580.00       1.32210E-21
   1590.00       1.63045E-21
   1600.00       2.00536E-21
   1610.00       2.46003E-21
   1620.00       3.01005E-21
   1630.00       3.67374E-21
   1640.00       4.47268E-21
   1650.00       5.43217E-21
   1660.00       6.58175E-21
   1670.00       7.95594E-21
   1680.00       9.59494E-21
   1690.00       1.15455E-20
   1700.00       1.38617E-20
   1710.00       1.66062E-20
   1720.00       1.98517E-20
   1730.00       2.36815E-20
   1740.00       2.81918E-20
   1750.00       3.34928E-20
   1760.00       3.97111E-20
   1770.00       4.69915E-20
   1780.00       5.54994E-20
   1790.00       6.54233E-20
   1800.00       7.69779E-20
   1810.00       9.04070E-20
   1820.00       1.05987E-19
   1830.00       1.24032E-19
   1840.00       1.44896E-19
   1850.00       1.68979E-19
   1860.00       1.96732E-19
   1870.00       2.28662E-19
   1880.00       2.65339E-19
   1890.00       3.07406E-19
   1900.00       3.55576E-19
   1910.00       4.10654E-19
   1920.00       4.73534E-19
   1930.00       5.45224E-19
   1940.00       6.26828E-19
   1950.00       7.19593E-19
   1960.00       8.24894E-19
   1970.00       9.44267E-19
   1980.00       1.07940E-18
   1990.00       1.23218E-18
   2000.00       1.40467E-18
   2010.00       1.59917E-18
   2020.00       1.81821E-18
   2030.00       2.06458E-18
   2040.00       2.34133E-18
   2050.00       2.65184E-18
   2060.00       2.99982E-18
   2070.00       3.38930E-18
   2080.00       3.82475E-18
   2090.00       4.31104E-18
   2100.00       4.85346E-18
   2110.00       5.45783E-18
   2120.00       6.13049E-18
   2130.00       6.87837E-18
   2140.00       7.70893E-18
   2150.00       8.63040E-18
   2160.00       9.65161E-18
   2170.00       1.07823E-17
   2180.00       1.20328E-17
   2190.00       1.34146E-17
   2200.00       1.49398E-17
   2210.00       1.66218E-17
   2220.00       1.84749E-17
   2230.00       2.05145E-17
   2240.00       2.27576E-17
   2250.00       2.52219E-17
   2260.00       2.79268E-17
   2270.00       3.08934E-17
   2280.00       3.41440E-17
   2290.00       3.77026E-17
   2300.00       4.15952E-17
   2310.00       4.58495E-17
   2320.00       5.04954E-17
   2330.00       5.55645E-17
   2340.00       6.10911E-17
   2350.00       6.71115E-17
   2360.00       7.36645E-17
   2370.00       8.07923E-17
   2380.00       8.85385E-17
   2390.00       9.69515E-17
   2400.00       1.06081E-16
   2410.00       1.15980E-16
   2420.00       1.26707E-16
   2430.00       1.38322E-16
   2440.00       1.50890E-16
   2450.00       1.64480E-16
   2460.00       1.79163E-16
   2470.00       1.95017E-16
   2480.00       2.12126E-16
   2490.00       2.30575E-16
   2500.00       2.50455E-16
   2510.00       2.71864E-16
   2520.00       2.94905E-16
   2530.00       3.19686E-16
   2540.00       3.46322E-16
   2550.00       3.74935E-16
   2560.00       4.05651E-16
   2570.00       4.38605E-16
   2580.00       4.73941E-16
   2590.00       5.11805E-16
   2600.00       5.52358E-16
   2610.00       5.95764E-16
   2620.00       6.42196E-16
   2630.00       6.91839E-16
   2640.00       7.44882E-16
   2650.00       8.01534E-16
   2660.00       8.61997E-16
   2670.00       9.26503E-16
   2680.00       9.95283E-16
   2690.00       1.06857E-15
   2700.00       1.14664E-15
   2710.00       1.22974E-15
   2720.00       1.31817E-15
   2730.00       1.41221E-15
   2740.00       1.51217E-15
   2750.00       1.61837E-15
   2760.00       1.73115E-15
   2770.00       1.85084E-15
   2780.00       1.97784E-15
   2790.00       2.11250E-15
   2800.00       2.25522E-15
   2810.00       2.40644E-15
   2820.00       2.56656E-15
   2830.00       2.73604E-15
   2840.00       2.91535E-15
   2850.00       3.10498E-15
   2860.00       3.30543E-15
   2870.00       3.51723E-15
   2880.00       3.74093E-15
   2890.00       3.97708E-15
   2900.00       4.22628E-15
   2910.00       4.48916E-15
   2920.00       4.76634E-15
   2930.00       5.05848E-15
   2940.00       5.36628E-15
   2950.00       5.69041E-15
   2960.00       6.03165E-15
   2970.00       6.39074E-15
   2980.00       6.76850E-15
   2990.00       7.16569E-15
   3000.00       7.58321E-15
   3010.00       8.02193E-15
   3020.00       8.48268E-15
   3030.00       8.96652E-15
   3040.00       9.47430E-15
   3050.00       1.00071E-14
   3060.00       1.05659E-14
   3070.00       1.11519E-14
   3080.00       1.17660E-14
   3090.00       1.24094E-14
   3100.00       1.30834E-14
   3110.00       1.37890E-14
   3120.00       1.45277E-14
   3130.00       1.53005E-14
   3140.00       1.61089E-14
   3150.00       1.69543E-14
   3160.00       1.78380E-14
   3170.00       1.87615E-14
   3180.00       1.97262E-14
   3190.00       2.07338E-14
   3200.00       2.17857E-14
   3210.00       2.28837E-14
   3220.00       2.40293E-14
   3230.00       2.52242E-14
   3240.00       2.64704E-14
   3250.00       2.77695E-14
   3260.00       2.91234E-14
   3270.00       3.05340E-14
   3280.00       3.20032E-14
   3290.00       3.35333E-14
   3300.00       3.51259E-14
   3310.00       3.67835E-14
   3320.00       3.85081E-14
   3330.00       4.03020E-14
   3340.00       4.21673E-14
   3350.00       4.41066E-14
   3360.00       4.61221E-14
   3370.00       4.82164E-14
   3380.00       5.03919E-14
   3390.00       5.26510E-14
   3400.00       5.49968E-14
   3410.00       5.74316E-14
   3420.00       5.99583E-14
   3430.00       6.25797E-14
   3440.00       6.52987E-14
   3450.00       6.81182E-14
   3460.00       7.10412E-14
   3470.00       7.40709E-14
   3480.00       7.72104E-14
   3490.00       8.04628E-14
   3500.00       8.38315E-14
   3510.00       8.73196E-14
   3520.00       9.09310E-14
   3530.00       9.46690E-14
   3540.00       9.85369E-14
   3550.00       1.02539E-13
   3560.00       1.06678E-13
   3570.00       1.10958E-13
   3580.00       1.15384E-13
   3590.00       1.19959E-13
   3600.00       1.24686E-13
   3610.00       1.29571E-13
   3620.00       1.34617E-13
   3630.00       1.39829E-13
   3640.00       1.45211E-13
   3650.00       1.50767E-13
   3660.00       1.56502E-13
   3670.00       1.62420E-13
   3680.00       1.68526E-13
   3690.00       1.74825E-13
   3700.00       1.81322E-13
   3710.00       1.88021E-13
   3720.00       1.94927E-13
   3730.00       2.02046E-13
   3740.00       2.09383E-13
   3750.00       2.16943E-13
   3760.00       2.24731E-13
   3770.00       2.32752E-13
   3780.00       2.41013E-13
   3790.00       2.49519E-13
   3800.00       2.58275E-13
   3810.00       2.67287E-13
   3820.00       2.76562E-13
   3830.00       2.86105E-13
   3840.00       2.95920E-13
   3850.00       3.06018E-13
   3860.00       3.16402E-13
   3870.00       3.27077E-13
   3880.00       3.38053E-13
   3890.00       3.49333E-13
   3900.00       3.60927E-13
   3910.00       3.72839E-13
   3920.00       3.85077E-13
   3930.00       3.97648E-13
   3940.00       4.10559E-13
   3950.00       4.23815E-13
   3960.00       4.37426E-13
   3970.00       4.51398E-13
   3980.00       4.65739E-13
   3990.00       4.80455E-13
   4000.00       4.95555E-13
   4010.00       5.11046E-13
   4020.00       5.26936E-13
   4030.00       5.43232E-13
   4040.00       5.59944E-13
   4050.00       5.77079E-13
   4060.00       5.94643E-13
   4070.00       6.12646E-13
   4080.00       6.31098E-13
   4090.00       6.50005E-13
   4100.00       6.69376E-13
   4110.00       6.89221E-13
   4120.00       7.09547E-13
   4130.00       7.30362E-13
   4140.00       7.51678E-13
   4150.00       7.73503E-13
   4160.00       7.95844E-13
   4170.00       8.18714E-13
   4180.00       8.42118E-13
   4190.00       8.66068E-13
   4200.00       8.90572E-13
   4210.00       9.15642E-13
   4220.00       9.41285E-13
   4230.00       9.67513E-13
   4240.00       9.94334E-13
   4250.00       1.02176E-12
   4260.00       1.04980E-12
   4270.00       1.07846E-12
   4280.00       1.10776E-12
   4290.00       1.13770E-12
   4300.00       1.16830E-12
   4310.00       1.19957E-12
   4320.00       1.23151E-12
   4330.00       1.26414E-12
   4340.00       1.29746E-12
   4350.00       1.33150E-12
   4360.00       1.36625E-12
   4370.00       1.40174E-12
   4380.00       1.43797E-12
   4390.00       1.47495E-12
   4400.00       1.51270E-12
   4410.00       1.55123E-12
   4420.00       1.59054E-12
   4430.00       1.63065E-12
   4440.00       1.67158E-12
   4450.00       1.71333E-12
   4460.00       1.75591E-12
   4470.00       1.79935E-12
   4480.00       1.84364E-12
   4490.00       1.88880E-12
   4500.00       1.93486E-12
   4510.00       1.98180E-12
   4520.00       2.02966E-12
   4530.00       2.07844E-12
   4540.00       2.12815E-12
   4550.00       2.17881E-12
   4560.00       2.23043E-12
   4570.00       2.28302E-12
   4580.00       2.33660E-12
   4590.00       2.39118E-12
   4600.00       2.44677E-12
   4610.00       2.50339E-12
   4620.00       2.56104E-12
   4630.00       2.61975E-12
   4640.00       2.67953E-12
   4650.00       2.74038E-12
   4660.00       2.80233E-12
   4670.00       2.86538E-12
   4680.00       2.92956E-12
   4690.00       2.99487E-12
   4700.00       3.06133E-12
   4710.00       3.12895E-12
   4720.00       3.19774E-12
   4730.00       3.26773E-12
   4740.00       3.33893E-12
   4750.00       3.41135E-12
   4760.00       3.48499E-12
   4770.00       3.55989E-12
   4780.00       3.63605E-12
   4790.00       3.71349E-12
   4800.00       3.79222E-12
   4810.00       3.87225E-12
   4820.00       3.95361E-12
   4830.00       4.03631E-12
   4840.00       4.12035E-12
   4850.00       4.20576E-12
   4860.00       4.29255E-12
   4870.00       4.38075E-12
   4880.00       4.47035E-12
   4890.00       4.56138E-12
   4900.00       4.65386E-12
   4910.00       4.74779E-12
   4920.00       4.84319E-12
   4930.00       4.94009E-12
   4940.00       5.03848E-12
   4950.00       5.13840E-12
   4960.00       5.23986E-12
   4970.00       5.34287E-12
   4980.00       5.44744E-12
   4990.00       5.55359E-12
   5000.00       5.66135E-12
   5010.00       5.77071E-12
   5020.00       5.88171E-12
   5030.00       5.99436E-12
   5040.00       6.10867E-12
   5050.00       6.22465E-12
   5060.00       6.34233E-12
   5070.00       6.46172E-12
   5080.00       6.58283E-12
   5090.00       6.70570E-12
   6000.00       2.73519E-11
   7000.00       8.13556E-11
   8000.00       1.79460E-10
   9000.00       3.25271E-10
  10000.00       5.14866E-10
