    100.00       2.06378E-12
    110.00       5.62730E-12
    120.00       1.29396E-11
    130.00       2.61013E-11
    140.00       4.75077E-11
    150.00       7.96534E-11
    160.00       1.24944E-10
    170.00       1.85542E-10
    180.00       2.63261E-10
    190.00       3.59503E-10
    200.00       4.75239E-10
    210.00       6.11018E-10
    220.00       7.67003E-10
    230.00       9.43008E-10
    240.00       1.13855E-09
    250.00       1.35293E-09
    260.00       1.58521E-09
    270.00       1.83435E-09
    280.00       2.09920E-09
    290.00       2.37853E-09
    300.00       2.67107E-09
    310.00       2.97558E-09
    320.00       3.29078E-09
    330.00       3.61543E-09
    340.00       3.94837E-09
    350.00       4.28842E-09
    360.00       4.63452E-09
    370.00       4.98562E-09
    380.00       5.34075E-09
    390.00       5.69903E-09
    400.00       6.05959E-09
    410.00       6.42165E-09
    420.00       6.78451E-09
    430.00       7.14750E-09
    440.00       7.51001E-09
    450.00       7.87149E-09
    460.00       8.23144E-09
    470.00       8.58941E-09
    480.00       8.94499E-09
    490.00       9.29781E-09
    500.00       9.64755E-09
    510.00       9.99390E-09
    520.00       1.03366E-08
    530.00       1.06755E-08
    540.00       1.10102E-08
    550.00       1.13408E-08
    560.00       1.16669E-08
    570.00       1.19886E-08
    580.00       1.23056E-08
    590.00       1.26179E-08
    600.00       1.29254E-08
    610.00       1.32281E-08
    620.00       1.35259E-08
    630.00       1.38188E-08
    640.00       1.41067E-08
    650.00       1.43898E-08
    660.00       1.46679E-08
    670.00       1.49410E-08
    680.00       1.52093E-08
    690.00       1.54727E-08
    700.00       1.57312E-08
    710.00       1.59849E-08
    720.00       1.62338E-08
    730.00       1.64780E-08
    740.00       1.67175E-08
    750.00       1.69524E-08
    760.00       1.71827E-08
    770.00       1.74085E-08
    780.00       1.76298E-08
    790.00       1.78468E-08
    800.00       1.80594E-08
    810.00       1.82677E-08
    820.00       1.84718E-08
    830.00       1.86717E-08
    840.00       1.88676E-08
    850.00       1.90595E-08
    860.00       1.92474E-08
    870.00       1.94314E-08
    880.00       1.96116E-08
    890.00       1.97881E-08
    900.00       1.99609E-08
    910.00       2.01300E-08
    920.00       2.02956E-08
    930.00       2.04578E-08
    940.00       2.06165E-08
    950.00       2.07718E-08
    960.00       2.09238E-08
    970.00       2.10727E-08
    980.00       2.12183E-08
    990.00       2.13608E-08
   1000.00       2.15003E-08
   1010.00       2.16367E-08
   1020.00       2.17703E-08
   1030.00       2.19009E-08
   1040.00       2.20287E-08
   1050.00       2.21538E-08
   1060.00       2.22761E-08
   1070.00       2.23958E-08
   1080.00       2.25128E-08
   1090.00       2.26273E-08
   1100.00       2.27393E-08
   1110.00       2.28488E-08
   1120.00       2.29560E-08
   1130.00       2.30607E-08
   1140.00       2.31632E-08
   1150.00       2.32633E-08
   1160.00       2.33613E-08
   1170.00       2.34571E-08
   1180.00       2.35507E-08
   1190.00       2.36422E-08
   1200.00       2.37317E-08
   1210.00       2.38192E-08
   1220.00       2.39047E-08
   1230.00       2.39883E-08
   1240.00       2.40700E-08
   1250.00       2.41498E-08
   1260.00       2.42278E-08
   1270.00       2.43040E-08
   1280.00       2.43785E-08
   1290.00       2.44513E-08
   1300.00       2.45224E-08
   1310.00       2.45918E-08
   1320.00       2.46597E-08
   1330.00       2.47259E-08
   1340.00       2.47906E-08
   1350.00       2.48538E-08
   1360.00       2.49155E-08
   1370.00       2.49757E-08
   1380.00       2.50345E-08
   1390.00       2.50919E-08
   1400.00       2.51480E-08
   1410.00       2.52027E-08
   1420.00       2.52560E-08
   1430.00       2.53081E-08
   1440.00       2.53589E-08
   1450.00       2.54085E-08
   1460.00       2.54568E-08
   1470.00       2.55039E-08
   1480.00       2.55499E-08
   1490.00       2.55947E-08
   1500.00       2.56384E-08
   1510.00       2.56810E-08
   1520.00       2.57225E-08
   1530.00       2.57629E-08
   1540.00       2.58024E-08
   1550.00       2.58407E-08
   1560.00       2.58781E-08
   1570.00       2.59145E-08
   1580.00       2.59499E-08
   1590.00       2.59844E-08
   1600.00       2.60179E-08
   1610.00       2.60506E-08
   1620.00       2.60823E-08
   1630.00       2.61132E-08
   1640.00       2.61432E-08
   1650.00       2.61724E-08
   1660.00       2.62007E-08
   1670.00       2.62282E-08
   1680.00       2.62550E-08
   1690.00       2.62809E-08
   1700.00       2.63061E-08
   1710.00       2.63306E-08
   1720.00       2.63543E-08
   1730.00       2.63773E-08
   1740.00       2.63995E-08
   1750.00       2.64211E-08
   1760.00       2.64420E-08
   1770.00       2.64622E-08
   1780.00       2.64818E-08
   1790.00       2.65007E-08
   1800.00       2.65190E-08
   1810.00       2.65367E-08
   1820.00       2.65537E-08
   1830.00       2.65702E-08
   1840.00       2.65861E-08
   1850.00       2.66014E-08
   1860.00       2.66161E-08
   1870.00       2.66303E-08
   1880.00       2.66439E-08
   1890.00       2.66570E-08
   1900.00       2.66695E-08
   1910.00       2.66816E-08
   1920.00       2.66931E-08
   1930.00       2.67042E-08
   1940.00       2.67148E-08
   1950.00       2.67248E-08
   1960.00       2.67345E-08
   1970.00       2.67436E-08
   1980.00       2.67523E-08
   1990.00       2.67606E-08
   2000.00       2.67684E-08
   2010.00       2.67758E-08
   2020.00       2.67827E-08
   2030.00       2.67893E-08
   2040.00       2.67955E-08
   2050.00       2.68012E-08
   2060.00       2.68066E-08
   2070.00       2.68115E-08
   2080.00       2.68161E-08
   2090.00       2.68204E-08
   2100.00       2.68242E-08
   2110.00       2.68277E-08
   2120.00       2.68309E-08
   2130.00       2.68337E-08
   2140.00       2.68362E-08
   2150.00       2.68383E-08
   2160.00       2.68401E-08
   2170.00       2.68416E-08
   2180.00       2.68428E-08
   2190.00       2.68437E-08
   2200.00       2.68443E-08
   2210.00       2.68446E-08
   2220.00       2.68445E-08
   2230.00       2.68442E-08
   2240.00       2.68436E-08
   2250.00       2.68428E-08
   2260.00       2.68416E-08
   2270.00       2.68402E-08
   2280.00       2.68386E-08
   2290.00       2.68366E-08
   2300.00       2.68345E-08
   2310.00       2.68320E-08
   2320.00       2.68294E-08
   2330.00       2.68265E-08
   2340.00       2.68233E-08
   2350.00       2.68199E-08
   2360.00       2.68163E-08
   2370.00       2.68125E-08
   2380.00       2.68084E-08
   2390.00       2.68042E-08
   2400.00       2.67997E-08
   2410.00       2.67950E-08
   2420.00       2.67901E-08
   2430.00       2.67850E-08
   2440.00       2.67798E-08
   2450.00       2.67743E-08
   2460.00       2.67686E-08
   2470.00       2.67627E-08
   2480.00       2.67567E-08
   2490.00       2.67505E-08
   2500.00       2.67441E-08
   2510.00       2.67375E-08
   2520.00       2.67308E-08
   2530.00       2.67239E-08
   2540.00       2.67168E-08
   2550.00       2.67096E-08
   2560.00       2.67022E-08
   2570.00       2.66946E-08
   2580.00       2.66869E-08
   2590.00       2.66791E-08
   2600.00       2.66711E-08
   2610.00       2.66629E-08
   2620.00       2.66546E-08
   2630.00       2.66462E-08
   2640.00       2.66376E-08
   2650.00       2.66289E-08
   2660.00       2.66201E-08
   2670.00       2.66111E-08
   2680.00       2.66021E-08
   2690.00       2.65928E-08
   2700.00       2.65835E-08
   2710.00       2.65740E-08
   2720.00       2.65645E-08
   2730.00       2.65548E-08
   2740.00       2.65449E-08
   2750.00       2.65350E-08
   2760.00       2.65250E-08
   2770.00       2.65149E-08
   2780.00       2.65046E-08
   2790.00       2.64943E-08
   2800.00       2.64838E-08
   2810.00       2.64732E-08
   2820.00       2.64626E-08
   2830.00       2.64518E-08
   2840.00       2.64410E-08
   2850.00       2.64301E-08
   2860.00       2.64190E-08
   2870.00       2.64079E-08
   2880.00       2.63967E-08
   2890.00       2.63854E-08
   2900.00       2.63740E-08
   2910.00       2.63626E-08
   2920.00       2.63510E-08
   2930.00       2.63394E-08
   2940.00       2.63277E-08
   2950.00       2.63159E-08
   2960.00       2.63040E-08
   2970.00       2.62921E-08
   2980.00       2.62801E-08
   2990.00       2.62680E-08
   3000.00       2.62559E-08
   3010.00       2.62437E-08
   3020.00       2.62314E-08
   3030.00       2.62191E-08
   3040.00       2.62066E-08
   3050.00       2.61942E-08
   3060.00       2.61816E-08
   3070.00       2.61690E-08
   3080.00       2.61564E-08
   3090.00       2.61436E-08
   3100.00       2.61309E-08
   3110.00       2.61181E-08
   3120.00       2.61052E-08
   3130.00       2.60922E-08
   3140.00       2.60792E-08
   3150.00       2.60662E-08
   3160.00       2.60531E-08
   3170.00       2.60400E-08
   3180.00       2.60268E-08
   3190.00       2.60135E-08
   3200.00       2.60002E-08
   3210.00       2.59869E-08
   3220.00       2.59735E-08
   3230.00       2.59601E-08
   3240.00       2.59467E-08
   3250.00       2.59331E-08
   3260.00       2.59196E-08
   3270.00       2.59060E-08
   3280.00       2.58924E-08
   3290.00       2.58787E-08
   3300.00       2.58650E-08
   3310.00       2.58513E-08
   3320.00       2.58375E-08
   3330.00       2.58237E-08
   3340.00       2.58099E-08
   3350.00       2.57960E-08
   3360.00       2.57821E-08
   3370.00       2.57682E-08
   3380.00       2.57542E-08
   3390.00       2.57402E-08
   3400.00       2.57262E-08
   3410.00       2.57121E-08
   3420.00       2.56980E-08
   3430.00       2.56839E-08
   3440.00       2.56698E-08
   3450.00       2.56556E-08
   3460.00       2.56414E-08
   3470.00       2.56272E-08
   3480.00       2.56130E-08
   3490.00       2.55988E-08
   3500.00       2.55845E-08
   3510.00       2.55702E-08
   3520.00       2.55558E-08
   3530.00       2.55415E-08
   3540.00       2.55271E-08
   3550.00       2.55128E-08
   3560.00       2.54984E-08
   3570.00       2.54839E-08
   3580.00       2.54695E-08
   3590.00       2.54550E-08
   3600.00       2.54406E-08
   3610.00       2.54261E-08
   3620.00       2.54116E-08
   3630.00       2.53971E-08
   3640.00       2.53825E-08
   3650.00       2.53680E-08
   3660.00       2.53534E-08
   3670.00       2.53389E-08
   3680.00       2.53243E-08
   3690.00       2.53097E-08
   3700.00       2.52951E-08
   3710.00       2.52805E-08
   3720.00       2.52658E-08
   3730.00       2.52512E-08
   3740.00       2.52366E-08
   3750.00       2.52219E-08
   3760.00       2.52072E-08
   3770.00       2.51926E-08
   3780.00       2.51779E-08
   3790.00       2.51632E-08
   3800.00       2.51485E-08
   3810.00       2.51338E-08
   3820.00       2.51191E-08
   3830.00       2.51044E-08
   3840.00       2.50897E-08
   3850.00       2.50749E-08
   3860.00       2.50602E-08
   3870.00       2.50455E-08
   3880.00       2.50308E-08
   3890.00       2.50160E-08
   3900.00       2.50013E-08
   3910.00       2.49865E-08
   3920.00       2.49718E-08
   3930.00       2.49570E-08
   3940.00       2.49423E-08
   3950.00       2.49275E-08
   3960.00       2.49128E-08
   3970.00       2.48980E-08
   3980.00       2.48833E-08
   3990.00       2.48685E-08
   4000.00       2.48538E-08
   4010.00       2.48390E-08
   4020.00       2.48243E-08
   4030.00       2.48095E-08
   4040.00       2.47948E-08
   4050.00       2.47800E-08
   4060.00       2.47653E-08
   4070.00       2.47505E-08
   4080.00       2.47358E-08
   4090.00       2.47211E-08
   4100.00       2.47063E-08
   4110.00       2.46916E-08
   4120.00       2.46769E-08
   4130.00       2.46622E-08
   4140.00       2.46474E-08
   4150.00       2.46327E-08
   4160.00       2.46180E-08
   4170.00       2.46033E-08
   4180.00       2.45886E-08
   4190.00       2.45739E-08
   4200.00       2.45592E-08
   4210.00       2.45446E-08
   4220.00       2.45299E-08
   4230.00       2.45152E-08
   4240.00       2.45005E-08
   4250.00       2.44859E-08
   4260.00       2.44712E-08
   4270.00       2.44566E-08
   4280.00       2.44420E-08
   4290.00       2.44274E-08
   4300.00       2.44127E-08
   4310.00       2.43981E-08
   4320.00       2.43835E-08
   4330.00       2.43689E-08
   4340.00       2.43544E-08
   4350.00       2.43398E-08
   4360.00       2.43252E-08
   4370.00       2.43107E-08
   4380.00       2.42961E-08
   4390.00       2.42816E-08
   4400.00       2.42671E-08
   4410.00       2.42525E-08
   4420.00       2.42380E-08
   4430.00       2.42235E-08
   4440.00       2.42090E-08
   4450.00       2.41946E-08
   4460.00       2.41801E-08
   4470.00       2.41657E-08
   4480.00       2.41512E-08
   4490.00       2.41368E-08
   4500.00       2.41224E-08
   4510.00       2.41080E-08
   4520.00       2.40936E-08
   4530.00       2.40792E-08
   4540.00       2.40648E-08
   4550.00       2.40505E-08
   4560.00       2.40361E-08
   4570.00       2.40218E-08
   4580.00       2.40075E-08
   4590.00       2.39932E-08
   4600.00       2.39789E-08
   4610.00       2.39646E-08
   4620.00       2.39503E-08
   4630.00       2.39361E-08
   4640.00       2.39218E-08
   4650.00       2.39076E-08
   4660.00       2.38934E-08
   4670.00       2.38792E-08
   4680.00       2.38650E-08
   4690.00       2.38508E-08
   4700.00       2.38367E-08
   4710.00       2.38225E-08
   4720.00       2.38084E-08
   4730.00       2.37943E-08
   4740.00       2.37802E-08
   4750.00       2.37661E-08
   4760.00       2.37520E-08
   4770.00       2.37380E-08
   4780.00       2.37240E-08
   4790.00       2.37099E-08
   4800.00       2.36959E-08
   4810.00       2.36819E-08
   4820.00       2.36680E-08
   4830.00       2.36540E-08
   4840.00       2.36401E-08
   4850.00       2.36261E-08
   4860.00       2.36122E-08
   4870.00       2.35983E-08
   4880.00       2.35844E-08
   4890.00       2.35706E-08
   4900.00       2.35567E-08
   4910.00       2.35429E-08
   4920.00       2.35291E-08
   4930.00       2.35153E-08
   4940.00       2.35015E-08
   4950.00       2.34877E-08
   4960.00       2.34740E-08
   4970.00       2.34603E-08
   4980.00       2.34465E-08
   4990.00       2.34328E-08
   5000.00       2.34192E-08
   5010.00       2.34055E-08
   5020.00       2.33919E-08
   5030.00       2.33782E-08
   5040.00       2.33646E-08
   5050.00       2.33510E-08
   5060.00       2.33375E-08
   5070.00       2.33239E-08
   5080.00       2.33104E-08
   5090.00       2.32968E-08
   6000.00       2.21467E-08
   7000.00       2.10752E-08
   8000.00       2.01931E-08
   9000.00       1.94710E-08
  10000.00       1.88754E-08
