    100.00       9.75013E-11
    110.00       2.66012E-10
    120.00       6.12029E-10
    130.00       1.23525E-09
    140.00       2.24955E-09
    150.00       3.77372E-09
    160.00       5.92261E-09
    170.00       8.79974E-09
    180.00       1.24923E-08
    190.00       1.70680E-08
    200.00       2.25744E-08
    210.00       2.90390E-08
    220.00       3.64708E-08
    230.00       4.48625E-08
    240.00       5.41927E-08
    250.00       6.44286E-08
    260.00       7.55279E-08
    270.00       8.74417E-08
    280.00       1.00116E-07
    290.00       1.13493E-07
    300.00       1.27515E-07
    310.00       1.42120E-07
    320.00       1.57250E-07
    330.00       1.72847E-07
    340.00       1.88853E-07
    350.00       2.05215E-07
    360.00       2.21881E-07
    370.00       2.38802E-07
    380.00       2.55930E-07
    390.00       2.73224E-07
    400.00       2.90642E-07
    410.00       3.08147E-07
    420.00       3.25705E-07
    430.00       3.43283E-07
    440.00       3.60852E-07
    450.00       3.78386E-07
    460.00       3.95860E-07
    470.00       4.13251E-07
    480.00       4.30541E-07
    490.00       4.47710E-07
    500.00       4.64744E-07
    510.00       4.81626E-07
    520.00       4.98344E-07
    530.00       5.14887E-07
    540.00       5.31245E-07
    550.00       5.47410E-07
    560.00       5.63372E-07
    570.00       5.79127E-07
    580.00       5.94667E-07
    590.00       6.09989E-07
    600.00       6.25089E-07
    610.00       6.39964E-07
    620.00       6.54610E-07
    630.00       6.69027E-07
    640.00       6.83213E-07
    650.00       6.97166E-07
    660.00       7.10889E-07
    670.00       7.24379E-07
    680.00       7.37638E-07
    690.00       7.50666E-07
    700.00       7.63465E-07
    710.00       7.76036E-07
    720.00       7.88380E-07
    730.00       8.00500E-07
    740.00       8.12398E-07
    750.00       8.24075E-07
    760.00       8.35535E-07
    770.00       8.46780E-07
    780.00       8.57812E-07
    790.00       8.68634E-07
    800.00       8.79249E-07
    810.00       8.89660E-07
    820.00       8.99868E-07
    830.00       9.09880E-07
    840.00       9.19695E-07
    850.00       9.29319E-07
    860.00       9.38753E-07
    870.00       9.48000E-07
    880.00       9.57065E-07
    890.00       9.65949E-07
    900.00       9.74657E-07
    910.00       9.83190E-07
    920.00       9.91553E-07
    930.00       9.99747E-07
    940.00       1.00778E-06
    950.00       1.01564E-06
    960.00       1.02335E-06
    970.00       1.03091E-06
    980.00       1.03830E-06
    990.00       1.04555E-06
   1000.00       1.05265E-06
   1010.00       1.05961E-06
   1020.00       1.06643E-06
   1030.00       1.07310E-06
   1040.00       1.07964E-06
   1050.00       1.08604E-06
   1060.00       1.09231E-06
   1070.00       1.09846E-06
   1080.00       1.10447E-06
   1090.00       1.11037E-06
   1100.00       1.11614E-06
   1110.00       1.12179E-06
   1120.00       1.12732E-06
   1130.00       1.13274E-06
   1140.00       1.13805E-06
   1150.00       1.14325E-06
   1160.00       1.14834E-06
   1170.00       1.15332E-06
   1180.00       1.15820E-06
   1190.00       1.16297E-06
   1200.00       1.16765E-06
   1210.00       1.17223E-06
   1220.00       1.17671E-06
   1230.00       1.18110E-06
   1240.00       1.18540E-06
   1250.00       1.18960E-06
   1260.00       1.19372E-06
   1270.00       1.19775E-06
   1280.00       1.20169E-06
   1290.00       1.20555E-06
   1300.00       1.20933E-06
   1310.00       1.21303E-06
   1320.00       1.21664E-06
   1330.00       1.22019E-06
   1340.00       1.22365E-06
   1350.00       1.22704E-06
   1360.00       1.23036E-06
   1370.00       1.23361E-06
   1380.00       1.23678E-06
   1390.00       1.23989E-06
   1400.00       1.24293E-06
   1410.00       1.24590E-06
   1420.00       1.24881E-06
   1430.00       1.25166E-06
   1440.00       1.25444E-06
   1450.00       1.25716E-06
   1460.00       1.25982E-06
   1470.00       1.26242E-06
   1480.00       1.26497E-06
   1490.00       1.26745E-06
   1500.00       1.26989E-06
   1510.00       1.27226E-06
   1520.00       1.27459E-06
   1530.00       1.27686E-06
   1540.00       1.27908E-06
   1550.00       1.28124E-06
   1560.00       1.28336E-06
   1570.00       1.28543E-06
   1580.00       1.28746E-06
   1590.00       1.28943E-06
   1600.00       1.29136E-06
   1610.00       1.29325E-06
   1620.00       1.29509E-06
   1630.00       1.29688E-06
   1640.00       1.29864E-06
   1650.00       1.30035E-06
   1660.00       1.30202E-06
   1670.00       1.30365E-06
   1680.00       1.30524E-06
   1690.00       1.30679E-06
   1700.00       1.30830E-06
   1710.00       1.30978E-06
   1720.00       1.31122E-06
   1730.00       1.31262E-06
   1740.00       1.31399E-06
   1750.00       1.31532E-06
   1760.00       1.31662E-06
   1770.00       1.31788E-06
   1780.00       1.31912E-06
   1790.00       1.32032E-06
   1800.00       1.32148E-06
   1810.00       1.32262E-06
   1820.00       1.32372E-06
   1830.00       1.32480E-06
   1840.00       1.32585E-06
   1850.00       1.32686E-06
   1860.00       1.32785E-06
   1870.00       1.32881E-06
   1880.00       1.32974E-06
   1890.00       1.33065E-06
   1900.00       1.33153E-06
   1910.00       1.33238E-06
   1920.00       1.33321E-06
   1930.00       1.33401E-06
   1940.00       1.33479E-06
   1950.00       1.33554E-06
   1960.00       1.33627E-06
   1970.00       1.33697E-06
   1980.00       1.33766E-06
   1990.00       1.33832E-06
   2000.00       1.33895E-06
   2010.00       1.33957E-06
   2020.00       1.34016E-06
   2030.00       1.34074E-06
   2040.00       1.34129E-06
   2050.00       1.34182E-06
   2060.00       1.34233E-06
   2070.00       1.34283E-06
   2080.00       1.34330E-06
   2090.00       1.34375E-06
   2100.00       1.34419E-06
   2110.00       1.34461E-06
   2120.00       1.34500E-06
   2130.00       1.34539E-06
   2140.00       1.34575E-06
   2150.00       1.34610E-06
   2160.00       1.34643E-06
   2170.00       1.34674E-06
   2180.00       1.34704E-06
   2190.00       1.34732E-06
   2200.00       1.34758E-06
   2210.00       1.34783E-06
   2220.00       1.34807E-06
   2230.00       1.34829E-06
   2240.00       1.34849E-06
   2250.00       1.34868E-06
   2260.00       1.34886E-06
   2270.00       1.34902E-06
   2280.00       1.34917E-06
   2290.00       1.34931E-06
   2300.00       1.34943E-06
   2310.00       1.34954E-06
   2320.00       1.34963E-06
   2330.00       1.34972E-06
   2340.00       1.34979E-06
   2350.00       1.34985E-06
   2360.00       1.34989E-06
   2370.00       1.34993E-06
   2380.00       1.34995E-06
   2390.00       1.34997E-06
   2400.00       1.34997E-06
   2410.00       1.34996E-06
   2420.00       1.34994E-06
   2430.00       1.34991E-06
   2440.00       1.34986E-06
   2450.00       1.34981E-06
   2460.00       1.34975E-06
   2470.00       1.34968E-06
   2480.00       1.34960E-06
   2490.00       1.34951E-06
   2500.00       1.34941E-06
   2510.00       1.34929E-06
   2520.00       1.34918E-06
   2530.00       1.34905E-06
   2540.00       1.34891E-06
   2550.00       1.34877E-06
   2560.00       1.34861E-06
   2570.00       1.34845E-06
   2580.00       1.34828E-06
   2590.00       1.34810E-06
   2600.00       1.34791E-06
   2610.00       1.34772E-06
   2620.00       1.34751E-06
   2630.00       1.34731E-06
   2640.00       1.34709E-06
   2650.00       1.34686E-06
   2660.00       1.34663E-06
   2670.00       1.34639E-06
   2680.00       1.34615E-06
   2690.00       1.34589E-06
   2700.00       1.34563E-06
   2710.00       1.34537E-06
   2720.00       1.34509E-06
   2730.00       1.34481E-06
   2740.00       1.34453E-06
   2750.00       1.34424E-06
   2760.00       1.34394E-06
   2770.00       1.34364E-06
   2780.00       1.34333E-06
   2790.00       1.34301E-06
   2800.00       1.34269E-06
   2810.00       1.34236E-06
   2820.00       1.34203E-06
   2830.00       1.34169E-06
   2840.00       1.34135E-06
   2850.00       1.34100E-06
   2860.00       1.34065E-06
   2870.00       1.34029E-06
   2880.00       1.33993E-06
   2890.00       1.33956E-06
   2900.00       1.33919E-06
   2910.00       1.33881E-06
   2920.00       1.33843E-06
   2930.00       1.33804E-06
   2940.00       1.33765E-06
   2950.00       1.33725E-06
   2960.00       1.33685E-06
   2970.00       1.33645E-06
   2980.00       1.33604E-06
   2990.00       1.33563E-06
   3000.00       1.33521E-06
   3010.00       1.33479E-06
   3020.00       1.33436E-06
   3030.00       1.33394E-06
   3040.00       1.33350E-06
   3050.00       1.33307E-06
   3060.00       1.33263E-06
   3070.00       1.33219E-06
   3080.00       1.33174E-06
   3090.00       1.33129E-06
   3100.00       1.33084E-06
   3110.00       1.33038E-06
   3120.00       1.32992E-06
   3130.00       1.32946E-06
   3140.00       1.32899E-06
   3150.00       1.32852E-06
   3160.00       1.32805E-06
   3170.00       1.32757E-06
   3180.00       1.32709E-06
   3190.00       1.32661E-06
   3200.00       1.32613E-06
   3210.00       1.32564E-06
   3220.00       1.32515E-06
   3230.00       1.32466E-06
   3240.00       1.32416E-06
   3250.00       1.32367E-06
   3260.00       1.32317E-06
   3270.00       1.32266E-06
   3280.00       1.32216E-06
   3290.00       1.32165E-06
   3300.00       1.32114E-06
   3310.00       1.32063E-06
   3320.00       1.32012E-06
   3330.00       1.31960E-06
   3340.00       1.31908E-06
   3350.00       1.31856E-06
   3360.00       1.31804E-06
   3370.00       1.31751E-06
   3380.00       1.31699E-06
   3390.00       1.31646E-06
   3400.00       1.31593E-06
   3410.00       1.31539E-06
   3420.00       1.31486E-06
   3430.00       1.31432E-06
   3440.00       1.31378E-06
   3450.00       1.31324E-06
   3460.00       1.31270E-06
   3470.00       1.31216E-06
   3480.00       1.31161E-06
   3490.00       1.31107E-06
   3500.00       1.31052E-06
   3510.00       1.30997E-06
   3520.00       1.30942E-06
   3530.00       1.30886E-06
   3540.00       1.30831E-06
   3550.00       1.30775E-06
   3560.00       1.30720E-06
   3570.00       1.30664E-06
   3580.00       1.30608E-06
   3590.00       1.30552E-06
   3600.00       1.30495E-06
   3610.00       1.30439E-06
   3620.00       1.30383E-06
   3630.00       1.30326E-06
   3640.00       1.30269E-06
   3650.00       1.30212E-06
   3660.00       1.30155E-06
   3670.00       1.30098E-06
   3680.00       1.30041E-06
   3690.00       1.29984E-06
   3700.00       1.29927E-06
   3710.00       1.29869E-06
   3720.00       1.29812E-06
   3730.00       1.29754E-06
   3740.00       1.29696E-06
   3750.00       1.29638E-06
   3760.00       1.29580E-06
   3770.00       1.29522E-06
   3780.00       1.29464E-06
   3790.00       1.29406E-06
   3800.00       1.29348E-06
   3810.00       1.29289E-06
   3820.00       1.29231E-06
   3830.00       1.29173E-06
   3840.00       1.29114E-06
   3850.00       1.29055E-06
   3860.00       1.28997E-06
   3870.00       1.28938E-06
   3880.00       1.28879E-06
   3890.00       1.28820E-06
   3900.00       1.28761E-06
   3910.00       1.28702E-06
   3920.00       1.28643E-06
   3930.00       1.28584E-06
   3940.00       1.28525E-06
   3950.00       1.28466E-06
   3960.00       1.28407E-06
   3970.00       1.28347E-06
   3980.00       1.28288E-06
   3990.00       1.28229E-06
   4000.00       1.28169E-06
   4010.00       1.28110E-06
   4020.00       1.28050E-06
   4030.00       1.27991E-06
   4040.00       1.27931E-06
   4050.00       1.27871E-06
   4060.00       1.27812E-06
   4070.00       1.27752E-06
   4080.00       1.27692E-06
   4090.00       1.27633E-06
   4100.00       1.27573E-06
   4110.00       1.27513E-06
   4120.00       1.27453E-06
   4130.00       1.27393E-06
   4140.00       1.27333E-06
   4150.00       1.27274E-06
   4160.00       1.27214E-06
   4170.00       1.27154E-06
   4180.00       1.27094E-06
   4190.00       1.27034E-06
   4200.00       1.26974E-06
   4210.00       1.26914E-06
   4220.00       1.26854E-06
   4230.00       1.26794E-06
   4240.00       1.26734E-06
   4250.00       1.26674E-06
   4260.00       1.26614E-06
   4270.00       1.26554E-06
   4280.00       1.26494E-06
   4290.00       1.26434E-06
   4300.00       1.26374E-06
   4310.00       1.26314E-06
   4320.00       1.26254E-06
   4330.00       1.26194E-06
   4340.00       1.26134E-06
   4350.00       1.26074E-06
   4360.00       1.26014E-06
   4370.00       1.25954E-06
   4380.00       1.25893E-06
   4390.00       1.25833E-06
   4400.00       1.25773E-06
   4410.00       1.25713E-06
   4420.00       1.25653E-06
   4430.00       1.25593E-06
   4440.00       1.25533E-06
   4450.00       1.25473E-06
   4460.00       1.25413E-06
   4470.00       1.25353E-06
   4480.00       1.25294E-06
   4490.00       1.25234E-06
   4500.00       1.25174E-06
   4510.00       1.25114E-06
   4520.00       1.25054E-06
   4530.00       1.24994E-06
   4540.00       1.24934E-06
   4550.00       1.24874E-06
   4560.00       1.24815E-06
   4570.00       1.24755E-06
   4580.00       1.24695E-06
   4590.00       1.24635E-06
   4600.00       1.24575E-06
   4610.00       1.24516E-06
   4620.00       1.24456E-06
   4630.00       1.24396E-06
   4640.00       1.24337E-06
   4650.00       1.24277E-06
   4660.00       1.24218E-06
   4670.00       1.24158E-06
   4680.00       1.24098E-06
   4690.00       1.24039E-06
   4700.00       1.23979E-06
   4710.00       1.23920E-06
   4720.00       1.23861E-06
   4730.00       1.23801E-06
   4740.00       1.23742E-06
   4750.00       1.23683E-06
   4760.00       1.23623E-06
   4770.00       1.23564E-06
   4780.00       1.23505E-06
   4790.00       1.23445E-06
   4800.00       1.23386E-06
   4810.00       1.23327E-06
   4820.00       1.23268E-06
   4830.00       1.23209E-06
   4840.00       1.23150E-06
   4850.00       1.23091E-06
   4860.00       1.23032E-06
   4870.00       1.22973E-06
   4880.00       1.22914E-06
   4890.00       1.22855E-06
   4900.00       1.22796E-06
   4910.00       1.22738E-06
   4920.00       1.22679E-06
   4930.00       1.22620E-06
   4940.00       1.22562E-06
   4950.00       1.22503E-06
   4960.00       1.22444E-06
   4970.00       1.22386E-06
   4980.00       1.22327E-06
   4990.00       1.22269E-06
   5000.00       1.22210E-06
   5010.00       1.22152E-06
   5020.00       1.22094E-06
   5030.00       1.22035E-06
   5040.00       1.21977E-06
   5050.00       1.21919E-06
   5060.00       1.21861E-06
   5070.00       1.21803E-06
   5080.00       1.21744E-06
   5090.00       1.21686E-06
   6000.00       1.16615E-06
   7000.00       1.11565E-06
   8000.00       1.07033E-06
   9000.00       1.02944E-06
  10000.00       9.92163E-07
