         0.73787E+02          0.00000E+00
         0.73743E+02          0.00000E+00
         0.73699E+02          0.00000E+00
         0.73655E+02          0.00000E+00
         0.73612E+02          0.00000E+00
         0.73568E+02          0.00000E+00
         0.73524E+02          0.00000E+00
         0.73481E+02          0.00000E+00
         0.73437E+02          0.00000E+00
         0.73394E+02          0.00000E+00
         0.73350E+02          0.00000E+00
         0.73307E+02          0.00000E+00
         0.73264E+02          0.00000E+00
         0.73220E+02          0.00000E+00
         0.73177E+02          0.00000E+00
         0.73134E+02          0.00000E+00
         0.73091E+02          0.00000E+00
         0.73048E+02          0.00000E+00
         0.73005E+02          0.00000E+00
         0.72962E+02          0.00000E+00
         0.72919E+02          0.00000E+00
         0.72876E+02          0.00000E+00
         0.72833E+02          0.00000E+00
         0.72791E+02          0.00000E+00
         0.72748E+02          0.00000E+00
         0.72705E+02          0.00000E+00
         0.72663E+02          0.00000E+00
         0.72620E+02          0.00000E+00
         0.72578E+02          0.00000E+00
         0.72535E+02          0.00000E+00
         0.72493E+02          0.00000E+00
         0.72450E+02          0.00000E+00
         0.72408E+02          0.00000E+00
         0.72366E+02          0.00000E+00
         0.72323E+02          0.00000E+00
         0.72281E+02          0.00000E+00
         0.72239E+02          0.00000E+00
         0.72197E+02          0.00000E+00
         0.72155E+02          0.00000E+00
         0.72113E+02          0.00000E+00
         0.72071E+02          0.00000E+00
         0.72029E+02          0.00000E+00
         0.71988E+02          0.00000E+00
         0.71946E+02          0.00000E+00
         0.71904E+02          0.00000E+00
         0.71862E+02          0.00000E+00
         0.71821E+02          0.00000E+00
         0.71779E+02          0.10979E+02
         0.71738E+02          0.10960E+02
         0.71696E+02          0.10942E+02
         0.71655E+02          0.10923E+02
         0.71613E+02          0.10904E+02
         0.71572E+02          0.10886E+02
         0.71531E+02          0.10867E+02
         0.71489E+02          0.10849E+02
         0.71448E+02          0.10831E+02
         0.71407E+02          0.10813E+02
         0.71366E+02          0.10794E+02
         0.71325E+02          0.10776E+02
         0.71284E+02          0.10758E+02
         0.71243E+02          0.10740E+02
         0.71202E+02          0.10722E+02
         0.71161E+02          0.10704E+02
         0.71120E+02          0.10687E+02
         0.71080E+02          0.10669E+02
         0.71039E+02          0.10651E+02
         0.70998E+02          0.10634E+02
         0.70958E+02          0.10616E+02
         0.70917E+02          0.10598E+02
         0.70876E+02          0.10581E+02
         0.70836E+02          0.10564E+02
         0.70795E+02          0.10546E+02
         0.70755E+02          0.10529E+02
         0.70715E+02          0.10512E+02
         0.70674E+02          0.10495E+02
         0.70634E+02          0.10478E+02
         0.70594E+02          0.10461E+02
         0.70554E+02          0.10444E+02
         0.70514E+02          0.10427E+02
         0.70474E+02          0.10410E+02
         0.70434E+02          0.10393E+02
         0.70394E+02          0.10376E+02
         0.70354E+02          0.10360E+02
         0.70314E+02          0.10343E+02
         0.70274E+02          0.10326E+02
         0.70234E+02          0.10310E+02
         0.70194E+02          0.10294E+02
         0.70155E+02          0.10277E+02
         0.70115E+02          0.10261E+02
         0.70075E+02          0.10245E+02
         0.70036E+02          0.10228E+02
         0.69996E+02          0.10212E+02
         0.69957E+02          0.10196E+02
         0.69917E+02          0.10180E+02
         0.69878E+02          0.10164E+02
         0.69838E+02          0.10148E+02
         0.69799E+02          0.10132E+02
         0.69760E+02          0.10117E+02
         0.69721E+02          0.10101E+02
         0.69681E+02          0.10085E+02
         0.69642E+02          0.10070E+02
         0.69603E+02          0.10054E+02
         0.69564E+02          0.10039E+02
         0.69525E+02          0.10023E+02
         0.69486E+02          0.10008E+02
         0.69447E+02          0.99924E+01
         0.69408E+02          0.99771E+01
         0.69370E+02          0.99619E+01
         0.69331E+02          0.99467E+01
         0.69292E+02          0.99316E+01
         0.69253E+02          0.99165E+01
         0.69215E+02          0.99016E+01
         0.69176E+02          0.98866E+01
         0.69137E+02          0.98717E+01
         0.69099E+02          0.98569E+01
         0.69060E+02          0.98421E+01
         0.69022E+02          0.98274E+01
         0.68984E+02          0.98127E+01
         0.68945E+02          0.97981E+01
         0.68907E+02          0.97836E+01
         0.68869E+02          0.97691E+01
         0.68830E+02          0.97546E+01
         0.68792E+02          0.97402E+01
         0.68754E+02          0.97259E+01
         0.68716E+02          0.97116E+01
         0.68678E+02          0.96974E+01
         0.68640E+02          0.96832E+01
         0.68602E+02          0.96691E+01
         0.68564E+02          0.96551E+01
         0.68526E+02          0.96410E+01
         0.68488E+02          0.96271E+01
         0.68450E+02          0.96132E+01
         0.68413E+02          0.95993E+01
         0.68375E+02          0.95855E+01
         0.68337E+02          0.95718E+01
         0.68300E+02          0.95581E+01
         0.68262E+02          0.95445E+01
         0.68224E+02          0.95309E+01
         0.68187E+02          0.95173E+01
         0.68149E+02          0.95039E+01
         0.68112E+02          0.94904E+01
         0.68075E+02          0.94770E+01
         0.68037E+02          0.94637E+01
         0.68000E+02          0.94505E+01
         0.67963E+02          0.94372E+01
         0.67925E+02          0.94241E+01
         0.67888E+02          0.94109E+01
         0.67851E+02          0.93979E+01
         0.67814E+02          0.93849E+01
         0.67777E+02          0.93719E+01
         0.67740E+02          0.93590E+01
         0.67703E+02          0.93461E+01
         0.67666E+02          0.93333E+01
         0.67629E+02          0.93206E+01
         0.67592E+02          0.93079E+01
         0.67555E+02          0.92952E+01
         0.67518E+02          0.92826E+01
         0.67482E+02          0.92701E+01
         0.67445E+02          0.92575E+01
         0.67408E+02          0.92451E+01
         0.67372E+02          0.92327E+01
         0.67335E+02          0.92203E+01
         0.67299E+02          0.92080E+01
         0.67262E+02          0.91958E+01
         0.67226E+02          0.91836E+01
         0.67189E+02          0.91714E+01
         0.67153E+02          0.91593E+01
         0.67116E+02          0.91473E+01
         0.67080E+02          0.91353E+01
         0.67044E+02          0.91233E+01
         0.67008E+02          0.91114E+01
         0.66971E+02          0.90996E+01
         0.66935E+02          0.90878E+01
         0.66899E+02          0.90760E+01
         0.66863E+02          0.90643E+01
         0.66827E+02          0.90526E+01
         0.66791E+02          0.90410E+01
         0.66755E+02          0.90295E+01
         0.66719E+02          0.90180E+01
         0.66683E+02          0.90065E+01
         0.66647E+02          0.89951E+01
         0.66612E+02          0.89837E+01
         0.66576E+02          0.89724E+01
         0.66540E+02          0.89611E+01
         0.66504E+02          0.89499E+01
         0.66469E+02          0.89388E+01
         0.66433E+02          0.89276E+01
         0.66398E+02          0.89166E+01
         0.66362E+02          0.89055E+01
         0.66326E+02          0.88946E+01
         0.66291E+02          0.88836E+01
         0.66256E+02          0.88728E+01
         0.66220E+02          0.88619E+01
         0.66185E+02          0.88511E+01
         0.66150E+02          0.88404E+01
         0.66114E+02          0.88297E+01
         0.66079E+02          0.88191E+01
         0.66044E+02          0.88085E+01
         0.66009E+02          0.87979E+01
         0.65974E+02          0.87874E+01
         0.65938E+02          0.87770E+01
         0.65903E+02          0.87666E+01
         0.65868E+02          0.87562E+01
         0.65833E+02          0.87459E+01
         0.65798E+02          0.87356E+01
         0.65764E+02          0.87254E+01
         0.65729E+02          0.87152E+01
         0.65694E+02          0.87051E+01
         0.65659E+02          0.86950E+01
         0.65624E+02          0.86850E+01
         0.65590E+02          0.86750E+01
         0.65555E+02          0.86651E+01
         0.65520E+02          0.86552E+01
         0.65486E+02          0.86454E+01
         0.65451E+02          0.86356E+01
         0.65417E+02          0.86258E+01
         0.65382E+02          0.86161E+01
         0.65348E+02          0.86065E+01
         0.65313E+02          0.85969E+01
         0.65279E+02          0.85873E+01
         0.65244E+02          0.85778E+01
         0.65210E+02          0.85683E+01
         0.65176E+02          0.85589E+01
         0.65142E+02          0.85495E+01
         0.65107E+02          0.85402E+01
         0.65073E+02          0.85309E+01
         0.65039E+02          0.85217E+01
         0.65005E+02          0.85125E+01
         0.64971E+02          0.85033E+01
         0.64937E+02          0.84942E+01
         0.64903E+02          0.84852E+01
         0.64869E+02          0.84762E+01
         0.64835E+02          0.84672E+01
         0.64801E+02          0.84583E+01
         0.64767E+02          0.84494E+01
         0.64734E+02          0.84406E+01
         0.64700E+02          0.84318E+01
         0.64666E+02          0.84231E+01
         0.64632E+02          0.84144E+01
         0.64599E+02          0.84058E+01
         0.64565E+02          0.83972E+01
         0.64531E+02          0.83887E+01
         0.64498E+02          0.83802E+01
         0.64464E+02          0.83717E+01
         0.64431E+02          0.83633E+01
         0.64397E+02          0.83550E+01
         0.64364E+02          0.83467E+01
         0.64330E+02          0.83384E+01
         0.64297E+02          0.83302E+01
         0.64264E+02          0.83220E+01
         0.64230E+02          0.83139E+01
         0.64197E+02          0.83058E+01
         0.64164E+02          0.82978E+01
         0.64131E+02          0.82898E+01
         0.64098E+02          0.82819E+01
         0.64065E+02          0.82740E+01
         0.64031E+02          0.82662E+01
         0.63998E+02          0.82584E+01
         0.63965E+02          0.82507E+01
         0.63932E+02          0.82430E+01
         0.63899E+02          0.82354E+01
         0.63867E+02          0.82278E+01
         0.63834E+02          0.82202E+01
         0.63801E+02          0.82127E+01
         0.63768E+02          0.82053E+01
         0.63735E+02          0.81979E+01
         0.63702E+02          0.81906E+01
         0.63670E+02          0.81833E+01
         0.63637E+02          0.81761E+01
         0.63604E+02          0.81689E+01
         0.63572E+02          0.81618E+01
         0.63539E+02          0.81547E+01
         0.63507E+02          0.81477E+01
         0.63474E+02          0.81408E+01
         0.63442E+02          0.81339E+01
         0.63409E+02          0.81270E+01
         0.63377E+02          0.81202E+01
         0.63344E+02          0.81135E+01
         0.63312E+02          0.81068E+01
         0.63280E+02          0.81002E+01
         0.63248E+02          0.80937E+01
         0.63215E+02          0.80872E+01
         0.63183E+02          0.80808E+01
         0.63151E+02          0.80744E+01
         0.63119E+02          0.80681E+01
         0.63087E+02          0.80619E+01
         0.63055E+02          0.80558E+01
         0.63022E+02          0.80497E+01
         0.62990E+02          0.80437E+01
         0.62958E+02          0.80377E+01
         0.62927E+02          0.80319E+01
         0.62895E+02          0.80261E+01
         0.62863E+02          0.80204E+01
         0.62831E+02          0.80148E+01
         0.62799E+02          0.80093E+01
         0.62767E+02          0.80039E+01
         0.62735E+02          0.79986E+01
         0.62704E+02          0.79934E+01
         0.62672E+02          0.79882E+01
         0.62640E+02          0.79832E+01
         0.62609E+02          0.79783E+01
         0.62577E+02          0.79736E+01
         0.62546E+02          0.79689E+01
         0.62514E+02          0.79644E+01
         0.62483E+02          0.79600E+01
         0.62451E+02          0.79558E+01
         0.62420E+02          0.79517E+01
         0.62388E+02          0.79478E+01
         0.62357E+02          0.79441E+01
         0.62325E+02          0.79406E+01
         0.62294E+02          0.79372E+01
         0.62263E+02          0.79341E+01
         0.62232E+02          0.79313E+01
         0.62200E+02          0.79286E+01
         0.62169E+02          0.79263E+01
         0.62138E+02          0.79243E+01
         0.62107E+02          0.79225E+01
         0.62076E+02          0.79212E+01
         0.62045E+02          0.79202E+01
         0.62014E+02          0.79197E+01
         0.61983E+02          0.79196E+01
         0.61952E+02          0.79200E+01
         0.61921E+02          0.79210E+01
         0.61890E+02          0.79225E+01
         0.61859E+02          0.79248E+01
         0.61828E+02          0.79278E+01
         0.61797E+02          0.79315E+01
         0.61767E+02          0.79360E+01
         0.61736E+02          0.79412E+01
         0.61705E+02          0.79472E+01
         0.61674E+02          0.79535E+01
         0.61644E+02          0.79596E+01
         0.61613E+02          0.79644E+01
         0.61583E+02          0.79655E+01
         0.61552E+02          0.79581E+01
         0.61521E+02          0.79330E+01
         0.61491E+02          0.78716E+01
         0.61460E+02          0.77394E+01
         0.61430E+02          0.74847E+01
         0.61400E+02          0.70826E+01
         0.61369E+02          0.66515E+01
         0.61339E+02          0.64187E+01
         0.61308E+02          0.64290E+01
         0.61278E+02          0.65562E+01
         0.61248E+02          0.67013E+01
         0.61218E+02          0.68283E+01
         0.61187E+02          0.69309E+01
         0.61157E+02          0.70120E+01
         0.61127E+02          0.70759E+01
         0.61097E+02          0.71266E+01
         0.61067E+02          0.71673E+01
         0.61037E+02          0.72001E+01
         0.61007E+02          0.72268E+01
         0.60977E+02          0.72487E+01
         0.60947E+02          0.72667E+01
         0.60917E+02          0.72816E+01
         0.60887E+02          0.72939E+01
         0.60857E+02          0.73042E+01
         0.60827E+02          0.73126E+01
         0.60797E+02          0.73195E+01
         0.60768E+02          0.73252E+01
         0.60738E+02          0.73298E+01
         0.60708E+02          0.73334E+01
         0.60678E+02          0.73362E+01
         0.60649E+02          0.73384E+01
         0.60619E+02          0.73398E+01
         0.60589E+02          0.73408E+01
         0.60560E+02          0.73412E+01
         0.60530E+02          0.73413E+01
         0.60501E+02          0.73409E+01
         0.60471E+02          0.73401E+01
         0.60442E+02          0.73391E+01
         0.60412E+02          0.73378E+01
         0.60383E+02          0.73361E+01
         0.60353E+02          0.73343E+01
         0.60324E+02          0.73322E+01
         0.60295E+02          0.73300E+01
         0.60265E+02          0.73275E+01
         0.60236E+02          0.73248E+01
         0.60207E+02          0.73220E+01
         0.60178E+02          0.73190E+01
         0.60148E+02          0.73159E+01
         0.60119E+02          0.73126E+01
         0.60090E+02          0.73091E+01
         0.60061E+02          0.73056E+01
         0.60032E+02          0.73018E+01
         0.60003E+02          0.72980E+01
         0.59974E+02          0.72940E+01
         0.59945E+02          0.72898E+01
         0.59916E+02          0.72855E+01
         0.59887E+02          0.72810E+01
         0.59858E+02          0.72764E+01
         0.59829E+02          0.72715E+01
         0.59800E+02          0.72665E+01
         0.59772E+02          0.72612E+01
         0.59743E+02          0.72557E+01
         0.59714E+02          0.72499E+01
         0.59685E+02          0.72438E+01
         0.59656E+02          0.72374E+01
         0.59628E+02          0.72304E+01
         0.59599E+02          0.72230E+01
         0.59570E+02          0.72150E+01
         0.59542E+02          0.72063E+01
         0.59513E+02          0.71970E+01
         0.59485E+02          0.71869E+01
         0.59456E+02          0.71766E+01
         0.59428E+02          0.71675E+01
         0.59399E+02          0.71636E+01
         0.59371E+02          0.71757E+01
         0.59342E+02          0.72254E+01
         0.59314E+02          0.73202E+01
         0.59286E+02          0.73985E+01
         0.59257E+02          0.74129E+01
         0.59229E+02          0.73924E+01
         0.59201E+02          0.73654E+01
         0.59172E+02          0.73409E+01
         0.59144E+02          0.73203E+01
         0.59116E+02          0.73032E+01
         0.59088E+02          0.72888E+01
         0.59060E+02          0.72764E+01
         0.59032E+02          0.72655E+01
         0.59004E+02          0.72558E+01
         0.58975E+02          0.72471E+01
         0.58947E+02          0.72390E+01
         0.58919E+02          0.72315E+01
         0.58891E+02          0.72245E+01
         0.58863E+02          0.72179E+01
         0.58836E+02          0.72116E+01
         0.58808E+02          0.72055E+01
         0.58780E+02          0.71997E+01
         0.58752E+02          0.71941E+01
         0.58724E+02          0.71886E+01
         0.58696E+02          0.71833E+01
         0.58668E+02          0.71780E+01
         0.58641E+02          0.71730E+01
         0.58613E+02          0.71679E+01
         0.58585E+02          0.71630E+01
         0.58558E+02          0.71582E+01
         0.58530E+02          0.71534E+01
         0.58502E+02          0.71487E+01
         0.58475E+02          0.71440E+01
         0.58447E+02          0.71394E+01
         0.58420E+02          0.71349E+01
         0.58392E+02          0.71303E+01
         0.58365E+02          0.71258E+01
         0.58337E+02          0.71214E+01
         0.58310E+02          0.71170E+01
         0.58282E+02          0.71126E+01
         0.58255E+02          0.71082E+01
         0.58228E+02          0.71039E+01
         0.58200E+02          0.70995E+01
         0.58173E+02          0.70953E+01
         0.58146E+02          0.70910E+01
         0.58118E+02          0.70867E+01
         0.58091E+02          0.70825E+01
         0.58064E+02          0.70783E+01
         0.58037E+02          0.70741E+01
         0.58010E+02          0.70699E+01
         0.57983E+02          0.70657E+01
         0.57955E+02          0.70615E+01
         0.57928E+02          0.70574E+01
         0.57901E+02          0.70533E+01
         0.57874E+02          0.70491E+01
         0.57847E+02          0.70450E+01
         0.57820E+02          0.70409E+01
         0.57793E+02          0.70368E+01
         0.57766E+02          0.70328E+01
         0.57740E+02          0.70287E+01
         0.57713E+02          0.70246E+01
         0.57686E+02          0.70206E+01
         0.57659E+02          0.70166E+01
         0.57632E+02          0.70125E+01
         0.57605E+02          0.70085E+01
         0.57579E+02          0.70045E+01
         0.57552E+02          0.70005E+01
         0.57525E+02          0.69965E+01
         0.57499E+02          0.69925E+01
         0.57472E+02          0.69885E+01
         0.57445E+02          0.69846E+01
         0.57419E+02          0.69806E+01
         0.57392E+02          0.69766E+01
         0.57365E+02          0.69727E+01
         0.57339E+02          0.69688E+01
         0.57312E+02          0.69648E+01
         0.57286E+02          0.69609E+01
         0.57260E+02          0.69570E+01
         0.57233E+02          0.69531E+01
         0.57207E+02          0.69492E+01
         0.57180E+02          0.69453E+01
         0.57154E+02          0.69414E+01
         0.57128E+02          0.69375E+01
         0.57101E+02          0.69337E+01
         0.57075E+02          0.69298E+01
         0.57049E+02          0.69259E+01
         0.57023E+02          0.69221E+01
         0.56996E+02          0.69182E+01
         0.56970E+02          0.69144E+01
         0.56944E+02          0.69106E+01
         0.56918E+02          0.69068E+01
         0.56892E+02          0.69030E+01
         0.56866E+02          0.68992E+01
         0.56840E+02          0.68954E+01
         0.56813E+02          0.68916E+01
         0.56787E+02          0.68878E+01
         0.56761E+02          0.68840E+01
         0.56735E+02          0.68803E+01
         0.56710E+02          0.68765E+01
         0.56684E+02          0.68728E+01
         0.56658E+02          0.68691E+01
         0.56632E+02          0.68653E+01
         0.56606E+02          0.68616E+01
         0.56580E+02          0.68579E+01
         0.56554E+02          0.68543E+01
         0.56529E+02          0.68506E+01
         0.56503E+02          0.68469E+01
         0.56477E+02          0.68433E+01
         0.56451E+02          0.68396E+01
         0.56426E+02          0.68360E+01
         0.56400E+02          0.68324E+01
         0.56374E+02          0.68288E+01
         0.56349E+02          0.68252E+01
         0.56323E+02          0.68216E+01
         0.56298E+02          0.68180E+01
         0.56272E+02          0.68145E+01
         0.56246E+02          0.68110E+01
         0.56221E+02          0.68075E+01
         0.56195E+02          0.68040E+01
         0.56170E+02          0.68005E+01
         0.56145E+02          0.67970E+01
         0.56119E+02          0.67936E+01
         0.56094E+02          0.67902E+01
         0.56068E+02          0.67868E+01
         0.56043E+02          0.67834E+01
         0.56018E+02          0.67801E+01
         0.55992E+02          0.67768E+01
         0.55967E+02          0.67735E+01
         0.55942E+02          0.67703E+01
         0.55917E+02          0.67670E+01
         0.55891E+02          0.67638E+01
         0.55866E+02          0.67607E+01
         0.55841E+02          0.67576E+01
         0.55816E+02          0.67545E+01
         0.55791E+02          0.67514E+01
         0.55766E+02          0.67484E+01
         0.55741E+02          0.67455E+01
         0.55716E+02          0.67425E+01
         0.55691E+02          0.67397E+01
         0.55666E+02          0.67368E+01
         0.55641E+02          0.67340E+01
         0.55616E+02          0.67311E+01
         0.55591E+02          0.67283E+01
         0.55566E+02          0.67254E+01
         0.55541E+02          0.67224E+01
         0.55516E+02          0.67191E+01
         0.55491E+02          0.67155E+01
         0.55466E+02          0.67112E+01
         0.55442E+02          0.67057E+01
         0.55417E+02          0.66980E+01
         0.55392E+02          0.66865E+01
         0.55367E+02          0.66676E+01
         0.55343E+02          0.66336E+01
         0.55318E+02          0.65665E+01
         0.55293E+02          0.64219E+01
         0.55269E+02          0.61020E+01
         0.55244E+02          0.55929E+01
         0.55219E+02          0.54846E+01
         0.55195E+02          0.58216E+01
         0.55170E+02          0.60978E+01
         0.55146E+02          0.62588E+01
         0.55121E+02          0.63528E+01
         0.55097E+02          0.64108E+01
         0.55072E+02          0.64485E+01
         0.55048E+02          0.64740E+01
         0.55023E+02          0.64918E+01
         0.54999E+02          0.65045E+01
         0.54975E+02          0.65137E+01
         0.54950E+02          0.65204E+01
         0.54926E+02          0.65252E+01
         0.54901E+02          0.65286E+01
         0.54877E+02          0.65309E+01
         0.54853E+02          0.65323E+01
         0.54829E+02          0.65331E+01
         0.54804E+02          0.65334E+01
         0.54780E+02          0.65332E+01
         0.54756E+02          0.65326E+01
         0.54732E+02          0.65318E+01
         0.54708E+02          0.65306E+01
         0.54684E+02          0.65293E+01
         0.54659E+02          0.65278E+01
         0.54635E+02          0.65261E+01
         0.54611E+02          0.65243E+01
         0.54587E+02          0.65224E+01
         0.54563E+02          0.65204E+01
         0.54539E+02          0.65183E+01
         0.54515E+02          0.65161E+01
         0.54491E+02          0.65139E+01
         0.54467E+02          0.65116E+01
         0.54443E+02          0.65093E+01
         0.54420E+02          0.65069E+01
         0.54396E+02          0.65045E+01
         0.54372E+02          0.65021E+01
         0.54348E+02          0.64996E+01
         0.54324E+02          0.64971E+01
         0.54300E+02          0.64947E+01
         0.54277E+02          0.64922E+01
         0.54253E+02          0.64897E+01
         0.54229E+02          0.64872E+01
         0.54205E+02          0.64847E+01
         0.54182E+02          0.64822E+01
         0.54158E+02          0.64797E+01
         0.54134E+02          0.64772E+01
         0.54111E+02          0.64748E+01
         0.54087E+02          0.64724E+01
         0.54064E+02          0.64699E+01
         0.54040E+02          0.64676E+01
         0.54016E+02          0.64652E+01
         0.53993E+02          0.64629E+01
         0.53969E+02          0.64606E+01
         0.53946E+02          0.64584E+01
         0.53923E+02          0.64562E+01
         0.53899E+02          0.64540E+01
         0.53876E+02          0.64519E+01
         0.53852E+02          0.64499E+01
         0.53829E+02          0.64479E+01
         0.53806E+02          0.64460E+01
         0.53782E+02          0.64442E+01
         0.53759E+02          0.64425E+01
         0.53736E+02          0.64409E+01
         0.53712E+02          0.64394E+01
         0.53689E+02          0.64380E+01
         0.53666E+02          0.64368E+01
         0.53643E+02          0.64357E+01
         0.53619E+02          0.64348E+01
         0.53596E+02          0.64340E+01
         0.53573E+02          0.64335E+01
         0.53550E+02          0.64332E+01
         0.53527E+02          0.64332E+01
         0.53504E+02          0.64335E+01
         0.53481E+02          0.64341E+01
         0.53458E+02          0.64352E+01
         0.53434E+02          0.64367E+01
         0.53411E+02          0.64388E+01
         0.53388E+02          0.64415E+01
         0.53365E+02          0.64450E+01
         0.53343E+02          0.64494E+01
         0.53320E+02          0.64549E+01
         0.53297E+02          0.64617E+01
         0.53274E+02          0.64701E+01
         0.53251E+02          0.64805E+01
         0.53228E+02          0.64931E+01
         0.53205E+02          0.65085E+01
         0.53182E+02          0.65267E+01
         0.53160E+02          0.65472E+01
         0.53137E+02          0.65663E+01
         0.53114E+02          0.65725E+01
         0.53091E+02          0.65327E+01
         0.53069E+02          0.63870E+01
         0.53046E+02          0.61383E+01
         0.53023E+02          0.59524E+01
         0.53000E+02          0.59049E+01
         0.52978E+02          0.59268E+01
         0.52955E+02          0.59649E+01
         0.52933E+02          0.60010E+01
         0.52910E+02          0.60309E+01
         0.52887E+02          0.60550E+01
         0.52865E+02          0.60741E+01
         0.52842E+02          0.60894E+01
         0.52820E+02          0.61016E+01
         0.52797E+02          0.61114E+01
         0.52775E+02          0.61192E+01
         0.52752E+02          0.61256E+01
         0.52730E+02          0.61307E+01
         0.52708E+02          0.61348E+01
         0.52685E+02          0.61380E+01
         0.52663E+02          0.61405E+01
         0.52640E+02          0.61424E+01
         0.52618E+02          0.61438E+01
         0.52596E+02          0.61448E+01
         0.52573E+02          0.61454E+01
         0.52551E+02          0.61456E+01
         0.52529E+02          0.61456E+01
         0.52507E+02          0.61453E+01
         0.52484E+02          0.61448E+01
         0.52462E+02          0.61441E+01
         0.52440E+02          0.61433E+01
         0.52418E+02          0.61422E+01
         0.52396E+02          0.61411E+01
         0.52374E+02          0.61398E+01
         0.52351E+02          0.61384E+01
         0.52329E+02          0.61368E+01
         0.52307E+02          0.61352E+01
         0.52285E+02          0.61336E+01
         0.52263E+02          0.61318E+01
         0.52241E+02          0.61299E+01
         0.52219E+02          0.61280E+01
         0.52197E+02          0.61261E+01
         0.52175E+02          0.61241E+01
         0.52153E+02          0.61220E+01
         0.52131E+02          0.61199E+01
         0.52109E+02          0.61177E+01
         0.52088E+02          0.61155E+01
         0.52066E+02          0.61132E+01
         0.52044E+02          0.61110E+01
         0.52022E+02          0.61087E+01
         0.52000E+02          0.61063E+01
         0.51978E+02          0.61039E+01
         0.51957E+02          0.61016E+01
         0.51935E+02          0.60991E+01
         0.51913E+02          0.60967E+01
         0.51891E+02          0.60942E+01
         0.51870E+02          0.60917E+01
         0.51848E+02          0.60892E+01
         0.51826E+02          0.60867E+01
         0.51805E+02          0.60841E+01
         0.51783E+02          0.60816E+01
         0.51761E+02          0.60790E+01
         0.51740E+02          0.60764E+01
         0.51718E+02          0.60738E+01
         0.51697E+02          0.60711E+01
         0.51675E+02          0.60685E+01
         0.51654E+02          0.60658E+01
         0.51632E+02          0.60631E+01
         0.51611E+02          0.60605E+01
         0.51589E+02          0.60578E+01
         0.51568E+02          0.60550E+01
         0.51546E+02          0.60523E+01
         0.51525E+02          0.60496E+01
         0.51503E+02          0.60468E+01
         0.51482E+02          0.60441E+01
         0.51461E+02          0.60413E+01
         0.51439E+02          0.60385E+01
         0.51418E+02          0.60357E+01
         0.51397E+02          0.60329E+01
         0.51375E+02          0.60300E+01
         0.51354E+02          0.60272E+01
         0.51333E+02          0.60243E+01
         0.51312E+02          0.60215E+01
         0.51290E+02          0.60186E+01
         0.51269E+02          0.60157E+01
         0.51248E+02          0.60128E+01
         0.51227E+02          0.60098E+01
         0.51206E+02          0.60069E+01
         0.51184E+02          0.60039E+01
         0.51163E+02          0.60009E+01
         0.51142E+02          0.59979E+01
         0.51121E+02          0.59949E+01
         0.51100E+02          0.59919E+01
         0.51079E+02          0.59888E+01
         0.51058E+02          0.59857E+01
         0.51037E+02          0.59826E+01
         0.51016E+02          0.59795E+01
         0.50995E+02          0.59763E+01
         0.50974E+02          0.59731E+01
         0.50953E+02          0.59699E+01
         0.50932E+02          0.59666E+01
         0.50911E+02          0.59633E+01
         0.50890E+02          0.59599E+01
         0.50869E+02          0.59565E+01
         0.50849E+02          0.59531E+01
         0.50828E+02          0.59496E+01
         0.50807E+02          0.59460E+01
         0.50786E+02          0.59423E+01
         0.50765E+02          0.59385E+01
         0.50744E+02          0.59344E+01
         0.50724E+02          0.59298E+01
         0.50703E+02          0.59237E+01
         0.50682E+02          0.59135E+01
         0.50662E+02          0.58900E+01
         0.50641E+02          0.58594E+01
         0.50620E+02          0.58674E+01
         0.50600E+02          0.58776E+01
         0.50579E+02          0.58801E+01
         0.50558E+02          0.58787E+01
         0.50538E+02          0.58752E+01
         0.50517E+02          0.58704E+01
         0.50496E+02          0.58645E+01
         0.50476E+02          0.58578E+01
         0.50455E+02          0.58500E+01
         0.50435E+02          0.58412E+01
         0.50414E+02          0.58311E+01
         0.50394E+02          0.58193E+01
         0.50373E+02          0.58055E+01
         0.50353E+02          0.57889E+01
         0.50332E+02          0.57684E+01
         0.50312E+02          0.57427E+01
         0.50292E+02          0.57101E+01
         0.50271E+02          0.56713E+01
         0.50251E+02          0.56513E+01
         0.50231E+02          0.58956E+01
         0.50210E+02          0.68032E+01
         0.50190E+02          0.65944E+01
         0.50170E+02          0.63259E+01
         0.50149E+02          0.61838E+01
         0.50129E+02          0.60990E+01
         0.50109E+02          0.60419E+01
         0.50088E+02          0.60023E+01
         0.50068E+02          0.59764E+01
         0.50048E+02          0.59597E+01
         0.50028E+02          0.59469E+01
         0.50008E+02          0.59353E+01
         0.49988E+02          0.59239E+01
         0.49967E+02          0.59121E+01
         0.49947E+02          0.58994E+01
         0.49927E+02          0.58850E+01
         0.49907E+02          0.58676E+01
         0.49887E+02          0.58439E+01
         0.49867E+02          0.58060E+01
         0.49847E+02          0.57254E+01
         0.49827E+02          0.54360E+01
         0.49807E+02          0.59936E+01
         0.49787E+02          0.60258E+01
         0.49767E+02          0.59811E+01
         0.49747E+02          0.59543E+01
         0.49727E+02          0.59365E+01
         0.49707E+02          0.59233E+01
         0.49687E+02          0.59128E+01
         0.49667E+02          0.59041E+01
         0.49647E+02          0.58966E+01
         0.49627E+02          0.58899E+01
         0.49607E+02          0.58838E+01
         0.49588E+02          0.58781E+01
         0.49568E+02          0.58729E+01
         0.49548E+02          0.58679E+01
         0.49528E+02          0.58632E+01
         0.49508E+02          0.58586E+01
         0.49489E+02          0.58543E+01
         0.49469E+02          0.58501E+01
         0.49449E+02          0.58460E+01
         0.49429E+02          0.58420E+01
         0.49410E+02          0.58381E+01
         0.49390E+02          0.58342E+01
         0.49370E+02          0.58305E+01
         0.49351E+02          0.58268E+01
         0.49331E+02          0.58232E+01
         0.49312E+02          0.58197E+01
         0.49292E+02          0.58163E+01
         0.49272E+02          0.58129E+01
         0.49253E+02          0.58097E+01
         0.49233E+02          0.58066E+01
         0.49214E+02          0.58037E+01
         0.49194E+02          0.58012E+01
         0.49175E+02          0.57993E+01
         0.49155E+02          0.57987E+01
         0.49136E+02          0.58007E+01
         0.49116E+02          0.58001E+01
         0.49097E+02          0.56987E+01
         0.49077E+02          0.57398E+01
         0.49058E+02          0.57478E+01
         0.49038E+02          0.57484E+01
         0.49019E+02          0.57464E+01
         0.49000E+02          0.57431E+01
         0.48980E+02          0.57388E+01
         0.48961E+02          0.57338E+01
         0.48942E+02          0.57278E+01
         0.48922E+02          0.57206E+01
         0.48903E+02          0.57116E+01
         0.48884E+02          0.56984E+01
         0.48865E+02          0.56829E+01
         0.48845E+02          0.56569E+01
         0.48826E+02          0.56055E+01
         0.48807E+02          0.54556E+01
         0.48788E+02          0.64917E+01
         0.48768E+02          0.62097E+01
         0.48749E+02          0.58150E+01
         0.48730E+02          0.57845E+01
         0.48711E+02          0.57681E+01
         0.48692E+02          0.57564E+01
         0.48673E+02          0.57472E+01
         0.48654E+02          0.57394E+01
         0.48635E+02          0.57326E+01
         0.48615E+02          0.57264E+01
         0.48596E+02          0.57207E+01
         0.48577E+02          0.57154E+01
         0.48558E+02          0.57102E+01
         0.48539E+02          0.57053E+01
         0.48520E+02          0.57004E+01
         0.48501E+02          0.56957E+01
         0.48482E+02          0.56910E+01
         0.48463E+02          0.56864E+01
         0.48444E+02          0.56817E+01
         0.48426E+02          0.56771E+01
         0.48407E+02          0.56724E+01
         0.48388E+02          0.56677E+01
         0.48369E+02          0.56629E+01
         0.48350E+02          0.56581E+01
         0.48331E+02          0.56531E+01
         0.48312E+02          0.56481E+01
         0.48294E+02          0.56430E+01
         0.48275E+02          0.56377E+01
         0.48256E+02          0.56322E+01
         0.48237E+02          0.56266E+01
         0.48218E+02          0.56208E+01
         0.48200E+02          0.56147E+01
         0.48181E+02          0.56083E+01
         0.48162E+02          0.56017E+01
         0.48144E+02          0.55946E+01
         0.48125E+02          0.55870E+01
         0.48106E+02          0.55790E+01
         0.48087E+02          0.55702E+01
         0.48069E+02          0.55607E+01
         0.48050E+02          0.55501E+01
         0.48032E+02          0.55384E+01
         0.48013E+02          0.55257E+01
         0.47994E+02          0.55137E+01
         0.47976E+02          0.55081E+01
         0.47957E+02          0.55026E+01
         0.47939E+02          0.54825E+01
         0.47920E+02          0.54538E+01
         0.47902E+02          0.54182E+01
         0.47883E+02          0.53722E+01
         0.47865E+02          0.53089E+01
         0.47846E+02          0.52148E+01
         0.47828E+02          0.50622E+01
         0.47809E+02          0.47930E+01
         0.47791E+02          0.43542E+01
         0.47773E+02          0.42750E+01
         0.47754E+02          0.49927E+01
         0.47736E+02          0.54685E+01
         0.47717E+02          0.55993E+01
         0.47699E+02          0.56321E+01
         0.47681E+02          0.56268E+01
         0.47662E+02          0.56044E+01
         0.47644E+02          0.55988E+01
         0.47626E+02          0.55825E+01
         0.47607E+02          0.55718E+01
         0.47589E+02          0.55875E+01
         0.47571E+02          0.59373E+01
         0.47553E+02          0.56610E+01
         0.47534E+02          0.55943E+01
         0.47516E+02          0.55528E+01
         0.47498E+02          0.55361E+01
         0.47480E+02          0.54911E+01
         0.47462E+02          0.54429E+01
         0.47443E+02          0.53645E+01
         0.47425E+02          0.57328E+01
         0.47407E+02          0.52894E+01
         0.47389E+02          0.49036E+01
         0.47371E+02          0.41814E+01
         0.47353E+02          0.53623E+01
         0.47335E+02          0.55280E+01
         0.47317E+02          0.55185E+01
         0.47299E+02          0.56335E+01
         0.47281E+02          0.61440E+01
         0.47263E+02          0.59757E+01
         0.47245E+02          0.57545E+01
         0.47227E+02          0.56380E+01
         0.47209E+02          0.55567E+01
         0.47191E+02          0.54831E+01
         0.47173E+02          0.54009E+01
         0.47155E+02          0.52907E+01
         0.47137E+02          0.50760E+01
         0.47119E+02          0.48376E+01
         0.47101E+02          0.47734E+01
         0.47083E+02          0.56755E+01
         0.47065E+02          0.58863E+01
         0.47047E+02          0.56241E+01
         0.47030E+02          0.55673E+01
         0.47012E+02          0.54292E+01
         0.46994E+02          0.52078E+01
         0.46976E+02          0.48555E+01
         0.46958E+02          0.45203E+01
         0.46941E+02          0.47018E+01
         0.46923E+02          0.51107E+01
         0.46905E+02          0.53519E+01
         0.46887E+02          0.54365E+01
         0.46870E+02          0.56116E+01
         0.46852E+02          0.56044E+01
         0.46834E+02          0.56084E+01
         0.46816E+02          0.56614E+01
         0.46799E+02          0.56424E+01
         0.46781E+02          0.54439E+01
         0.46763E+02          0.55340E+01
         0.46746E+02          0.55350E+01
         0.46728E+02          0.55500E+01
         0.46711E+02          0.55287E+01
         0.46693E+02          0.54328E+01
         0.46675E+02          0.49129E+01
         0.46658E+02          0.48582E+01
         0.46640E+02          0.54046E+01
         0.46623E+02          0.55579E+01
         0.46605E+02          0.56760E+01
         0.46588E+02          0.55286E+01
         0.46570E+02          0.49768E+01
         0.46553E+02          0.51557E+01
         0.46535E+02          0.53782E+01
         0.46518E+02          0.53717E+01
         0.46500E+02          0.54974E+01
         0.46483E+02          0.58757E+01
         0.46466E+02          0.53797E+01
         0.46448E+02          0.54501E+01
         0.46431E+02          0.58035E+01
         0.46413E+02          0.55612E+01
         0.46396E+02          0.54124E+01
         0.46379E+02          0.54981E+01
         0.46361E+02          0.55091E+01
         0.46344E+02          0.54411E+01
         0.46327E+02          0.55180E+01
         0.46309E+02          0.54309E+01
         0.46292E+02          0.54528E+01
         0.46275E+02          0.54658E+01
         0.46257E+02          0.54444E+01
         0.46240E+02          0.54459E+01
         0.46223E+02          0.55443E+01
         0.46206E+02          0.54494E+01
         0.46189E+02          0.52382E+01
         0.46171E+02          0.54822E+01
         0.46154E+02          0.55088E+01
         0.46137E+02          0.55182E+01
         0.46120E+02          0.53718E+01
         0.46103E+02          0.53686E+01
         0.46086E+02          0.53612E+01
         0.46068E+02          0.53460E+01
         0.46051E+02          0.53155E+01
         0.46034E+02          0.54412E+01
         0.46017E+02          0.50828E+01
         0.46000E+02          0.53995E+01
         0.45983E+02          0.53852E+01
         0.45966E+02          0.53784E+01
         0.45949E+02          0.53723E+01
         0.45932E+02          0.53665E+01
         0.45915E+02          0.53614E+01
         0.45898E+02          0.53565E+01
         0.45881E+02          0.53522E+01
         0.45864E+02          0.53563E+01
         0.45847E+02          0.53316E+01
         0.45830E+02          0.53273E+01
         0.45813E+02          0.53289E+01
         0.45796E+02          0.54507E+01
         0.45779E+02          0.53861E+01
         0.45762E+02          0.52600E+01
         0.45745E+02          0.53103E+01
         0.45729E+02          0.53202E+01
         0.45712E+02          0.52960E+01
         0.45695E+02          0.52777E+01
         0.45678E+02          0.52216E+01
         0.45661E+02          0.52946E+01
         0.45644E+02          0.52495E+01
         0.45628E+02          0.53071E+01
         0.45611E+02          0.52876E+01
         0.45594E+02          0.52729E+01
         0.45577E+02          0.52528E+01
         0.45561E+02          0.52096E+01
         0.45544E+02          0.52632E+01
         0.45527E+02          0.52201E+01
         0.45510E+02          0.51825E+01
         0.45494E+02          0.51207E+01
         0.45477E+02          0.50860E+01
         0.45460E+02          0.49416E+01
         0.45444E+02          0.52357E+01
         0.45427E+02          0.51129E+01
         0.45410E+02          0.49353E+01
         0.45394E+02          0.48896E+01
         0.45377E+02          0.48997E+01
         0.45361E+02          0.50030E+01
         0.45344E+02          0.50850E+01
         0.45327E+02          0.51173E+01
         0.45311E+02          0.51708E+01
         0.45294E+02          0.52013E+01
         0.45278E+02          0.51557E+01
         0.45261E+02          0.52061E+01
         0.45245E+02          0.51888E+01
         0.45228E+02          0.52333E+01
         0.45212E+02          0.52574E+01
         0.45195E+02          0.51513E+01
         0.45179E+02          0.51490E+01
         0.45162E+02          0.53178E+01
         0.45146E+02          0.52489E+01
         0.45129E+02          0.52143E+01
         0.45113E+02          0.52107E+01
         0.45097E+02          0.51826E+01
         0.45080E+02          0.51873E+01
         0.45064E+02          0.51925E+01
         0.45047E+02          0.51788E+01
         0.45031E+02          0.51799E+01
         0.45015E+02          0.51739E+01
         0.44998E+02          0.51765E+01
         0.44982E+02          0.51719E+01
         0.44966E+02          0.51519E+01
         0.44949E+02          0.51704E+01
         0.44933E+02          0.51708E+01
         0.44917E+02          0.51492E+01
         0.44901E+02          0.51519E+01
         0.44884E+02          0.51408E+01
         0.44868E+02          0.51509E+01
         0.44852E+02          0.51265E+01
         0.44836E+02          0.51380E+01
         0.44819E+02          0.51345E+01
         0.44803E+02          0.51369E+01
         0.44787E+02          0.51333E+01
         0.44771E+02          0.51207E+01
         0.44755E+02          0.51196E+01
         0.44739E+02          0.51180E+01
         0.44722E+02          0.51189E+01
         0.44706E+02          0.50795E+01
         0.44690E+02          0.50926E+01
         0.44674E+02          0.50866E+01
         0.44658E+02          0.50759E+01
         0.44642E+02          0.50772E+01
         0.44626E+02          0.50624E+01
         0.44610E+02          0.50660E+01
         0.44594E+02          0.49992E+01
         0.44578E+02          0.49966E+01
         0.44562E+02          0.50797E+01
         0.44546E+02          0.50332E+01
         0.44530E+02          0.50617E+01
         0.44514E+02          0.50501E+01
         0.44498E+02          0.50643E+01
         0.44482E+02          0.50581E+01
         0.44466E+02          0.50503E+01
         0.44450E+02          0.50468E+01
         0.44434E+02          0.50423E+01
         0.44418E+02          0.49862E+01
         0.44402E+02          0.49859E+01
         0.44386E+02          0.50822E+01
         0.44370E+02          0.50479E+01
         0.44354E+02          0.50834E+01
         0.44339E+02          0.50094E+01
         0.44323E+02          0.49593E+01
         0.44307E+02          0.48516E+01
         0.44291E+02          0.48596E+01
         0.44275E+02          0.49235E+01
         0.44259E+02          0.49340E+01
         0.44244E+02          0.49481E+01
         0.44228E+02          0.49768E+01
         0.44212E+02          0.49697E+01
         0.44196E+02          0.49445E+01
         0.44181E+02          0.49667E+01
         0.44165E+02          0.48917E+01
         0.44149E+02          0.49170E+01
         0.44133E+02          0.47699E+01
         0.44118E+02          0.47056E+01
         0.44102E+02          0.47817E+01
         0.44086E+02          0.48430E+01
         0.44071E+02          0.48580E+01
         0.44055E+02          0.48480E+01
         0.44039E+02          0.48710E+01
         0.44024E+02          0.50460E+01
         0.44008E+02          0.49370E+01
         0.43992E+02          0.49359E+01
         0.43977E+02          0.49374E+01
         0.43961E+02          0.49369E+01
         0.43946E+02          0.49366E+01
         0.43930E+02          0.49149E+01
         0.43915E+02          0.47735E+01
         0.43899E+02          0.48268E+01
         0.43883E+02          0.48785E+01
         0.43868E+02          0.48902E+01
         0.43852E+02          0.48941E+01
         0.43837E+02          0.48938E+01
         0.43821E+02          0.49371E+01
         0.43806E+02          0.49241E+01
         0.43790E+02          0.48963E+01
         0.43775E+02          0.47371E+01
         0.43760E+02          0.48536E+01
         0.43744E+02          0.48697E+01
         0.43729E+02          0.48698E+01
         0.43713E+02          0.48703E+01
         0.43698E+02          0.48684E+01
         0.43682E+02          0.47916E+01
         0.43667E+02          0.48532E+01
         0.43652E+02          0.48571E+01
         0.43636E+02          0.48569E+01
         0.43621E+02          0.47345E+01
         0.43606E+02          0.48288E+01
         0.43590E+02          0.48478E+01
         0.43575E+02          0.47855E+01
         0.43560E+02          0.48321E+01
         0.43544E+02          0.45964E+01
         0.43529E+02          0.48305E+01
         0.43514E+02          0.48095E+01
         0.43499E+02          0.48802E+01
         0.43483E+02          0.48227E+01
         0.43468E+02          0.47526E+01
         0.43453E+02          0.48085E+01
         0.43438E+02          0.48077E+01
         0.43422E+02          0.48222E+01
         0.43407E+02          0.48177E+01
         0.43392E+02          0.47900E+01
         0.43377E+02          0.47310E+01
         0.43362E+02          0.47053E+01
         0.43346E+02          0.46819E+01
         0.43331E+02          0.46959E+01
         0.43316E+02          0.47108E+01
         0.43301E+02          0.47213E+01
         0.43286E+02          0.47259E+01
         0.43271E+02          0.47279E+01
         0.43256E+02          0.47285E+01
         0.43241E+02          0.47281E+01
         0.43226E+02          0.47271E+01
         0.43211E+02          0.47256E+01
         0.43195E+02          0.47239E+01
         0.43180E+02          0.47219E+01
         0.43165E+02          0.47198E+01
         0.43150E+02          0.47176E+01
         0.43135E+02          0.47153E+01
         0.43120E+02          0.47129E+01
         0.43105E+02          0.47106E+01
         0.43090E+02          0.47082E+01
         0.43075E+02          0.47059E+01
         0.43060E+02          0.47037E+01
         0.43046E+02          0.47017E+01
         0.43031E+02          0.46999E+01
         0.43016E+02          0.46983E+01
         0.43001E+02          0.46971E+01
         0.42986E+02          0.46957E+01
         0.42971E+02          0.46941E+01
         0.42956E+02          0.46765E+01
         0.42941E+02          0.45934E+01
         0.42926E+02          0.46133E+01
         0.42911E+02          0.46343E+01
         0.42897E+02          0.46422E+01
         0.42882E+02          0.46450E+01
         0.42867E+02          0.46457E+01
         0.42852E+02          0.46452E+01
         0.42837E+02          0.46442E+01
         0.42822E+02          0.46429E+01
         0.42808E+02          0.46414E+01
         0.42793E+02          0.46400E+01
         0.42778E+02          0.46389E+01
         0.42763E+02          0.46383E+01
         0.42749E+02          0.46349E+01
         0.42734E+02          0.46394E+01
         0.42719E+02          0.45773E+01
         0.42704E+02          0.45733E+01
         0.42690E+02          0.45948E+01
         0.42675E+02          0.46003E+01
         0.42660E+02          0.46018E+01
         0.42646E+02          0.46019E+01
         0.42631E+02          0.46017E+01
         0.42616E+02          0.46020E+01
         0.42602E+02          0.46038E+01
         0.42587E+02          0.46032E+01
         0.42573E+02          0.45428E+01
         0.42558E+02          0.45701E+01
         0.42543E+02          0.45751E+01
         0.42529E+02          0.45768E+01
         0.42514E+02          0.45789E+01
         0.42500E+02          0.45851E+01
         0.42485E+02          0.45294E+01
         0.42470E+02          0.45554E+01
         0.42456E+02          0.45601E+01
         0.42441E+02          0.45657E+01
         0.42427E+02          0.45037E+01
         0.42412E+02          0.45446E+01
         0.42398E+02          0.45518E+01
         0.42383E+02          0.44991E+01
         0.42369E+02          0.45385E+01
         0.42354E+02          0.45388E+01
         0.42340E+02          0.45321E+01
         0.42325E+02          0.45063E+01
         0.42311E+02          0.45425E+01
         0.42297E+02          0.45294E+01
         0.42282E+02          0.45374E+01
         0.42268E+02          0.45080E+01
         0.42253E+02          0.45009E+01
         0.42239E+02          0.44845E+01
         0.42225E+02          0.44519E+01
         0.42210E+02          0.44943E+01
         0.42181E+02          0.44758E+01
         0.42167E+02          0.44748E+01
         0.42153E+02          0.44799E+01
         0.42138E+02          0.44856E+01
         0.42124E+02          0.44819E+01
         0.42110E+02          0.44780E+01
         0.42096E+02          0.44744E+01
         0.42081E+02          0.44710E+01
         0.42067E+02          0.44677E+01
         0.42053E+02          0.44644E+01
         0.42038E+02          0.44612E+01
         0.42024E+02          0.44580E+01
         0.42010E+02          0.44548E+01
         0.41996E+02          0.44517E+01
         0.41981E+02          0.44485E+01
         0.41967E+02          0.44454E+01
         0.41953E+02          0.44423E+01
         0.41939E+02          0.44392E+01
         0.41925E+02          0.44361E+01
         0.41911E+02          0.44330E+01
         0.41896E+02          0.44299E+01
         0.41882E+02          0.44269E+01
         0.41868E+02          0.44238E+01
         0.41854E+02          0.44207E+01
         0.41840E+02          0.44177E+01
         0.41826E+02          0.44146E+01
         0.41812E+02          0.44116E+01
         0.41798E+02          0.44085E+01
         0.41783E+02          0.44055E+01
         0.41769E+02          0.44024E+01
         0.41755E+02          0.43993E+01
         0.41741E+02          0.43962E+01
         0.41727E+02          0.43931E+01
         0.41713E+02          0.43898E+01
         0.41699E+02          0.43861E+01
         0.41685E+02          0.43810E+01
         0.41671E+02          0.43896E+01
         0.41657E+02          0.43826E+01
         0.41643E+02          0.43780E+01
         0.41629E+02          0.43745E+01
         0.41615E+02          0.43712E+01
         0.41601E+02          0.43680E+01
         0.41587E+02          0.43649E+01
         0.41573E+02          0.43617E+01
         0.41559E+02          0.43585E+01
         0.41545E+02          0.43552E+01
         0.41531E+02          0.43513E+01
         0.41518E+02          0.43461E+01
         0.41504E+02          0.43325E+01
         0.41490E+02          0.43272E+01
         0.41476E+02          0.43357E+01
         0.41462E+02          0.43457E+01
         0.41448E+02          0.43404E+01
         0.41434E+02          0.43365E+01
         0.41420E+02          0.43332E+01
         0.41407E+02          0.43300E+01
         0.41393E+02          0.43270E+01
         0.41379E+02          0.43241E+01
         0.41365E+02          0.43212E+01
         0.41351E+02          0.43183E+01
         0.41338E+02          0.43154E+01
         0.41324E+02          0.43125E+01
         0.41310E+02          0.43096E+01
         0.41296E+02          0.43066E+01
         0.41283E+02          0.43035E+01
         0.41269E+02          0.43000E+01
         0.41255E+02          0.42936E+01
         0.41241E+02          0.43024E+01
         0.41228E+02          0.42955E+01
         0.41214E+02          0.42918E+01
         0.41200E+02          0.42885E+01
         0.41187E+02          0.42850E+01
         0.41173E+02          0.42805E+01
         0.41159E+02          0.42613E+01
         0.41146E+02          0.42746E+01
         0.41132E+02          0.42800E+01
         0.41118E+02          0.42753E+01
         0.41105E+02          0.42720E+01
         0.41091E+02          0.42689E+01
         0.41077E+02          0.42660E+01
         0.41064E+02          0.42631E+01
         0.41050E+02          0.42601E+01
         0.41037E+02          0.42565E+01
         0.41023E+02          0.42383E+01
         0.41009E+02          0.42550E+01
         0.40996E+02          0.42508E+01
         0.40982E+02          0.42466E+01
         0.40969E+02          0.42239E+01
         0.40955E+02          0.42494E+01
         0.40942E+02          0.42427E+01
         0.40928E+02          0.42392E+01
         0.40915E+02          0.42361E+01
         0.40901E+02          0.42328E+01
         0.40888E+02          0.42228E+01
         0.40874E+02          0.42298E+01
         0.40861E+02          0.42248E+01
         0.40847E+02          0.42223E+01
         0.40834E+02          0.42234E+01
         0.40820E+02          0.42197E+01
         0.40807E+02          0.42158E+01
         0.40794E+02          0.42171E+01
         0.40780E+02          0.42099E+01
         0.40767E+02          0.42130E+01
         0.40753E+02          0.42080E+01
         0.40740E+02          0.41991E+01
         0.40727E+02          0.42015E+01
         0.40713E+02          0.42025E+01
         0.40700E+02          0.41971E+01
         0.40686E+02          0.41938E+01
         0.40673E+02          0.41946E+01
         0.40660E+02          0.41920E+01
         0.40646E+02          0.41899E+01
         0.40633E+02          0.41770E+01
         0.40620E+02          0.41862E+01
         0.40607E+02          0.41879E+01
         0.40593E+02          0.41807E+01
         0.40580E+02          0.41794E+01
         0.40567E+02          0.41771E+01
         0.40553E+02          0.41751E+01
         0.40540E+02          0.41728E+01
         0.40527E+02          0.41704E+01
         0.40514E+02          0.41669E+01
         0.40500E+02          0.41648E+01
         0.40487E+02          0.41627E+01
         0.40474E+02          0.41606E+01
         0.40461E+02          0.41585E+01
         0.40448E+02          0.41564E+01
         0.40434E+02          0.41544E+01
         0.40421E+02          0.41523E+01
         0.40408E+02          0.41503E+01
         0.40395E+02          0.41482E+01
         0.40382E+02          0.41462E+01
         0.40369E+02          0.41442E+01
         0.40355E+02          0.41422E+01
         0.40342E+02          0.41402E+01
         0.40329E+02          0.41382E+01
         0.40316E+02          0.41362E+01
         0.40303E+02          0.41343E+01
         0.40290E+02          0.41323E+01
         0.40277E+02          0.41304E+01
         0.40264E+02          0.41284E+01
         0.40251E+02          0.41265E+01
         0.40238E+02          0.41246E+01
         0.40224E+02          0.41227E+01
         0.40211E+02          0.41208E+01
         0.40198E+02          0.41189E+01
         0.40185E+02          0.41170E+01
         0.40172E+02          0.41151E+01
         0.40159E+02          0.41133E+01
         0.40146E+02          0.41114E+01
         0.40133E+02          0.41096E+01
         0.40120E+02          0.41078E+01
         0.40107E+02          0.41059E+01
         0.40094E+02          0.41041E+01
         0.40081E+02          0.41023E+01
         0.40068E+02          0.41005E+01
         0.40056E+02          0.40988E+01
         0.40043E+02          0.40970E+01
         0.40030E+02          0.40952E+01
         0.40017E+02          0.40935E+01
         0.40004E+02          0.40917E+01
         0.39991E+02          0.40900E+01
         0.39978E+02          0.40883E+01
         0.39965E+02          0.40866E+01
         0.39952E+02          0.40849E+01
         0.39939E+02          0.40832E+01
         0.39927E+02          0.40815E+01
         0.39914E+02          0.40798E+01
         0.39901E+02          0.40782E+01
         0.39888E+02          0.40765E+01
         0.39875E+02          0.40749E+01
         0.39862E+02          0.40732E+01
         0.39850E+02          0.40716E+01
         0.39837E+02          0.40700E+01
         0.39824E+02          0.40684E+01
         0.39811E+02          0.40668E+01
         0.39798E+02          0.40652E+01
         0.39786E+02          0.40636E+01
         0.39773E+02          0.40621E+01
         0.39760E+02          0.40605E+01
         0.39747E+02          0.40590E+01
         0.39735E+02          0.40574E+01
         0.39722E+02          0.40559E+01
         0.39709E+02          0.40544E+01
         0.39696E+02          0.40529E+01
         0.39684E+02          0.40514E+01
         0.39671E+02          0.40499E+01
         0.39658E+02          0.40484E+01
         0.39646E+02          0.40470E+01
         0.39633E+02          0.40455E+01
         0.39620E+02          0.40441E+01
         0.39608E+02          0.40426E+01
         0.39595E+02          0.40412E+01
         0.39582E+02          0.40398E+01
         0.39570E+02          0.40384E+01
         0.39557E+02          0.40370E+01
         0.39545E+02          0.40356E+01
         0.39532E+02          0.40342E+01
         0.39519E+02          0.40328E+01
         0.39507E+02          0.40315E+01
         0.39494E+02          0.40301E+01
         0.39482E+02          0.40288E+01
         0.39469E+02          0.40274E+01
         0.39456E+02          0.40261E+01
         0.39444E+02          0.40248E+01
         0.39431E+02          0.40235E+01
         0.39419E+02          0.40222E+01
         0.39406E+02          0.40209E+01
         0.39394E+02          0.40196E+01
         0.39381E+02          0.40184E+01
         0.39369E+02          0.40171E+01
         0.39356E+02          0.40159E+01
         0.39344E+02          0.40146E+01
         0.39331E+02          0.40134E+01
         0.39319E+02          0.40122E+01
         0.39306E+02          0.40110E+01
         0.39294E+02          0.40098E+01
         0.39281E+02          0.40086E+01
         0.39269E+02          0.40074E+01
         0.39257E+02          0.40062E+01
         0.39244E+02          0.40051E+01
         0.39232E+02          0.40039E+01
         0.39219E+02          0.40028E+01
         0.39207E+02          0.40016E+01
         0.39194E+02          0.40005E+01
         0.39182E+02          0.39994E+01
         0.39170E+02          0.39983E+01
         0.39157E+02          0.39972E+01
         0.39145E+02          0.39961E+01
         0.39133E+02          0.39950E+01
         0.39120E+02          0.39939E+01
         0.39108E+02          0.39929E+01
         0.39096E+02          0.39918E+01
         0.39083E+02          0.39908E+01
         0.39071E+02          0.39898E+01
         0.39059E+02          0.39887E+01
         0.39046E+02          0.39877E+01
         0.39034E+02          0.39867E+01
         0.39022E+02          0.39857E+01
         0.39010E+02          0.39847E+01
         0.38997E+02          0.39837E+01
         0.38985E+02          0.39828E+01
         0.38973E+02          0.39818E+01
         0.38960E+02          0.39809E+01
         0.38948E+02          0.39799E+01
         0.38936E+02          0.39790E+01
         0.38924E+02          0.39781E+01
         0.38912E+02          0.39772E+01
         0.38899E+02          0.39763E+01
         0.38887E+02          0.39754E+01
         0.38875E+02          0.39745E+01
         0.38863E+02          0.39736E+01
         0.38851E+02          0.39727E+01
         0.38838E+02          0.39719E+01
         0.38826E+02          0.39710E+01
         0.38814E+02          0.39702E+01
         0.38802E+02          0.39693E+01
         0.38790E+02          0.39685E+01
         0.38778E+02          0.39677E+01
         0.38766E+02          0.39669E+01
         0.38753E+02          0.39661E+01
         0.38741E+02          0.39653E+01
         0.38729E+02          0.39645E+01
         0.38717E+02          0.39637E+01
         0.38705E+02          0.39630E+01
         0.38693E+02          0.39622E+01
         0.38681E+02          0.39615E+01
         0.38669E+02          0.39608E+01
         0.38657E+02          0.39600E+01
         0.38645E+02          0.39593E+01
         0.38633E+02          0.39586E+01
         0.38621E+02          0.39579E+01
         0.38609E+02          0.39572E+01
         0.38597E+02          0.39565E+01
         0.38585E+02          0.39559E+01
         0.38573E+02          0.39552E+01
         0.38561E+02          0.39545E+01
         0.38549E+02          0.39539E+01
         0.38537E+02          0.39532E+01
         0.38525E+02          0.39526E+01
         0.38513E+02          0.39520E+01
         0.38501E+02          0.39514E+01
         0.38489E+02          0.39508E+01
         0.38477E+02          0.39502E+01
         0.38465E+02          0.39496E+01
         0.38453E+02          0.39490E+01
         0.38441E+02          0.39485E+01
         0.38429E+02          0.39479E+01
         0.38417E+02          0.39473E+01
         0.38405E+02          0.39468E+01
         0.38393E+02          0.39463E+01
         0.38382E+02          0.39457E+01
         0.38370E+02          0.39452E+01
         0.38358E+02          0.39447E+01
         0.38346E+02          0.39442E+01
         0.38334E+02          0.39437E+01
         0.38322E+02          0.39433E+01
         0.38310E+02          0.39428E+01
         0.38299E+02          0.39423E+01
         0.38287E+02          0.39419E+01
         0.38275E+02          0.39414E+01
         0.38263E+02          0.39410E+01
         0.38251E+02          0.39406E+01
         0.38239E+02          0.39402E+01
         0.38228E+02          0.39397E+01
         0.38216E+02          0.39393E+01
         0.38204E+02          0.39390E+01
         0.38192E+02          0.39386E+01
         0.38181E+02          0.39382E+01
         0.38169E+02          0.39378E+01
         0.38157E+02          0.39375E+01
         0.38145E+02          0.39372E+01
         0.38134E+02          0.39368E+01
         0.38122E+02          0.39365E+01
         0.38110E+02          0.39362E+01
         0.38098E+02          0.39359E+01
         0.38087E+02          0.39356E+01
         0.38075E+02          0.39353E+01
         0.38063E+02          0.39350E+01
         0.38052E+02          0.39348E+01
         0.38040E+02          0.39345E+01
         0.38028E+02          0.39343E+01
         0.38017E+02          0.39340E+01
         0.38005E+02          0.39338E+01
         0.37993E+02          0.39336E+01
         0.37982E+02          0.39334E+01
         0.37970E+02          0.39332E+01
         0.37959E+02          0.39330E+01
         0.37947E+02          0.39328E+01
         0.37935E+02          0.39326E+01
         0.37924E+02          0.39325E+01
         0.37912E+02          0.39324E+01
         0.37901E+02          0.39322E+01
         0.37889E+02          0.39321E+01
         0.37877E+02          0.39320E+01
         0.37866E+02          0.39319E+01
         0.37854E+02          0.39318E+01
         0.37843E+02          0.39317E+01
         0.37831E+02          0.39317E+01
         0.37820E+02          0.39316E+01
         0.37808E+02          0.39316E+01
         0.37797E+02          0.39316E+01
         0.37785E+02          0.39316E+01
         0.37773E+02          0.39316E+01
         0.37762E+02          0.39316E+01
         0.37750E+02          0.39316E+01
         0.37739E+02          0.39316E+01
         0.37728E+02          0.39317E+01
         0.37716E+02          0.39318E+01
         0.37705E+02          0.39319E+01
         0.37693E+02          0.39320E+01
         0.37682E+02          0.39321E+01
         0.37670E+02          0.39322E+01
         0.37659E+02          0.39324E+01
         0.37647E+02          0.39325E+01
         0.37636E+02          0.39327E+01
         0.37624E+02          0.39329E+01
         0.37613E+02          0.39331E+01
         0.37602E+02          0.39333E+01
         0.37590E+02          0.39336E+01
         0.37579E+02          0.39339E+01
         0.37567E+02          0.39341E+01
         0.37556E+02          0.39345E+01
         0.37545E+02          0.39348E+01
         0.37533E+02          0.39351E+01
         0.37522E+02          0.39355E+01
         0.37511E+02          0.39359E+01
         0.37499E+02          0.39363E+01
         0.37488E+02          0.39368E+01
         0.37477E+02          0.39372E+01
         0.37465E+02          0.39377E+01
         0.37454E+02          0.39383E+01
         0.37443E+02          0.39388E+01
         0.37431E+02          0.39394E+01
         0.37420E+02          0.39400E+01
         0.37409E+02          0.39406E+01
         0.37397E+02          0.39413E+01
         0.37386E+02          0.39420E+01
         0.37375E+02          0.39427E+01
         0.37364E+02          0.39435E+01
         0.37352E+02          0.39443E+01
         0.37341E+02          0.39452E+01
         0.37330E+02          0.39461E+01
         0.37319E+02          0.39470E+01
         0.37307E+02          0.39480E+01
         0.37296E+02          0.39490E+01
         0.37285E+02          0.39501E+01
         0.37274E+02          0.39513E+01
         0.37263E+02          0.39525E+01
         0.37251E+02          0.39537E+01
         0.37240E+02          0.39551E+01
         0.37229E+02          0.39565E+01
         0.37218E+02          0.39580E+01
         0.37207E+02          0.39597E+01
         0.37196E+02          0.39616E+01
         0.37184E+02          0.39637E+01
         0.37173E+02          0.39663E+01
         0.37162E+02          0.39699E+01
         0.37151E+02          0.39755E+01
         0.37140E+02          0.39818E+01
         0.37129E+02          0.39733E+01
         0.37118E+02          0.39708E+01
         0.37106E+02          0.39730E+01
         0.37095E+02          0.39767E+01
         0.37084E+02          0.39819E+01
         0.37073E+02          0.39903E+01
         0.37062E+02          0.40076E+01
         0.37051E+02          0.40483E+01
         0.37040E+02          0.40378E+01
         0.37029E+02          0.39872E+01
         0.37018E+02          0.39760E+01
         0.37007E+02          0.39741E+01
         0.36996E+02          0.39745E+01
         0.36985E+02          0.39760E+01
         0.36974E+02          0.39786E+01
         0.36963E+02          0.39833E+01
         0.36952E+02          0.39918E+01
         0.36941E+02          0.40072E+01
         0.36930E+02          0.40349E+01
         0.36919E+02          0.40827E+01
         0.36908E+02          0.41595E+01
         0.36897E+02          0.42702E+01
         0.36886E+02          0.44052E+01
         0.36875E+02          0.45395E+01
         0.36864E+02          0.46478E+01
         0.36853E+02          0.47221E+01
         0.36842E+02          0.47695E+01
         0.36831E+02          0.48019E+01
         0.36820E+02          0.48286E+01
         0.36809E+02          0.48558E+01
         0.36798E+02          0.48868E+01
         0.36787E+02          0.49238E+01
         0.36776E+02          0.49681E+01
         0.36765E+02          0.50210E+01
         0.36754E+02          0.50840E+01
         0.36744E+02          0.51594E+01
         0.36733E+02          0.52518E+01
         0.36722E+02          0.53702E+01
         0.36711E+02          0.55335E+01
         0.36700E+02          0.57814E+01
         0.36689E+02          0.61828E+01
         0.36678E+02          0.67553E+01
         0.36668E+02          0.71578E+01
         0.36657E+02          0.70063E+01
         0.36646E+02          0.66213E+01
         0.36635E+02          0.63017E+01
         0.36624E+02          0.60935E+01
         0.36613E+02          0.59759E+01
         0.36603E+02          0.59151E+01
         0.36592E+02          0.58745E+01
         0.36581E+02          0.58270E+01
         0.36570E+02          0.57601E+01
         0.36559E+02          0.56731E+01
         0.36549E+02          0.55706E+01
         0.36538E+02          0.54592E+01
         0.36527E+02          0.53446E+01
         0.36516E+02          0.52315E+01
         0.36506E+02          0.51228E+01
         0.36495E+02          0.50206E+01
         0.36484E+02          0.49259E+01
         0.36473E+02          0.48389E+01
         0.36463E+02          0.47597E+01
         0.36452E+02          0.46879E+01
         0.36441E+02          0.46230E+01
         0.36430E+02          0.45645E+01
         0.36420E+02          0.45117E+01
         0.36409E+02          0.44640E+01
         0.36398E+02          0.44211E+01
         0.36388E+02          0.43823E+01
         0.36377E+02          0.43472E+01
         0.36366E+02          0.43154E+01
         0.36356E+02          0.42866E+01
         0.36345E+02          0.42604E+01
         0.36334E+02          0.42366E+01
         0.36324E+02          0.42148E+01
         0.36313E+02          0.41949E+01
         0.36302E+02          0.41767E+01
         0.36292E+02          0.41600E+01
         0.36281E+02          0.41446E+01
         0.36271E+02          0.41304E+01
         0.36260E+02          0.41174E+01
         0.36249E+02          0.41053E+01
         0.36239E+02          0.40941E+01
         0.36228E+02          0.40837E+01
         0.36218E+02          0.40740E+01
         0.36207E+02          0.40650E+01
         0.36197E+02          0.40567E+01
         0.36186E+02          0.40488E+01
         0.36175E+02          0.40415E+01
         0.36165E+02          0.40346E+01
         0.36154E+02          0.40282E+01
         0.36144E+02          0.40221E+01
         0.36133E+02          0.40164E+01
         0.36123E+02          0.40110E+01
         0.36112E+02          0.40060E+01
         0.36102E+02          0.40012E+01
         0.36091E+02          0.39966E+01
         0.36081E+02          0.39923E+01
         0.36070E+02          0.39883E+01
         0.36060E+02          0.39844E+01
         0.36049E+02          0.39807E+01
         0.36039E+02          0.39772E+01
         0.36028E+02          0.39738E+01
         0.36018E+02          0.39706E+01
         0.36007E+02          0.39675E+01
         0.35997E+02          0.39646E+01
         0.35986E+02          0.39618E+01
         0.35976E+02          0.39591E+01
         0.35966E+02          0.39565E+01
         0.35955E+02          0.39540E+01
         0.35945E+02          0.39516E+01
         0.35934E+02          0.39493E+01
         0.35924E+02          0.39470E+01
         0.35913E+02          0.39448E+01
         0.35903E+02          0.39427E+01
         0.35893E+02          0.39407E+01
         0.35882E+02          0.39387E+01
         0.35872E+02          0.39367E+01
         0.35861E+02          0.39348E+01
         0.35851E+02          0.39329E+01
         0.35841E+02          0.39310E+01
         0.35830E+02          0.39292E+01
         0.35820E+02          0.39273E+01
         0.35810E+02          0.39255E+01
         0.35799E+02          0.39236E+01
         0.35789E+02          0.39217E+01
         0.35779E+02          0.39197E+01
         0.35768E+02          0.39177E+01
         0.35758E+02          0.39159E+01
         0.35748E+02          0.39147E+01
         0.35737E+02          0.39149E+01
         0.35727E+02          0.39169E+01
         0.35717E+02          0.39189E+01
         0.35707E+02          0.39195E+01
         0.35696E+02          0.39190E+01
         0.35686E+02          0.39180E+01
         0.35676E+02          0.39167E+01
         0.35665E+02          0.39154E+01
         0.35655E+02          0.39141E+01
         0.35645E+02          0.39128E+01
         0.35635E+02          0.39115E+01
         0.35624E+02          0.39102E+01
         0.35614E+02          0.39088E+01
         0.35604E+02          0.39072E+01
         0.35594E+02          0.39053E+01
         0.35584E+02          0.39037E+01
         0.35573E+02          0.39037E+01
         0.35563E+02          0.39061E+01
         0.35553E+02          0.39084E+01
         0.35543E+02          0.39089E+01
         0.35533E+02          0.39092E+01
         0.35522E+02          0.39100E+01
         0.35512E+02          0.39110E+01
         0.35502E+02          0.39124E+01
         0.35492E+02          0.39143E+01
         0.35482E+02          0.39169E+01
         0.35472E+02          0.39201E+01
         0.35461E+02          0.39240E+01
         0.35451E+02          0.39280E+01
         0.35441E+02          0.39339E+01
         0.35431E+02          0.39416E+01
         0.35421E+02          0.39508E+01
         0.35411E+02          0.39619E+01
         0.35401E+02          0.39757E+01
         0.35391E+02          0.39924E+01
         0.35381E+02          0.40121E+01
         0.35370E+02          0.40358E+01
         0.35360E+02          0.40656E+01
         0.35350E+02          0.41050E+01
         0.35340E+02          0.41583E+01
         0.35330E+02          0.42322E+01
         0.35320E+02          0.43377E+01
         0.35310E+02          0.44939E+01
         0.35300E+02          0.47422E+01
         0.35290E+02          0.52486E+01
         0.35280E+02          0.68118E+01
         0.35270E+02          0.64499E+01
         0.35260E+02          0.60055E+01
         0.35250E+02          0.55717E+01
         0.35240E+02          0.51185E+01
         0.35230E+02          0.47524E+01
         0.35220E+02          0.44918E+01
         0.35210E+02          0.43121E+01
         0.35200E+02          0.41965E+01
         0.35190E+02          0.41077E+01
         0.35180E+02          0.40469E+01
         0.35170E+02          0.40034E+01
         0.35160E+02          0.39715E+01
         0.35150E+02          0.39478E+01
         0.35140E+02          0.39297E+01
         0.35130E+02          0.39155E+01
         0.35120E+02          0.39039E+01
         0.35110E+02          0.38942E+01
         0.35100E+02          0.38862E+01
         0.35090E+02          0.38811E+01
         0.35080E+02          0.38762E+01
         0.35070E+02          0.38623E+01
         0.35060E+02          0.38583E+01
         0.35050E+02          0.38530E+01
         0.35041E+02          0.38482E+01
         0.35031E+02          0.38438E+01
         0.35021E+02          0.38398E+01
         0.35011E+02          0.38363E+01
         0.35001E+02          0.38338E+01
         0.34991E+02          0.38333E+01
         0.34981E+02          0.38372E+01
         0.34971E+02          0.38529E+01
         0.34961E+02          0.39063E+01
         0.34952E+02          0.40880E+01
         0.34942E+02          0.43148E+01
         0.34932E+02          0.41120E+01
         0.34922E+02          0.39954E+01
         0.34912E+02          0.38565E+01
         0.34902E+02          0.39257E+01
         0.34893E+02          0.39927E+01
         0.34883E+02          0.38990E+01
         0.34873E+02          0.38695E+01
         0.34863E+02          0.38525E+01
         0.34853E+02          0.38405E+01
         0.34844E+02          0.38355E+01
         0.34834E+02          0.38057E+01
         0.34824E+02          0.38078E+01
         0.34814E+02          0.37965E+01
         0.34804E+02          0.37814E+01
         0.34795E+02          0.38056E+01
         0.34785E+02          0.85576E+01
         0.34775E+02          0.43658E+01
         0.34765E+02          0.40127E+01
         0.34756E+02          0.40844E+01
         0.34746E+02          0.44359E+01
         0.34736E+02          0.45083E+01
         0.34726E+02          0.46316E+01
         0.34717E+02          0.42958E+01
         0.34707E+02          0.41113E+01
         0.34697E+02          0.40060E+01
         0.34688E+02          0.39879E+01
         0.34678E+02          0.39419E+01
         0.34668E+02          0.39152E+01
         0.34659E+02          0.38968E+01
         0.34649E+02          0.38837E+01
         0.34639E+02          0.38751E+01
         0.34629E+02          0.38715E+01
         0.34620E+02          0.38898E+01
         0.34610E+02          0.38186E+01
         0.34600E+02          0.38312E+01
         0.34591E+02          0.38371E+01
         0.34581E+02          0.38454E+01
         0.34572E+02          0.38622E+01
         0.34562E+02          0.38970E+01
         0.34552E+02          0.42709E+01
         0.34543E+02          0.60940E+01
         0.34533E+02          0.46314E+01
         0.34523E+02          0.40796E+01
         0.34514E+02          0.39276E+01
         0.34504E+02          0.38694E+01
         0.34495E+02          0.38430E+01
         0.34485E+02          0.38244E+01
         0.34475E+02          0.38157E+01
         0.34466E+02          0.38133E+01
         0.34456E+02          0.38658E+01
         0.34447E+02          0.37876E+01
         0.34437E+02          0.38045E+01
         0.34428E+02          0.38413E+01
         0.34418E+02          0.43783E+01
         0.34408E+02          0.50419E+01
         0.34399E+02          0.39674E+01
         0.34389E+02          0.38311E+01
         0.34380E+02          0.37930E+01
         0.34370E+02          0.37803E+01
         0.34361E+02          0.38010E+01
         0.34351E+02          0.37704E+01
         0.34342E+02          0.38297E+01
         0.34332E+02          0.62821E+01
         0.34323E+02          0.39302E+01
         0.34313E+02          0.37722E+01
         0.34304E+02          0.37488E+01
         0.34294E+02          0.37509E+01
         0.34285E+02          0.39081E+01
         0.34275E+02          0.44510E+01
         0.34266E+02          0.37179E+01
         0.34256E+02          0.38301E+01
         0.34247E+02          0.46259E+01
         0.34237E+02          0.37259E+01
         0.34228E+02          0.37959E+01
         0.34219E+02          0.37620E+01
         0.34209E+02          0.37476E+01
         0.34200E+02          0.37214E+01
         0.34190E+02          0.36861E+01
         0.34181E+02          0.36101E+01
         0.34171E+02          0.38562E+01
         0.34162E+02          0.39138E+01
         0.34153E+02          0.39382E+01
         0.34143E+02          0.40701E+01
         0.34134E+02          0.37971E+01
         0.34124E+02          0.37956E+01
         0.34115E+02          0.37949E+01
         0.34106E+02          0.37723E+01
         0.34096E+02          0.37603E+01
         0.34087E+02          0.38369E+01
         0.34077E+02          0.38282E+01
         0.34068E+02          0.38205E+01
         0.34059E+02          0.38136E+01
         0.34049E+02          0.38072E+01
         0.34040E+02          0.38013E+01
         0.34031E+02          0.37958E+01
         0.34021E+02          0.37905E+01
         0.34012E+02          0.37855E+01
         0.34003E+02          0.37806E+01
         0.33993E+02          0.37758E+01
         0.33984E+02          0.37716E+01
         0.33975E+02          0.37696E+01
         0.33965E+02          0.37657E+01
         0.33956E+02          0.37672E+01
         0.33947E+02          0.38094E+01
         0.33938E+02          0.38399E+01
         0.33928E+02          0.37334E+01
         0.33919E+02          0.36903E+01
         0.33910E+02          0.36372E+01
         0.33900E+02          0.39595E+01
         0.33891E+02          0.39679E+01
         0.33882E+02          0.38620E+01
         0.33873E+02          0.38114E+01
         0.33863E+02          0.37913E+01
         0.33854E+02          0.37779E+01
         0.33845E+02          0.37674E+01
         0.33836E+02          0.37586E+01
         0.33826E+02          0.37483E+01
         0.33817E+02          0.37407E+01
         0.33808E+02          0.37356E+01
         0.33799E+02          0.37342E+01
         0.33790E+02          0.37333E+01
         0.74229E+02          0.00000E+00
