         0.73787E+02          0.00000E+00
         0.73743E+02          0.00000E+00
         0.73699E+02          0.00000E+00
         0.73655E+02          0.00000E+00
         0.73612E+02          0.00000E+00
         0.73568E+02          0.00000E+00
         0.73524E+02          0.00000E+00
         0.73481E+02          0.00000E+00
         0.73437E+02          0.00000E+00
         0.73394E+02          0.00000E+00
         0.73350E+02          0.00000E+00
         0.73307E+02          0.00000E+00
         0.73264E+02          0.00000E+00
         0.73220E+02          0.00000E+00
         0.73177E+02          0.00000E+00
         0.73134E+02          0.00000E+00
         0.73091E+02          0.00000E+00
         0.73048E+02          0.00000E+00
         0.73005E+02          0.00000E+00
         0.72962E+02          0.00000E+00
         0.72919E+02          0.00000E+00
         0.72876E+02          0.00000E+00
         0.72833E+02          0.00000E+00
         0.72791E+02          0.00000E+00
         0.72748E+02          0.00000E+00
         0.72705E+02          0.00000E+00
         0.72663E+02          0.00000E+00
         0.72620E+02          0.00000E+00
         0.72578E+02          0.00000E+00
         0.72535E+02          0.00000E+00
         0.72493E+02          0.00000E+00
         0.72450E+02          0.00000E+00
         0.72408E+02          0.00000E+00
         0.72366E+02          0.00000E+00
         0.72323E+02          0.00000E+00
         0.72281E+02          0.00000E+00
         0.72239E+02          0.00000E+00
         0.72197E+02          0.00000E+00
         0.72155E+02          0.00000E+00
         0.72113E+02          0.00000E+00
         0.72071E+02          0.00000E+00
         0.72029E+02          0.00000E+00
         0.71988E+02          0.00000E+00
         0.71946E+02          0.00000E+00
         0.71904E+02          0.00000E+00
         0.71862E+02          0.00000E+00
         0.71821E+02          0.00000E+00
         0.71779E+02          0.00000E+00
         0.71738E+02          0.00000E+00
         0.71696E+02          0.00000E+00
         0.71655E+02          0.00000E+00
         0.71613E+02          0.00000E+00
         0.71572E+02          0.00000E+00
         0.71531E+02          0.00000E+00
         0.71489E+02          0.00000E+00
         0.71448E+02          0.00000E+00
         0.71407E+02          0.00000E+00
         0.71366E+02          0.00000E+00
         0.71325E+02          0.00000E+00
         0.71284E+02          0.00000E+00
         0.71243E+02          0.00000E+00
         0.71202E+02          0.00000E+00
         0.71161E+02          0.00000E+00
         0.71120E+02          0.00000E+00
         0.71080E+02          0.00000E+00
         0.71039E+02          0.00000E+00
         0.70998E+02          0.00000E+00
         0.70958E+02          0.00000E+00
         0.70917E+02          0.00000E+00
         0.70876E+02          0.00000E+00
         0.70836E+02          0.00000E+00
         0.70795E+02          0.00000E+00
         0.70755E+02          0.00000E+00
         0.70715E+02          0.00000E+00
         0.70674E+02          0.00000E+00
         0.70634E+02          0.00000E+00
         0.70594E+02          0.00000E+00
         0.70554E+02          0.00000E+00
         0.70514E+02          0.00000E+00
         0.70474E+02          0.00000E+00
         0.70434E+02          0.00000E+00
         0.70394E+02          0.00000E+00
         0.70354E+02          0.00000E+00
         0.70314E+02          0.00000E+00
         0.70274E+02          0.00000E+00
         0.70234E+02          0.00000E+00
         0.70194E+02          0.00000E+00
         0.70155E+02          0.00000E+00
         0.70115E+02          0.00000E+00
         0.70075E+02          0.00000E+00
         0.70036E+02          0.00000E+00
         0.69996E+02          0.00000E+00
         0.69957E+02          0.00000E+00
         0.69917E+02          0.00000E+00
         0.69878E+02          0.00000E+00
         0.69838E+02          0.00000E+00
         0.69799E+02          0.00000E+00
         0.69760E+02          0.00000E+00
         0.69721E+02          0.00000E+00
         0.69681E+02          0.00000E+00
         0.69642E+02          0.00000E+00
         0.69603E+02          0.00000E+00
         0.69564E+02          0.00000E+00
         0.69525E+02          0.00000E+00
         0.69486E+02          0.00000E+00
         0.69447E+02          0.00000E+00
         0.69408E+02          0.00000E+00
         0.69370E+02          0.00000E+00
         0.69331E+02          0.00000E+00
         0.69292E+02          0.00000E+00
         0.69253E+02          0.00000E+00
         0.69215E+02          0.00000E+00
         0.69176E+02          0.00000E+00
         0.69137E+02          0.00000E+00
         0.69099E+02          0.00000E+00
         0.69060E+02          0.00000E+00
         0.69022E+02          0.00000E+00
         0.68984E+02          0.00000E+00
         0.68945E+02          0.00000E+00
         0.68907E+02          0.00000E+00
         0.68869E+02          0.00000E+00
         0.68830E+02          0.00000E+00
         0.68792E+02          0.00000E+00
         0.68754E+02          0.00000E+00
         0.68716E+02          0.00000E+00
         0.68678E+02          0.00000E+00
         0.68640E+02          0.00000E+00
         0.68602E+02          0.00000E+00
         0.68564E+02          0.00000E+00
         0.68526E+02          0.00000E+00
         0.68488E+02          0.00000E+00
         0.68450E+02          0.00000E+00
         0.68413E+02          0.00000E+00
         0.68375E+02          0.00000E+00
         0.68337E+02          0.00000E+00
         0.68300E+02          0.00000E+00
         0.68262E+02          0.00000E+00
         0.68224E+02          0.00000E+00
         0.68187E+02          0.00000E+00
         0.68149E+02          0.00000E+00
         0.68112E+02          0.00000E+00
         0.68075E+02          0.00000E+00
         0.68037E+02          0.00000E+00
         0.68000E+02          0.00000E+00
         0.67963E+02          0.00000E+00
         0.67925E+02          0.00000E+00
         0.67888E+02          0.00000E+00
         0.67851E+02          0.00000E+00
         0.67814E+02          0.00000E+00
         0.67777E+02          0.00000E+00
         0.67740E+02          0.00000E+00
         0.67703E+02          0.00000E+00
         0.67666E+02          0.00000E+00
         0.67629E+02          0.00000E+00
         0.67592E+02          0.00000E+00
         0.67555E+02          0.00000E+00
         0.67518E+02          0.00000E+00
         0.67482E+02          0.00000E+00
         0.67445E+02          0.00000E+00
         0.67408E+02          0.00000E+00
         0.67372E+02          0.00000E+00
         0.67335E+02          0.00000E+00
         0.67299E+02          0.00000E+00
         0.67262E+02          0.00000E+00
         0.67226E+02          0.00000E+00
         0.67189E+02          0.00000E+00
         0.67153E+02          0.00000E+00
         0.67116E+02          0.00000E+00
         0.67080E+02          0.00000E+00
         0.67044E+02          0.00000E+00
         0.67008E+02          0.00000E+00
         0.66971E+02          0.00000E+00
         0.66935E+02          0.00000E+00
         0.66899E+02          0.00000E+00
         0.66863E+02          0.00000E+00
         0.66827E+02          0.00000E+00
         0.66791E+02          0.00000E+00
         0.66755E+02          0.00000E+00
         0.66719E+02          0.00000E+00
         0.66683E+02          0.00000E+00
         0.66647E+02          0.00000E+00
         0.66612E+02          0.00000E+00
         0.66576E+02          0.00000E+00
         0.66540E+02          0.00000E+00
         0.66504E+02          0.00000E+00
         0.66469E+02          0.00000E+00
         0.66433E+02          0.00000E+00
         0.66398E+02          0.00000E+00
         0.66362E+02          0.00000E+00
         0.66326E+02          0.00000E+00
         0.66291E+02          0.00000E+00
         0.66256E+02          0.00000E+00
         0.66220E+02          0.00000E+00
         0.66185E+02          0.00000E+00
         0.66150E+02          0.00000E+00
         0.66114E+02          0.00000E+00
         0.66079E+02          0.00000E+00
         0.66044E+02          0.00000E+00
         0.66009E+02          0.00000E+00
         0.65974E+02          0.00000E+00
         0.65938E+02          0.00000E+00
         0.65903E+02          0.00000E+00
         0.65868E+02          0.00000E+00
         0.65833E+02          0.00000E+00
         0.65798E+02          0.00000E+00
         0.65764E+02          0.00000E+00
         0.65729E+02          0.00000E+00
         0.65694E+02          0.00000E+00
         0.65659E+02          0.00000E+00
         0.65624E+02          0.00000E+00
         0.65590E+02          0.00000E+00
         0.65555E+02          0.00000E+00
         0.65520E+02          0.00000E+00
         0.65486E+02          0.00000E+00
         0.65451E+02          0.00000E+00
         0.65417E+02          0.00000E+00
         0.65382E+02          0.00000E+00
         0.65348E+02          0.00000E+00
         0.65313E+02          0.00000E+00
         0.65279E+02          0.00000E+00
         0.65244E+02          0.00000E+00
         0.65210E+02          0.00000E+00
         0.65176E+02          0.00000E+00
         0.65142E+02          0.00000E+00
         0.65107E+02          0.00000E+00
         0.65073E+02          0.00000E+00
         0.65039E+02          0.00000E+00
         0.65005E+02          0.00000E+00
         0.64971E+02          0.00000E+00
         0.64937E+02          0.00000E+00
         0.64903E+02          0.00000E+00
         0.64869E+02          0.00000E+00
         0.64835E+02          0.00000E+00
         0.64801E+02          0.00000E+00
         0.64767E+02          0.00000E+00
         0.64734E+02          0.00000E+00
         0.64700E+02          0.00000E+00
         0.64666E+02          0.00000E+00
         0.64632E+02          0.00000E+00
         0.64599E+02          0.00000E+00
         0.64565E+02          0.00000E+00
         0.64531E+02          0.00000E+00
         0.64498E+02          0.00000E+00
         0.64464E+02          0.00000E+00
         0.64431E+02          0.00000E+00
         0.64397E+02          0.00000E+00
         0.64364E+02          0.00000E+00
         0.64330E+02          0.00000E+00
         0.64297E+02          0.00000E+00
         0.64264E+02          0.00000E+00
         0.64230E+02          0.00000E+00
         0.64197E+02          0.00000E+00
         0.64164E+02          0.00000E+00
         0.64131E+02          0.00000E+00
         0.64098E+02          0.00000E+00
         0.64065E+02          0.00000E+00
         0.64031E+02          0.00000E+00
         0.63998E+02          0.00000E+00
         0.63965E+02          0.00000E+00
         0.63932E+02          0.00000E+00
         0.63899E+02          0.00000E+00
         0.63867E+02          0.00000E+00
         0.63834E+02          0.00000E+00
         0.63801E+02          0.00000E+00
         0.63768E+02          0.00000E+00
         0.63735E+02          0.00000E+00
         0.63702E+02          0.00000E+00
         0.63670E+02          0.00000E+00
         0.63637E+02          0.00000E+00
         0.63604E+02          0.00000E+00
         0.63572E+02          0.00000E+00
         0.63539E+02          0.00000E+00
         0.63507E+02          0.00000E+00
         0.63474E+02          0.00000E+00
         0.63442E+02          0.00000E+00
         0.63409E+02          0.00000E+00
         0.63377E+02          0.00000E+00
         0.63344E+02          0.00000E+00
         0.63312E+02          0.00000E+00
         0.63280E+02          0.00000E+00
         0.63248E+02          0.00000E+00
         0.63215E+02          0.00000E+00
         0.63183E+02          0.00000E+00
         0.63151E+02          0.00000E+00
         0.63119E+02          0.00000E+00
         0.63087E+02          0.00000E+00
         0.63055E+02          0.00000E+00
         0.63022E+02          0.00000E+00
         0.62990E+02          0.00000E+00
         0.62958E+02          0.00000E+00
         0.62927E+02          0.00000E+00
         0.62895E+02          0.00000E+00
         0.62863E+02          0.00000E+00
         0.62831E+02          0.00000E+00
         0.62799E+02          0.00000E+00
         0.62767E+02          0.00000E+00
         0.62735E+02          0.00000E+00
         0.62704E+02          0.00000E+00
         0.62672E+02          0.00000E+00
         0.62640E+02          0.00000E+00
         0.62609E+02          0.00000E+00
         0.62577E+02          0.00000E+00
         0.62546E+02          0.00000E+00
         0.62514E+02          0.00000E+00
         0.62483E+02          0.00000E+00
         0.62451E+02          0.00000E+00
         0.62420E+02          0.00000E+00
         0.62388E+02          0.00000E+00
         0.62357E+02          0.00000E+00
         0.62325E+02          0.00000E+00
         0.62294E+02          0.00000E+00
         0.62263E+02          0.00000E+00
         0.62232E+02          0.00000E+00
         0.62200E+02          0.00000E+00
         0.62169E+02          0.00000E+00
         0.62138E+02          0.00000E+00
         0.62107E+02          0.00000E+00
         0.62076E+02          0.00000E+00
         0.62045E+02          0.00000E+00
         0.62014E+02          0.00000E+00
         0.61983E+02          0.00000E+00
         0.61952E+02          0.00000E+00
         0.61921E+02          0.00000E+00
         0.61890E+02          0.00000E+00
         0.61859E+02          0.00000E+00
         0.61828E+02          0.00000E+00
         0.61797E+02          0.00000E+00
         0.61767E+02          0.00000E+00
         0.61736E+02          0.00000E+00
         0.61705E+02          0.00000E+00
         0.61674E+02          0.00000E+00
         0.61644E+02          0.00000E+00
         0.61613E+02          0.00000E+00
         0.61583E+02          0.00000E+00
         0.61552E+02          0.00000E+00
         0.61521E+02          0.00000E+00
         0.61491E+02          0.00000E+00
         0.61460E+02          0.00000E+00
         0.61430E+02          0.00000E+00
         0.61400E+02          0.00000E+00
         0.61369E+02          0.00000E+00
         0.61339E+02          0.00000E+00
         0.61308E+02          0.00000E+00
         0.61278E+02          0.00000E+00
         0.61248E+02          0.00000E+00
         0.61218E+02          0.00000E+00
         0.61187E+02          0.00000E+00
         0.61157E+02          0.00000E+00
         0.61127E+02          0.00000E+00
         0.61097E+02          0.00000E+00
         0.61067E+02          0.00000E+00
         0.61037E+02          0.00000E+00
         0.61007E+02          0.00000E+00
         0.60977E+02          0.00000E+00
         0.60947E+02          0.00000E+00
         0.60917E+02          0.00000E+00
         0.60887E+02          0.00000E+00
         0.60857E+02          0.00000E+00
         0.60827E+02          0.00000E+00
         0.60797E+02          0.00000E+00
         0.60768E+02          0.00000E+00
         0.60738E+02          0.00000E+00
         0.60708E+02          0.00000E+00
         0.60678E+02          0.00000E+00
         0.60649E+02          0.00000E+00
         0.60619E+02          0.00000E+00
         0.60589E+02          0.00000E+00
         0.60560E+02          0.00000E+00
         0.60530E+02          0.00000E+00
         0.60501E+02          0.00000E+00
         0.60471E+02          0.00000E+00
         0.60442E+02          0.00000E+00
         0.60412E+02          0.00000E+00
         0.60383E+02          0.00000E+00
         0.60353E+02          0.00000E+00
         0.60324E+02          0.00000E+00
         0.60295E+02          0.00000E+00
         0.60265E+02          0.00000E+00
         0.60236E+02          0.00000E+00
         0.60207E+02          0.00000E+00
         0.60178E+02          0.00000E+00
         0.60148E+02          0.00000E+00
         0.60119E+02          0.00000E+00
         0.60090E+02          0.00000E+00
         0.60061E+02          0.00000E+00
         0.60032E+02          0.00000E+00
         0.60003E+02          0.00000E+00
         0.59974E+02          0.00000E+00
         0.59945E+02          0.00000E+00
         0.59916E+02          0.00000E+00
         0.59887E+02          0.00000E+00
         0.59858E+02          0.00000E+00
         0.59829E+02          0.00000E+00
         0.59800E+02          0.00000E+00
         0.59772E+02          0.00000E+00
         0.59743E+02          0.00000E+00
         0.59714E+02          0.00000E+00
         0.59685E+02          0.00000E+00
         0.59656E+02          0.00000E+00
         0.59628E+02          0.00000E+00
         0.59599E+02          0.00000E+00
         0.59570E+02          0.00000E+00
         0.59542E+02          0.00000E+00
         0.59513E+02          0.00000E+00
         0.59485E+02          0.00000E+00
         0.59456E+02          0.00000E+00
         0.59428E+02          0.00000E+00
         0.59399E+02          0.00000E+00
         0.59371E+02          0.00000E+00
         0.59342E+02          0.00000E+00
         0.59314E+02          0.00000E+00
         0.59286E+02          0.00000E+00
         0.59257E+02          0.00000E+00
         0.59229E+02          0.00000E+00
         0.59201E+02          0.00000E+00
         0.59172E+02          0.00000E+00
         0.59144E+02          0.00000E+00
         0.59116E+02          0.00000E+00
         0.59088E+02          0.00000E+00
         0.59060E+02          0.00000E+00
         0.59032E+02          0.00000E+00
         0.59004E+02          0.00000E+00
         0.58975E+02          0.00000E+00
         0.58947E+02          0.00000E+00
         0.58919E+02          0.00000E+00
         0.58891E+02          0.00000E+00
         0.58863E+02          0.00000E+00
         0.58836E+02          0.00000E+00
         0.58808E+02          0.00000E+00
         0.58780E+02          0.00000E+00
         0.58752E+02          0.00000E+00
         0.58724E+02          0.00000E+00
         0.58696E+02          0.00000E+00
         0.58668E+02          0.00000E+00
         0.58641E+02          0.00000E+00
         0.58613E+02          0.00000E+00
         0.58585E+02          0.00000E+00
         0.58558E+02          0.00000E+00
         0.58530E+02          0.00000E+00
         0.58502E+02          0.00000E+00
         0.58475E+02          0.00000E+00
         0.58447E+02          0.00000E+00
         0.58420E+02          0.00000E+00
         0.58392E+02          0.00000E+00
         0.58365E+02          0.00000E+00
         0.58337E+02          0.00000E+00
         0.58310E+02          0.00000E+00
         0.58282E+02          0.00000E+00
         0.58255E+02          0.00000E+00
         0.58228E+02          0.00000E+00
         0.58200E+02          0.00000E+00
         0.58173E+02          0.00000E+00
         0.58146E+02          0.00000E+00
         0.58118E+02          0.00000E+00
         0.58091E+02          0.00000E+00
         0.58064E+02          0.00000E+00
         0.58037E+02          0.00000E+00
         0.58010E+02          0.00000E+00
         0.57983E+02          0.00000E+00
         0.57955E+02          0.00000E+00
         0.57928E+02          0.00000E+00
         0.57901E+02          0.00000E+00
         0.57874E+02          0.00000E+00
         0.57847E+02          0.00000E+00
         0.57820E+02          0.00000E+00
         0.57793E+02          0.00000E+00
         0.57766E+02          0.00000E+00
         0.57740E+02          0.00000E+00
         0.57713E+02          0.00000E+00
         0.57686E+02          0.00000E+00
         0.57659E+02          0.00000E+00
         0.57632E+02          0.00000E+00
         0.57605E+02          0.00000E+00
         0.57579E+02          0.00000E+00
         0.57552E+02          0.00000E+00
         0.57525E+02          0.00000E+00
         0.57499E+02          0.00000E+00
         0.57472E+02          0.00000E+00
         0.57445E+02          0.00000E+00
         0.57419E+02          0.00000E+00
         0.57392E+02          0.00000E+00
         0.57365E+02          0.00000E+00
         0.57339E+02          0.00000E+00
         0.57312E+02          0.00000E+00
         0.57286E+02          0.00000E+00
         0.57260E+02          0.00000E+00
         0.57233E+02          0.00000E+00
         0.57207E+02          0.00000E+00
         0.57180E+02          0.00000E+00
         0.57154E+02          0.00000E+00
         0.57128E+02          0.00000E+00
         0.57101E+02          0.00000E+00
         0.57075E+02          0.00000E+00
         0.57049E+02          0.00000E+00
         0.57023E+02          0.00000E+00
         0.56996E+02          0.00000E+00
         0.56970E+02          0.00000E+00
         0.56944E+02          0.00000E+00
         0.56918E+02          0.00000E+00
         0.56892E+02          0.00000E+00
         0.56866E+02          0.00000E+00
         0.56840E+02          0.00000E+00
         0.56813E+02          0.00000E+00
         0.56787E+02          0.00000E+00
         0.56761E+02          0.00000E+00
         0.56735E+02          0.00000E+00
         0.56710E+02          0.00000E+00
         0.56684E+02          0.00000E+00
         0.56658E+02          0.00000E+00
         0.56632E+02          0.00000E+00
         0.56606E+02          0.00000E+00
         0.56580E+02          0.00000E+00
         0.56554E+02          0.00000E+00
         0.56529E+02          0.00000E+00
         0.56503E+02          0.00000E+00
         0.56477E+02          0.00000E+00
         0.56451E+02          0.00000E+00
         0.56426E+02          0.00000E+00
         0.56400E+02          0.00000E+00
         0.56374E+02          0.00000E+00
         0.56349E+02          0.00000E+00
         0.56323E+02          0.00000E+00
         0.56298E+02          0.00000E+00
         0.56272E+02          0.00000E+00
         0.56246E+02          0.00000E+00
         0.56221E+02          0.00000E+00
         0.56195E+02          0.00000E+00
         0.56170E+02          0.00000E+00
         0.56145E+02          0.00000E+00
         0.56119E+02          0.00000E+00
         0.56094E+02          0.00000E+00
         0.56068E+02          0.00000E+00
         0.56043E+02          0.00000E+00
         0.56018E+02          0.00000E+00
         0.55992E+02          0.00000E+00
         0.55967E+02          0.00000E+00
         0.55942E+02          0.00000E+00
         0.55917E+02          0.00000E+00
         0.55891E+02          0.00000E+00
         0.55866E+02          0.00000E+00
         0.55841E+02          0.00000E+00
         0.55816E+02          0.00000E+00
         0.55791E+02          0.00000E+00
         0.55766E+02          0.00000E+00
         0.55741E+02          0.00000E+00
         0.55716E+02          0.00000E+00
         0.55691E+02          0.00000E+00
         0.55666E+02          0.00000E+00
         0.55641E+02          0.00000E+00
         0.55616E+02          0.00000E+00
         0.55591E+02          0.00000E+00
         0.55566E+02          0.00000E+00
         0.55541E+02          0.00000E+00
         0.55516E+02          0.00000E+00
         0.55491E+02          0.00000E+00
         0.55466E+02          0.00000E+00
         0.55442E+02          0.00000E+00
         0.55417E+02          0.00000E+00
         0.55392E+02          0.00000E+00
         0.55367E+02          0.00000E+00
         0.55343E+02          0.00000E+00
         0.55318E+02          0.00000E+00
         0.55293E+02          0.00000E+00
         0.55269E+02          0.00000E+00
         0.55244E+02          0.00000E+00
         0.55219E+02          0.00000E+00
         0.55195E+02          0.00000E+00
         0.55170E+02          0.00000E+00
         0.55146E+02          0.00000E+00
         0.55121E+02          0.00000E+00
         0.55097E+02          0.00000E+00
         0.55072E+02          0.00000E+00
         0.55048E+02          0.00000E+00
         0.55023E+02          0.00000E+00
         0.54999E+02          0.00000E+00
         0.54975E+02          0.00000E+00
         0.54950E+02          0.00000E+00
         0.54926E+02          0.00000E+00
         0.54901E+02          0.00000E+00
         0.54877E+02          0.00000E+00
         0.54853E+02          0.00000E+00
         0.54829E+02          0.00000E+00
         0.54804E+02          0.00000E+00
         0.54780E+02          0.00000E+00
         0.54756E+02          0.00000E+00
         0.54732E+02          0.00000E+00
         0.54708E+02          0.00000E+00
         0.54684E+02          0.00000E+00
         0.54659E+02          0.00000E+00
         0.54635E+02          0.00000E+00
         0.54611E+02          0.00000E+00
         0.54587E+02          0.00000E+00
         0.54563E+02          0.00000E+00
         0.54539E+02          0.00000E+00
         0.54515E+02          0.00000E+00
         0.54491E+02          0.00000E+00
         0.54467E+02          0.00000E+00
         0.54443E+02          0.00000E+00
         0.54420E+02          0.00000E+00
         0.54396E+02          0.00000E+00
         0.54372E+02          0.00000E+00
         0.54348E+02          0.00000E+00
         0.54324E+02          0.00000E+00
         0.54300E+02          0.00000E+00
         0.54277E+02          0.00000E+00
         0.54253E+02          0.00000E+00
         0.54229E+02          0.00000E+00
         0.54205E+02          0.00000E+00
         0.54182E+02          0.00000E+00
         0.54158E+02          0.00000E+00
         0.54134E+02          0.00000E+00
         0.54111E+02          0.00000E+00
         0.54087E+02          0.00000E+00
         0.54064E+02          0.00000E+00
         0.54040E+02          0.00000E+00
         0.54016E+02          0.00000E+00
         0.53993E+02          0.00000E+00
         0.53969E+02          0.00000E+00
         0.53946E+02          0.00000E+00
         0.53923E+02          0.00000E+00
         0.53899E+02          0.00000E+00
         0.53876E+02          0.00000E+00
         0.53852E+02          0.00000E+00
         0.53829E+02          0.00000E+00
         0.53806E+02          0.00000E+00
         0.53782E+02          0.00000E+00
         0.53759E+02          0.00000E+00
         0.53736E+02          0.00000E+00
         0.53712E+02          0.00000E+00
         0.53689E+02          0.00000E+00
         0.53666E+02          0.00000E+00
         0.53643E+02          0.00000E+00
         0.53619E+02          0.00000E+00
         0.53596E+02          0.00000E+00
         0.53573E+02          0.00000E+00
         0.53550E+02          0.00000E+00
         0.53527E+02          0.00000E+00
         0.53504E+02          0.00000E+00
         0.53481E+02          0.00000E+00
         0.53458E+02          0.00000E+00
         0.53434E+02          0.00000E+00
         0.53411E+02          0.00000E+00
         0.53388E+02          0.00000E+00
         0.53365E+02          0.00000E+00
         0.53343E+02          0.00000E+00
         0.53320E+02          0.00000E+00
         0.53297E+02          0.00000E+00
         0.53274E+02          0.00000E+00
         0.53251E+02          0.00000E+00
         0.53228E+02          0.00000E+00
         0.53205E+02          0.00000E+00
         0.53182E+02          0.00000E+00
         0.53160E+02          0.00000E+00
         0.53137E+02          0.00000E+00
         0.53114E+02          0.00000E+00
         0.53091E+02          0.00000E+00
         0.53069E+02          0.00000E+00
         0.53046E+02          0.00000E+00
         0.53023E+02          0.00000E+00
         0.53000E+02          0.00000E+00
         0.52978E+02          0.00000E+00
         0.52955E+02          0.00000E+00
         0.52933E+02          0.00000E+00
         0.52910E+02          0.00000E+00
         0.52887E+02          0.00000E+00
         0.52865E+02          0.00000E+00
         0.52842E+02          0.00000E+00
         0.52820E+02          0.00000E+00
         0.52797E+02          0.00000E+00
         0.52775E+02          0.00000E+00
         0.52752E+02          0.00000E+00
         0.52730E+02          0.00000E+00
         0.52708E+02          0.00000E+00
         0.52685E+02          0.00000E+00
         0.52663E+02          0.00000E+00
         0.52640E+02          0.00000E+00
         0.52618E+02          0.00000E+00
         0.52596E+02          0.00000E+00
         0.52573E+02          0.00000E+00
         0.52551E+02          0.00000E+00
         0.52529E+02          0.00000E+00
         0.52507E+02          0.00000E+00
         0.52484E+02          0.00000E+00
         0.52462E+02          0.00000E+00
         0.52440E+02          0.00000E+00
         0.52418E+02          0.00000E+00
         0.52396E+02          0.00000E+00
         0.52374E+02          0.00000E+00
         0.52351E+02          0.00000E+00
         0.52329E+02          0.00000E+00
         0.52307E+02          0.00000E+00
         0.52285E+02          0.00000E+00
         0.52263E+02          0.00000E+00
         0.52241E+02          0.00000E+00
         0.52219E+02          0.00000E+00
         0.52197E+02          0.00000E+00
         0.52175E+02          0.00000E+00
         0.52153E+02          0.00000E+00
         0.52131E+02          0.00000E+00
         0.52109E+02          0.00000E+00
         0.52088E+02          0.00000E+00
         0.52066E+02          0.00000E+00
         0.52044E+02          0.00000E+00
         0.52022E+02          0.00000E+00
         0.52000E+02          0.00000E+00
         0.51978E+02          0.00000E+00
         0.51957E+02          0.00000E+00
         0.51935E+02          0.00000E+00
         0.51913E+02          0.00000E+00
         0.51891E+02          0.00000E+00
         0.51870E+02          0.00000E+00
         0.51848E+02          0.00000E+00
         0.51826E+02          0.00000E+00
         0.51805E+02          0.00000E+00
         0.51783E+02          0.00000E+00
         0.51761E+02          0.00000E+00
         0.51740E+02          0.00000E+00
         0.51718E+02          0.00000E+00
         0.51697E+02          0.00000E+00
         0.51675E+02          0.00000E+00
         0.51654E+02          0.00000E+00
         0.51632E+02          0.00000E+00
         0.51611E+02          0.00000E+00
         0.51589E+02          0.00000E+00
         0.51568E+02          0.00000E+00
         0.51546E+02          0.00000E+00
         0.51525E+02          0.00000E+00
         0.51503E+02          0.00000E+00
         0.51482E+02          0.00000E+00
         0.51461E+02          0.00000E+00
         0.51439E+02          0.00000E+00
         0.51418E+02          0.00000E+00
         0.51397E+02          0.00000E+00
         0.51375E+02          0.00000E+00
         0.51354E+02          0.00000E+00
         0.51333E+02          0.00000E+00
         0.51312E+02          0.00000E+00
         0.51290E+02          0.00000E+00
         0.51269E+02          0.00000E+00
         0.51248E+02          0.00000E+00
         0.51227E+02          0.00000E+00
         0.51206E+02          0.00000E+00
         0.51184E+02          0.00000E+00
         0.51163E+02          0.00000E+00
         0.51142E+02          0.00000E+00
         0.51121E+02          0.00000E+00
         0.51100E+02          0.00000E+00
         0.51079E+02          0.00000E+00
         0.51058E+02          0.00000E+00
         0.51037E+02          0.00000E+00
         0.51016E+02          0.00000E+00
         0.50995E+02          0.00000E+00
         0.50974E+02          0.00000E+00
         0.50953E+02          0.00000E+00
         0.50932E+02          0.00000E+00
         0.50911E+02          0.00000E+00
         0.50890E+02          0.00000E+00
         0.50869E+02          0.00000E+00
         0.50849E+02          0.00000E+00
         0.50828E+02          0.00000E+00
         0.50807E+02          0.00000E+00
         0.50786E+02          0.00000E+00
         0.50765E+02          0.00000E+00
         0.50744E+02          0.00000E+00
         0.50724E+02          0.00000E+00
         0.50703E+02          0.00000E+00
         0.50682E+02          0.00000E+00
         0.50662E+02          0.00000E+00
         0.50641E+02          0.00000E+00
         0.50620E+02          0.00000E+00
         0.50600E+02          0.00000E+00
         0.50579E+02          0.00000E+00
         0.50558E+02          0.00000E+00
         0.50538E+02          0.00000E+00
         0.50517E+02          0.00000E+00
         0.50496E+02          0.00000E+00
         0.50476E+02          0.00000E+00
         0.50455E+02          0.00000E+00
         0.50435E+02          0.00000E+00
         0.50414E+02          0.00000E+00
         0.50394E+02          0.00000E+00
         0.50373E+02          0.00000E+00
         0.50353E+02          0.00000E+00
         0.50332E+02          0.00000E+00
         0.50312E+02          0.00000E+00
         0.50292E+02          0.00000E+00
         0.50271E+02          0.00000E+00
         0.50251E+02          0.00000E+00
         0.50231E+02          0.00000E+00
         0.50210E+02          0.00000E+00
         0.50190E+02          0.00000E+00
         0.50170E+02          0.00000E+00
         0.50149E+02          0.00000E+00
         0.50129E+02          0.00000E+00
         0.50109E+02          0.00000E+00
         0.50088E+02          0.00000E+00
         0.50068E+02          0.00000E+00
         0.50048E+02          0.00000E+00
         0.50028E+02          0.00000E+00
         0.50008E+02          0.00000E+00
         0.49988E+02          0.00000E+00
         0.49967E+02          0.00000E+00
         0.49947E+02          0.00000E+00
         0.49927E+02          0.00000E+00
         0.49907E+02          0.00000E+00
         0.49887E+02          0.00000E+00
         0.49867E+02          0.00000E+00
         0.49847E+02          0.00000E+00
         0.49827E+02          0.00000E+00
         0.49807E+02          0.00000E+00
         0.49787E+02          0.00000E+00
         0.49767E+02          0.00000E+00
         0.49747E+02          0.00000E+00
         0.49727E+02          0.00000E+00
         0.49707E+02          0.00000E+00
         0.49687E+02          0.00000E+00
         0.49667E+02          0.00000E+00
         0.49647E+02          0.00000E+00
         0.49627E+02          0.00000E+00
         0.49607E+02          0.00000E+00
         0.49588E+02          0.00000E+00
         0.49568E+02          0.00000E+00
         0.49548E+02          0.00000E+00
         0.49528E+02          0.00000E+00
         0.49508E+02          0.00000E+00
         0.49489E+02          0.00000E+00
         0.49469E+02          0.00000E+00
         0.49449E+02          0.00000E+00
         0.49429E+02          0.00000E+00
         0.49410E+02          0.00000E+00
         0.49390E+02          0.00000E+00
         0.49370E+02          0.00000E+00
         0.49351E+02          0.00000E+00
         0.49331E+02          0.00000E+00
         0.49312E+02          0.00000E+00
         0.49292E+02          0.00000E+00
         0.49272E+02          0.00000E+00
         0.49253E+02          0.00000E+00
         0.49233E+02          0.00000E+00
         0.49214E+02          0.00000E+00
         0.49194E+02          0.00000E+00
         0.49175E+02          0.00000E+00
         0.49155E+02          0.00000E+00
         0.49136E+02          0.00000E+00
         0.49116E+02          0.00000E+00
         0.49097E+02          0.00000E+00
         0.49077E+02          0.00000E+00
         0.49058E+02          0.00000E+00
         0.49038E+02          0.00000E+00
         0.49019E+02          0.00000E+00
         0.49000E+02          0.00000E+00
         0.48980E+02          0.00000E+00
         0.48961E+02          0.00000E+00
         0.48942E+02          0.00000E+00
         0.48922E+02          0.00000E+00
         0.48903E+02          0.00000E+00
         0.48884E+02          0.00000E+00
         0.48865E+02          0.00000E+00
         0.48845E+02          0.00000E+00
         0.48826E+02          0.00000E+00
         0.48807E+02          0.00000E+00
         0.48788E+02          0.00000E+00
         0.48768E+02          0.00000E+00
         0.48749E+02          0.00000E+00
         0.48730E+02          0.00000E+00
         0.48711E+02          0.00000E+00
         0.48692E+02          0.00000E+00
         0.48673E+02          0.00000E+00
         0.48654E+02          0.00000E+00
         0.48635E+02          0.00000E+00
         0.48615E+02          0.00000E+00
         0.48596E+02          0.00000E+00
         0.48577E+02          0.00000E+00
         0.48558E+02          0.00000E+00
         0.48539E+02          0.00000E+00
         0.48520E+02          0.00000E+00
         0.48501E+02          0.00000E+00
         0.48482E+02          0.00000E+00
         0.48463E+02          0.00000E+00
         0.48444E+02          0.00000E+00
         0.48426E+02          0.00000E+00
         0.48407E+02          0.00000E+00
         0.48388E+02          0.00000E+00
         0.48369E+02          0.00000E+00
         0.48350E+02          0.00000E+00
         0.48331E+02          0.00000E+00
         0.48312E+02          0.00000E+00
         0.48294E+02          0.00000E+00
         0.48275E+02          0.00000E+00
         0.48256E+02          0.00000E+00
         0.48237E+02          0.00000E+00
         0.48218E+02          0.00000E+00
         0.48200E+02          0.00000E+00
         0.48181E+02          0.00000E+00
         0.48162E+02          0.00000E+00
         0.48144E+02          0.00000E+00
         0.48125E+02          0.00000E+00
         0.48106E+02          0.00000E+00
         0.48087E+02          0.00000E+00
         0.48069E+02          0.00000E+00
         0.48050E+02          0.00000E+00
         0.48032E+02          0.00000E+00
         0.48013E+02          0.00000E+00
         0.47994E+02          0.00000E+00
         0.47976E+02          0.00000E+00
         0.47957E+02          0.00000E+00
         0.47939E+02          0.00000E+00
         0.47920E+02          0.00000E+00
         0.47902E+02          0.00000E+00
         0.47883E+02          0.00000E+00
         0.47865E+02          0.00000E+00
         0.47846E+02          0.00000E+00
         0.47828E+02          0.00000E+00
         0.47809E+02          0.00000E+00
         0.47791E+02          0.00000E+00
         0.47773E+02          0.00000E+00
         0.47754E+02          0.00000E+00
         0.47736E+02          0.00000E+00
         0.47717E+02          0.00000E+00
         0.47699E+02          0.00000E+00
         0.47681E+02          0.00000E+00
         0.47662E+02          0.00000E+00
         0.47644E+02          0.00000E+00
         0.47626E+02          0.00000E+00
         0.47607E+02          0.00000E+00
         0.47589E+02          0.00000E+00
         0.47571E+02          0.00000E+00
         0.47553E+02          0.00000E+00
         0.47534E+02          0.00000E+00
         0.47516E+02          0.00000E+00
         0.47498E+02          0.00000E+00
         0.47480E+02          0.00000E+00
         0.47462E+02          0.00000E+00
         0.47443E+02          0.00000E+00
         0.47425E+02          0.00000E+00
         0.47407E+02          0.00000E+00
         0.47389E+02          0.00000E+00
         0.47371E+02          0.00000E+00
         0.47353E+02          0.00000E+00
         0.47335E+02          0.00000E+00
         0.47317E+02          0.00000E+00
         0.47299E+02          0.00000E+00
         0.47281E+02          0.00000E+00
         0.47263E+02          0.00000E+00
         0.47245E+02          0.00000E+00
         0.47227E+02          0.00000E+00
         0.47209E+02          0.00000E+00
         0.47191E+02          0.00000E+00
         0.47173E+02          0.00000E+00
         0.47155E+02          0.00000E+00
         0.47137E+02          0.00000E+00
         0.47119E+02          0.00000E+00
         0.47101E+02          0.00000E+00
         0.47083E+02          0.00000E+00
         0.47065E+02          0.00000E+00
         0.47047E+02          0.00000E+00
         0.47030E+02          0.00000E+00
         0.47012E+02          0.00000E+00
         0.46994E+02          0.00000E+00
         0.46976E+02          0.00000E+00
         0.46958E+02          0.00000E+00
         0.46941E+02          0.00000E+00
         0.46923E+02          0.00000E+00
         0.46905E+02          0.00000E+00
         0.46887E+02          0.00000E+00
         0.46870E+02          0.00000E+00
         0.46852E+02          0.00000E+00
         0.46834E+02          0.00000E+00
         0.46816E+02          0.00000E+00
         0.46799E+02          0.00000E+00
         0.46781E+02          0.00000E+00
         0.46763E+02          0.00000E+00
         0.46746E+02          0.00000E+00
         0.46728E+02          0.00000E+00
         0.46711E+02          0.00000E+00
         0.46693E+02          0.00000E+00
         0.46675E+02          0.00000E+00
         0.46658E+02          0.00000E+00
         0.46640E+02          0.00000E+00
         0.46623E+02          0.00000E+00
         0.46605E+02          0.00000E+00
         0.46588E+02          0.00000E+00
         0.46570E+02          0.00000E+00
         0.46553E+02          0.00000E+00
         0.46535E+02          0.00000E+00
         0.46518E+02          0.00000E+00
         0.46500E+02          0.00000E+00
         0.46483E+02          0.00000E+00
         0.46466E+02          0.00000E+00
         0.46448E+02          0.00000E+00
         0.46431E+02          0.00000E+00
         0.46413E+02          0.00000E+00
         0.46396E+02          0.00000E+00
         0.46379E+02          0.00000E+00
         0.46361E+02          0.00000E+00
         0.46344E+02          0.00000E+00
         0.46327E+02          0.00000E+00
         0.46309E+02          0.00000E+00
         0.46292E+02          0.00000E+00
         0.46275E+02          0.00000E+00
         0.46257E+02          0.00000E+00
         0.46240E+02          0.00000E+00
         0.46223E+02          0.00000E+00
         0.46206E+02          0.00000E+00
         0.46189E+02          0.00000E+00
         0.46171E+02          0.00000E+00
         0.46154E+02          0.00000E+00
         0.46137E+02          0.00000E+00
         0.46120E+02          0.00000E+00
         0.46103E+02          0.00000E+00
         0.46086E+02          0.00000E+00
         0.46068E+02          0.00000E+00
         0.46051E+02          0.00000E+00
         0.46034E+02          0.00000E+00
         0.46017E+02          0.00000E+00
         0.46000E+02          0.00000E+00
         0.45983E+02          0.00000E+00
         0.45966E+02          0.00000E+00
         0.45949E+02          0.00000E+00
         0.45932E+02          0.00000E+00
         0.45915E+02          0.00000E+00
         0.45898E+02          0.00000E+00
         0.45881E+02          0.00000E+00
         0.45864E+02          0.00000E+00
         0.45847E+02          0.00000E+00
         0.45830E+02          0.00000E+00
         0.45813E+02          0.00000E+00
         0.45796E+02          0.00000E+00
         0.45779E+02          0.00000E+00
         0.45762E+02          0.00000E+00
         0.45745E+02          0.00000E+00
         0.45729E+02          0.00000E+00
         0.45712E+02          0.00000E+00
         0.45695E+02          0.00000E+00
         0.45678E+02          0.00000E+00
         0.45661E+02          0.00000E+00
         0.45644E+02          0.00000E+00
         0.45628E+02          0.00000E+00
         0.45611E+02          0.00000E+00
         0.45594E+02          0.00000E+00
         0.45577E+02          0.00000E+00
         0.45561E+02          0.00000E+00
         0.45544E+02          0.00000E+00
         0.45527E+02          0.00000E+00
         0.45510E+02          0.00000E+00
         0.45494E+02          0.00000E+00
         0.45477E+02          0.00000E+00
         0.45460E+02          0.00000E+00
         0.45444E+02          0.00000E+00
         0.45427E+02          0.00000E+00
         0.45410E+02          0.00000E+00
         0.45394E+02          0.00000E+00
         0.45377E+02          0.00000E+00
         0.45361E+02          0.00000E+00
         0.45344E+02          0.00000E+00
         0.45327E+02          0.00000E+00
         0.45311E+02          0.00000E+00
         0.45294E+02          0.00000E+00
         0.45278E+02          0.00000E+00
         0.45261E+02          0.00000E+00
         0.45245E+02          0.00000E+00
         0.45228E+02          0.00000E+00
         0.45212E+02          0.00000E+00
         0.45195E+02          0.00000E+00
         0.45179E+02          0.00000E+00
         0.45162E+02          0.00000E+00
         0.45146E+02          0.00000E+00
         0.45129E+02          0.00000E+00
         0.45113E+02          0.00000E+00
         0.45097E+02          0.00000E+00
         0.45080E+02          0.00000E+00
         0.45064E+02          0.00000E+00
         0.45047E+02          0.00000E+00
         0.45031E+02          0.00000E+00
         0.45015E+02          0.00000E+00
         0.44998E+02          0.00000E+00
         0.44982E+02          0.00000E+00
         0.44966E+02          0.00000E+00
         0.44949E+02          0.00000E+00
         0.44933E+02          0.00000E+00
         0.44917E+02          0.00000E+00
         0.44901E+02          0.00000E+00
         0.44884E+02          0.00000E+00
         0.44868E+02          0.00000E+00
         0.44852E+02          0.00000E+00
         0.44836E+02          0.00000E+00
         0.44819E+02          0.00000E+00
         0.44803E+02          0.00000E+00
         0.44787E+02          0.00000E+00
         0.44771E+02          0.00000E+00
         0.44755E+02          0.00000E+00
         0.44739E+02          0.00000E+00
         0.44722E+02          0.00000E+00
         0.44706E+02          0.00000E+00
         0.44690E+02          0.00000E+00
         0.44674E+02          0.00000E+00
         0.44658E+02          0.00000E+00
         0.44642E+02          0.00000E+00
         0.44626E+02          0.00000E+00
         0.44610E+02          0.00000E+00
         0.44594E+02          0.00000E+00
         0.44578E+02          0.00000E+00
         0.44562E+02          0.00000E+00
         0.44546E+02          0.00000E+00
         0.44530E+02          0.00000E+00
         0.44514E+02          0.00000E+00
         0.44498E+02          0.00000E+00
         0.44482E+02          0.00000E+00
         0.44466E+02          0.00000E+00
         0.44450E+02          0.00000E+00
         0.44434E+02          0.00000E+00
         0.44418E+02          0.00000E+00
         0.44402E+02          0.00000E+00
         0.44386E+02          0.00000E+00
         0.44370E+02          0.00000E+00
         0.44354E+02          0.00000E+00
         0.44339E+02          0.00000E+00
         0.44323E+02          0.00000E+00
         0.44307E+02          0.00000E+00
         0.44291E+02          0.00000E+00
         0.44275E+02          0.00000E+00
         0.44259E+02          0.00000E+00
         0.44244E+02          0.00000E+00
         0.44228E+02          0.00000E+00
         0.44212E+02          0.00000E+00
         0.44196E+02          0.00000E+00
         0.44181E+02          0.00000E+00
         0.44165E+02          0.00000E+00
         0.44149E+02          0.00000E+00
         0.44133E+02          0.00000E+00
         0.44118E+02          0.00000E+00
         0.44102E+02          0.00000E+00
         0.44086E+02          0.00000E+00
         0.44071E+02          0.00000E+00
         0.44055E+02          0.00000E+00
         0.44039E+02          0.00000E+00
         0.44024E+02          0.00000E+00
         0.44008E+02          0.00000E+00
         0.43992E+02          0.00000E+00
         0.43977E+02          0.00000E+00
         0.43961E+02          0.00000E+00
         0.43946E+02          0.00000E+00
         0.43930E+02          0.00000E+00
         0.43915E+02          0.00000E+00
         0.43899E+02          0.00000E+00
         0.43883E+02          0.00000E+00
         0.43868E+02          0.00000E+00
         0.43852E+02          0.00000E+00
         0.43837E+02          0.00000E+00
         0.43821E+02          0.00000E+00
         0.43806E+02          0.00000E+00
         0.43790E+02          0.00000E+00
         0.43775E+02          0.00000E+00
         0.43760E+02          0.00000E+00
         0.43744E+02          0.00000E+00
         0.43729E+02          0.00000E+00
         0.43713E+02          0.00000E+00
         0.43698E+02          0.00000E+00
         0.43682E+02          0.00000E+00
         0.43667E+02          0.00000E+00
         0.43652E+02          0.00000E+00
         0.43636E+02          0.00000E+00
         0.43621E+02          0.00000E+00
         0.43606E+02          0.00000E+00
         0.43590E+02          0.00000E+00
         0.43575E+02          0.00000E+00
         0.43560E+02          0.00000E+00
         0.43544E+02          0.00000E+00
         0.43529E+02          0.00000E+00
         0.43514E+02          0.00000E+00
         0.43499E+02          0.00000E+00
         0.43483E+02          0.00000E+00
         0.43468E+02          0.00000E+00
         0.43453E+02          0.00000E+00
         0.43438E+02          0.00000E+00
         0.43422E+02          0.00000E+00
         0.43407E+02          0.00000E+00
         0.43392E+02          0.00000E+00
         0.43377E+02          0.00000E+00
         0.43362E+02          0.00000E+00
         0.43346E+02          0.00000E+00
         0.43331E+02          0.00000E+00
         0.43316E+02          0.00000E+00
         0.43301E+02          0.20381E-01
         0.43286E+02          0.20165E-01
         0.43271E+02          0.20070E-01
         0.43256E+02          0.20029E-01
         0.43241E+02          0.20016E-01
         0.43226E+02          0.20017E-01
         0.43211E+02          0.20026E-01
         0.43195E+02          0.20039E-01
         0.43180E+02          0.20056E-01
         0.43165E+02          0.20074E-01
         0.43150E+02          0.20094E-01
         0.43135E+02          0.20117E-01
         0.43120E+02          0.20141E-01
         0.43105E+02          0.20168E-01
         0.43090E+02          0.20200E-01
         0.43075E+02          0.20237E-01
         0.43060E+02          0.20281E-01
         0.43046E+02          0.20338E-01
         0.43031E+02          0.20410E-01
         0.43016E+02          0.20501E-01
         0.43001E+02          0.20497E-01
         0.42986E+02          0.21476E-01
         0.42971E+02          0.22303E-01
         0.42956E+02          0.25178E-01
         0.42941E+02          0.27282E-01
         0.42926E+02          0.21895E-01
         0.42911E+02          0.20515E-01
         0.42897E+02          0.20181E-01
         0.42882E+02          0.20082E-01
         0.42867E+02          0.20055E-01
         0.42852E+02          0.20056E-01
         0.42837E+02          0.20071E-01
         0.42822E+02          0.20095E-01
         0.42808E+02          0.20128E-01
         0.42793E+02          0.20174E-01
         0.42778E+02          0.20244E-01
         0.42763E+02          0.20360E-01
         0.42749E+02          0.21510E-01
         0.42734E+02          0.21806E-01
         0.42719E+02          0.27641E-01
         0.42704E+02          0.21365E-01
         0.42690E+02          0.20256E-01
         0.42675E+02          0.20094E-01
         0.42660E+02          0.20068E-01
         0.42646E+02          0.20083E-01
         0.42631E+02          0.20124E-01
         0.42616E+02          0.20215E-01
         0.42602E+02          0.20447E-01
         0.42587E+02          0.22889E-01
         0.42573E+02          0.21536E-01
         0.42558E+02          0.20176E-01
         0.42543E+02          0.20070E-01
         0.42529E+02          0.20081E-01
         0.42514E+02          0.20181E-01
         0.42500E+02          0.21084E-01
         0.42485E+02          0.21228E-01
         0.42470E+02          0.20097E-01
         0.42456E+02          0.20051E-01
         0.42441E+02          0.20251E-01
         0.42427E+02          0.22231E-01
         0.42412E+02          0.20051E-01
         0.42398E+02          0.20050E-01
         0.42383E+02          0.21886E-01
         0.42369E+02          0.19971E-01
         0.42354E+02          0.24037E-01
         0.42340E+02          0.19909E-01
         0.42325E+02          0.20650E-01
         0.42311E+02          0.20356E-01
         0.42297E+02          0.19617E-01
         0.42282E+02          0.20402E-01
         0.42268E+02          0.19742E-01
         0.42253E+02          0.19776E-01
         0.42239E+02          0.20528E-01
         0.42225E+02          0.26748E-01
         0.42210E+02          0.25114E-01
         0.42181E+02          0.30972E-01
         0.42167E+02          0.34154E-01
         0.42153E+02          0.28438E-01
         0.42138E+02          0.18642E-01
         0.42124E+02          0.19224E-01
         0.42110E+02          0.19794E-01
         0.42096E+02          0.20129E-01
         0.42081E+02          0.20333E-01
         0.42067E+02          0.20465E-01
         0.42053E+02          0.20555E-01
         0.42038E+02          0.20618E-01
         0.42024E+02          0.20665E-01
         0.42010E+02          0.20700E-01
         0.41996E+02          0.20728E-01
         0.41981E+02          0.20750E-01
         0.41967E+02          0.20767E-01
         0.41953E+02          0.20782E-01
         0.41939E+02          0.20795E-01
         0.41925E+02          0.20806E-01
         0.41911E+02          0.20815E-01
         0.41896E+02          0.20823E-01
         0.41882E+02          0.20831E-01
         0.41868E+02          0.20838E-01
         0.41854E+02          0.20845E-01
         0.41840E+02          0.20851E-01
         0.41826E+02          0.20858E-01
         0.41812E+02          0.20864E-01
         0.41798E+02          0.20871E-01
         0.41783E+02          0.20878E-01
         0.41769E+02          0.20887E-01
         0.41755E+02          0.20897E-01
         0.41741E+02          0.20909E-01
         0.41727E+02          0.20927E-01
         0.41713E+02          0.20956E-01
         0.41699E+02          0.21016E-01
         0.41685E+02          0.21248E-01
         0.41671E+02          0.22488E-01
         0.41657E+02          0.20597E-01
         0.41643E+02          0.20717E-01
         0.41629E+02          0.20757E-01
         0.41615E+02          0.20774E-01
         0.41601E+02          0.20779E-01
         0.41587E+02          0.20775E-01
         0.41573E+02          0.20759E-01
         0.41559E+02          0.20728E-01
         0.41545E+02          0.20670E-01
         0.41531E+02          0.20563E-01
         0.41518E+02          0.20409E-01
         0.41504E+02          0.21619E-01
         0.41490E+02          0.29689E-01
         0.41476E+02          0.33780E-01
         0.41462E+02          0.17739E-01
         0.41448E+02          0.19672E-01
         0.41434E+02          0.20276E-01
         0.41420E+02          0.20523E-01
         0.41407E+02          0.20650E-01
         0.41393E+02          0.20726E-01
         0.41379E+02          0.20777E-01
         0.41365E+02          0.20813E-01
         0.41351E+02          0.20842E-01
         0.41338E+02          0.20867E-01
         0.41324E+02          0.20889E-01
         0.41310E+02          0.20912E-01
         0.41296E+02          0.20938E-01
         0.41283E+02          0.20976E-01
         0.41269E+02          0.21051E-01
         0.41255E+02          0.21521E-01
         0.41241E+02          0.20434E-01
         0.41228E+02          0.20743E-01
         0.41214E+02          0.20799E-01
         0.41200E+02          0.20805E-01
         0.41187E+02          0.20760E-01
         0.41173E+02          0.20586E-01
         0.41159E+02          0.22746E-01
         0.41146E+02          0.32970E-01
         0.41132E+02          0.19361E-01
         0.41118E+02          0.20423E-01
         0.41105E+02          0.20680E-01
         0.41091E+02          0.20791E-01
         0.41077E+02          0.20856E-01
         0.41064E+02          0.20906E-01
         0.41050E+02          0.20958E-01
         0.41037E+02          0.21051E-01
         0.41023E+02          0.22205E-01
         0.41009E+02          0.20736E-01
         0.40996E+02          0.20823E-01
         0.40982E+02          0.20747E-01
         0.40969E+02          0.23761E-01
         0.40955E+02          0.18186E-01
         0.40942E+02          0.20534E-01
         0.40928E+02          0.20792E-01
         0.40915E+02          0.20897E-01
         0.40901E+02          0.20994E-01
         0.40888E+02          0.22777E-01
         0.40874E+02          0.20801E-01
         0.40861E+02          0.20757E-01
         0.40847E+02          0.32090E-01
         0.40834E+02          0.20578E-01
         0.40820E+02          0.20868E-01
         0.40807E+02          0.21030E-01
         0.40794E+02          0.20710E-01
         0.40780E+02          0.20703E-01
         0.40767E+02          0.20095E-01
         0.40753E+02          0.20878E-01
         0.40740E+02          0.21683E-01
         0.40727E+02          0.20771E-01
         0.40713E+02          0.20601E-01
         0.40700E+02          0.21062E-01
         0.40686E+02          0.20714E-01
         0.40673E+02          0.20852E-01
         0.40660E+02          0.20843E-01
         0.40646E+02          0.20883E-01
         0.40633E+02          0.28762E-01
         0.40620E+02          0.20814E-01
         0.40607E+02          0.20542E-01
         0.40593E+02          0.20847E-01
         0.40580E+02          0.20819E-01
         0.40567E+02          0.20839E-01
         0.40553E+02          0.20801E-01
         0.40540E+02          0.20882E-01
         0.40527E+02          0.20904E-01
         0.40514E+02          0.20244E-01
         0.40500E+02          0.20243E-01
         0.40487E+02          0.20242E-01
         0.40474E+02          0.20241E-01
         0.40461E+02          0.20240E-01
         0.40448E+02          0.20239E-01
         0.40434E+02          0.20238E-01
         0.40421E+02          0.20237E-01
         0.40408E+02          0.20236E-01
         0.40395E+02          0.20235E-01
         0.40382E+02          0.20234E-01
         0.40369E+02          0.20233E-01
         0.40355E+02          0.20231E-01
         0.40342E+02          0.20230E-01
         0.40329E+02          0.20229E-01
         0.40316E+02          0.20228E-01
         0.40303E+02          0.20226E-01
         0.40290E+02          0.20225E-01
         0.40277E+02          0.20224E-01
         0.40264E+02          0.20222E-01
         0.40251E+02          0.20221E-01
         0.40238E+02          0.20219E-01
         0.40224E+02          0.20218E-01
         0.40211E+02          0.20216E-01
         0.40198E+02          0.20215E-01
         0.40185E+02          0.20213E-01
         0.40172E+02          0.20212E-01
         0.40159E+02          0.20210E-01
         0.40146E+02          0.20209E-01
         0.40133E+02          0.20207E-01
         0.40120E+02          0.20205E-01
         0.40107E+02          0.20203E-01
         0.40094E+02          0.20202E-01
         0.40081E+02          0.20200E-01
         0.40068E+02          0.20198E-01
         0.40056E+02          0.20196E-01
         0.40043E+02          0.20194E-01
         0.40030E+02          0.20193E-01
         0.40017E+02          0.20191E-01
         0.40004E+02          0.20189E-01
         0.39991E+02          0.20187E-01
         0.39978E+02          0.20185E-01
         0.39965E+02          0.20183E-01
         0.39952E+02          0.20181E-01
         0.39939E+02          0.20178E-01
         0.39927E+02          0.20176E-01
         0.39914E+02          0.20174E-01
         0.39901E+02          0.20172E-01
         0.39888E+02          0.20170E-01
         0.39875E+02          0.20167E-01
         0.39862E+02          0.20165E-01
         0.39850E+02          0.20163E-01
         0.39837E+02          0.20160E-01
         0.39824E+02          0.20158E-01
         0.39811E+02          0.20156E-01
         0.39798E+02          0.20153E-01
         0.39786E+02          0.20151E-01
         0.39773E+02          0.20148E-01
         0.39760E+02          0.20146E-01
         0.39747E+02          0.20143E-01
         0.39735E+02          0.20140E-01
         0.39722E+02          0.20138E-01
         0.39709E+02          0.20135E-01
         0.39696E+02          0.20132E-01
         0.39684E+02          0.20130E-01
         0.39671E+02          0.20127E-01
         0.39658E+02          0.20124E-01
         0.39646E+02          0.20121E-01
         0.39633E+02          0.20118E-01
         0.39620E+02          0.20115E-01
         0.39608E+02          0.20112E-01
         0.39595E+02          0.20109E-01
         0.39582E+02          0.20106E-01
         0.39570E+02          0.20103E-01
         0.39557E+02          0.20100E-01
         0.39545E+02          0.20097E-01
         0.39532E+02          0.20094E-01
         0.39519E+02          0.20091E-01
         0.39507E+02          0.20087E-01
         0.39494E+02          0.20084E-01
         0.39482E+02          0.20081E-01
         0.39469E+02          0.20077E-01
         0.39456E+02          0.20074E-01
         0.39444E+02          0.20071E-01
         0.39431E+02          0.20067E-01
         0.39419E+02          0.20064E-01
         0.39406E+02          0.20060E-01
         0.39394E+02          0.20056E-01
         0.39381E+02          0.20053E-01
         0.39369E+02          0.20049E-01
         0.39356E+02          0.20045E-01
         0.39344E+02          0.20042E-01
         0.39331E+02          0.20038E-01
         0.39319E+02          0.20034E-01
         0.39306E+02          0.20030E-01
         0.39294E+02          0.20026E-01
         0.39281E+02          0.20023E-01
         0.39269E+02          0.20019E-01
         0.39257E+02          0.20015E-01
         0.39244E+02          0.20010E-01
         0.39232E+02          0.20006E-01
         0.39219E+02          0.20002E-01
         0.39207E+02          0.19998E-01
         0.39194E+02          0.19994E-01
         0.39182E+02          0.19990E-01
         0.39170E+02          0.19985E-01
         0.39157E+02          0.19981E-01
         0.39145E+02          0.19977E-01
         0.39133E+02          0.19972E-01
         0.39120E+02          0.19968E-01
         0.39108E+02          0.19963E-01
         0.39096E+02          0.19959E-01
         0.39083E+02          0.19954E-01
         0.39071E+02          0.19950E-01
         0.39059E+02          0.19945E-01
         0.39046E+02          0.19940E-01
         0.39034E+02          0.19935E-01
         0.39022E+02          0.19931E-01
         0.39010E+02          0.19926E-01
         0.38997E+02          0.19921E-01
         0.38985E+02          0.19916E-01
         0.38973E+02          0.19911E-01
         0.38960E+02          0.19906E-01
         0.38948E+02          0.19901E-01
         0.38936E+02          0.19896E-01
         0.38924E+02          0.19891E-01
         0.38912E+02          0.19885E-01
         0.38899E+02          0.19880E-01
         0.38887E+02          0.19875E-01
         0.38875E+02          0.19869E-01
         0.38863E+02          0.19864E-01
         0.38851E+02          0.19859E-01
         0.38838E+02          0.19853E-01
         0.38826E+02          0.19847E-01
         0.38814E+02          0.19842E-01
         0.38802E+02          0.19836E-01
         0.38790E+02          0.19830E-01
         0.38778E+02          0.19825E-01
         0.38766E+02          0.19819E-01
         0.38753E+02          0.19813E-01
         0.38741E+02          0.19807E-01
         0.38729E+02          0.19801E-01
         0.38717E+02          0.19795E-01
         0.38705E+02          0.19789E-01
         0.38693E+02          0.19783E-01
         0.38681E+02          0.19777E-01
         0.38669E+02          0.19770E-01
         0.38657E+02          0.19764E-01
         0.38645E+02          0.19758E-01
         0.38633E+02          0.19751E-01
         0.38621E+02          0.19745E-01
         0.38609E+02          0.19738E-01
         0.38597E+02          0.19731E-01
         0.38585E+02          0.19725E-01
         0.38573E+02          0.19718E-01
         0.38561E+02          0.19711E-01
         0.38549E+02          0.19704E-01
         0.38537E+02          0.19697E-01
         0.38525E+02          0.19690E-01
         0.38513E+02          0.19683E-01
         0.38501E+02          0.19676E-01
         0.38489E+02          0.19669E-01
         0.38477E+02          0.19662E-01
         0.38465E+02          0.19654E-01
         0.38453E+02          0.19647E-01
         0.38441E+02          0.19639E-01
         0.38429E+02          0.19632E-01
         0.38417E+02          0.19624E-01
         0.38405E+02          0.19617E-01
         0.38393E+02          0.19609E-01
         0.38382E+02          0.19601E-01
         0.38370E+02          0.19593E-01
         0.38358E+02          0.19585E-01
         0.38346E+02          0.19577E-01
         0.38334E+02          0.19569E-01
         0.38322E+02          0.19561E-01
         0.38310E+02          0.19553E-01
         0.38299E+02          0.19544E-01
         0.38287E+02          0.19536E-01
         0.38275E+02          0.19527E-01
         0.38263E+02          0.19519E-01
         0.38251E+02          0.19510E-01
         0.38239E+02          0.19501E-01
         0.38228E+02          0.19492E-01
         0.38216E+02          0.19483E-01
         0.38204E+02          0.19474E-01
         0.38192E+02          0.19465E-01
         0.38181E+02          0.19456E-01
         0.38169E+02          0.19447E-01
         0.38157E+02          0.19438E-01
         0.38145E+02          0.19428E-01
         0.38134E+02          0.19419E-01
         0.38122E+02          0.19409E-01
         0.38110E+02          0.19399E-01
         0.38098E+02          0.19390E-01
         0.38087E+02          0.19380E-01
         0.38075E+02          0.19370E-01
         0.38063E+02          0.19360E-01
         0.38052E+02          0.19350E-01
         0.38040E+02          0.19339E-01
         0.38028E+02          0.19329E-01
         0.38017E+02          0.19319E-01
         0.38005E+02          0.19308E-01
         0.37993E+02          0.19298E-01
         0.37982E+02          0.19287E-01
         0.37970E+02          0.19277E-01
         0.37959E+02          0.19266E-01
         0.37947E+02          0.19255E-01
         0.37935E+02          0.19244E-01
         0.37924E+02          0.19233E-01
         0.37912E+02          0.19222E-01
         0.37901E+02          0.19211E-01
         0.37889E+02          0.19200E-01
         0.37877E+02          0.19189E-01
         0.37866E+02          0.19177E-01
         0.37854E+02          0.19166E-01
         0.37843E+02          0.19154E-01
         0.37831E+02          0.19143E-01
         0.37820E+02          0.19132E-01
         0.37808E+02          0.19120E-01
         0.37797E+02          0.19109E-01
         0.37785E+02          0.19097E-01
         0.37773E+02          0.19085E-01
         0.37762E+02          0.19074E-01
         0.37750E+02          0.19062E-01
         0.37739E+02          0.19051E-01
         0.37728E+02          0.19039E-01
         0.37716E+02          0.19028E-01
         0.37705E+02          0.19017E-01
         0.37693E+02          0.19005E-01
         0.37682E+02          0.18994E-01
         0.37670E+02          0.18983E-01
         0.37659E+02          0.18972E-01
         0.37647E+02          0.18961E-01
         0.37636E+02          0.18951E-01
         0.37624E+02          0.18941E-01
         0.37613E+02          0.18930E-01
         0.37602E+02          0.18921E-01
         0.37590E+02          0.18911E-01
         0.37579E+02          0.18902E-01
         0.37567E+02          0.18894E-01
         0.37556E+02          0.18885E-01
         0.37545E+02          0.18878E-01
         0.37533E+02          0.18871E-01
         0.37522E+02          0.18864E-01
         0.37511E+02          0.18859E-01
         0.37499E+02          0.18854E-01
         0.37488E+02          0.18850E-01
         0.37477E+02          0.18847E-01
         0.37465E+02          0.18845E-01
         0.37454E+02          0.18845E-01
         0.37443E+02          0.18846E-01
         0.37431E+02          0.18849E-01
         0.37420E+02          0.18853E-01
         0.37409E+02          0.18860E-01
         0.37397E+02          0.18869E-01
         0.37386E+02          0.18880E-01
         0.37375E+02          0.18894E-01
         0.37364E+02          0.18912E-01
         0.37352E+02          0.18933E-01
         0.37341E+02          0.18958E-01
         0.37330E+02          0.18988E-01
         0.37319E+02          0.19024E-01
         0.37307E+02          0.19065E-01
         0.37296E+02          0.19114E-01
         0.37285E+02          0.19171E-01
         0.37274E+02          0.19237E-01
         0.37263E+02          0.19315E-01
         0.37251E+02          0.19405E-01
         0.37240E+02          0.19511E-01
         0.37229E+02          0.19636E-01
         0.37218E+02          0.19783E-01
         0.37207E+02          0.19958E-01
         0.37196E+02          0.20168E-01
         0.37184E+02          0.20422E-01
         0.37173E+02          0.20737E-01
         0.37162E+02          0.21140E-01
         0.37151E+02          0.21695E-01
         0.37140E+02          0.22523E-01
         0.37129E+02          0.23245E-01
         0.37118E+02          0.24175E-01
         0.37106E+02          0.25700E-01
         0.37095E+02          0.28131E-01
         0.37084E+02          0.32311E-01
         0.37073E+02          0.40561E-01
         0.37062E+02          0.60563E-01
         0.37051E+02          0.11598E+00
         0.37040E+02          0.11857E+00
         0.37029E+02          0.48953E-01
         0.37018E+02          0.29282E-01
         0.37007E+02          0.23718E-01
         0.36996E+02          0.22005E-01
         0.36985E+02          0.21685E-01
         0.36974E+02          0.22022E-01
         0.36963E+02          0.22757E-01
         0.36952E+02          0.23793E-01
         0.36941E+02          0.25075E-01
         0.36930E+02          0.26531E-01
         0.36919E+02          0.27994E-01
         0.36908E+02          0.29133E-01
         0.36897E+02          0.29455E-01
         0.36886E+02          0.28553E-01
         0.36875E+02          0.26532E-01
         0.36864E+02          0.24066E-01
         0.36853E+02          0.21896E-01
         0.36842E+02          0.20408E-01
         0.36831E+02          0.19657E-01
         0.36820E+02          0.19555E-01
         0.36809E+02          0.20001E-01
         0.36798E+02          0.20925E-01
         0.36787E+02          0.22299E-01
         0.36776E+02          0.24135E-01
         0.36765E+02          0.26476E-01
         0.36754E+02          0.29400E-01
         0.36744E+02          0.33018E-01
         0.36733E+02          0.37483E-01
         0.36722E+02          0.43007E-01
         0.36711E+02          0.49894E-01
         0.36700E+02          0.58635E-01
         0.36689E+02          0.70132E-01
         0.36678E+02          0.85707E-01
         0.36668E+02          0.10480E+00
         0.36657E+02          0.12301E+00
         0.36646E+02          0.13830E+00
         0.36635E+02          0.14984E+00
         0.36624E+02          0.15526E+00
         0.36613E+02          0.15301E+00
         0.36603E+02          0.14432E+00
         0.36592E+02          0.13241E+00
         0.36581E+02          0.12030E+00
         0.36570E+02          0.10957E+00
         0.36559E+02          0.10065E+00
         0.36549E+02          0.93382E-01
         0.36538E+02          0.87420E-01
         0.36527E+02          0.82443E-01
         0.36516E+02          0.78201E-01
         0.36506E+02          0.74512E-01
         0.36495E+02          0.71252E-01
         0.36484E+02          0.68336E-01
         0.36473E+02          0.65704E-01
         0.36463E+02          0.63313E-01
         0.36452E+02          0.61131E-01
         0.36441E+02          0.59132E-01
         0.36430E+02          0.57296E-01
         0.36420E+02          0.55606E-01
         0.36409E+02          0.54048E-01
         0.36398E+02          0.52608E-01
         0.36388E+02          0.51276E-01
         0.36377E+02          0.50041E-01
         0.36366E+02          0.48895E-01
         0.36356E+02          0.47830E-01
         0.36345E+02          0.46839E-01
         0.36334E+02          0.45914E-01
         0.36324E+02          0.45051E-01
         0.36313E+02          0.44245E-01
         0.36302E+02          0.43490E-01
         0.36292E+02          0.42782E-01
         0.36281E+02          0.42118E-01
         0.36271E+02          0.41493E-01
         0.36260E+02          0.40906E-01
         0.36249E+02          0.40352E-01
         0.36239E+02          0.39830E-01
         0.36228E+02          0.39337E-01
         0.36218E+02          0.38870E-01
         0.36207E+02          0.38429E-01
         0.36197E+02          0.38010E-01
         0.36186E+02          0.37613E-01
         0.36175E+02          0.37236E-01
         0.36165E+02          0.36877E-01
         0.36154E+02          0.36536E-01
         0.36144E+02          0.36211E-01
         0.36133E+02          0.35900E-01
         0.36123E+02          0.35604E-01
         0.36112E+02          0.35321E-01
         0.36102E+02          0.35050E-01
         0.36091E+02          0.34790E-01
         0.36081E+02          0.34541E-01
         0.36070E+02          0.34302E-01
         0.36060E+02          0.34073E-01
         0.36049E+02          0.33852E-01
         0.36039E+02          0.33639E-01
         0.36028E+02          0.33434E-01
         0.36018E+02          0.33236E-01
         0.36007E+02          0.33044E-01
         0.35997E+02          0.32858E-01
         0.35986E+02          0.32678E-01
         0.35976E+02          0.32503E-01
         0.35966E+02          0.32333E-01
         0.35955E+02          0.32166E-01
         0.35945E+02          0.32004E-01
         0.35934E+02          0.31844E-01
         0.35924E+02          0.31687E-01
         0.35913E+02          0.31531E-01
         0.35903E+02          0.31377E-01
         0.35893E+02          0.31224E-01
         0.35882E+02          0.31070E-01
         0.35872E+02          0.30914E-01
         0.35861E+02          0.30756E-01
         0.35851E+02          0.30593E-01
         0.35841E+02          0.30425E-01
         0.35830E+02          0.30247E-01
         0.35820E+02          0.30057E-01
         0.35810E+02          0.29850E-01
         0.35799E+02          0.29619E-01
         0.35789E+02          0.29359E-01
         0.35779E+02          0.29059E-01
         0.35768E+02          0.28717E-01
         0.35758E+02          0.28355E-01
         0.35748E+02          0.28074E-01
         0.35737E+02          0.28108E-01
         0.35727E+02          0.28635E-01
         0.35717E+02          0.29358E-01
         0.35707E+02          0.29850E-01
         0.35696E+02          0.30052E-01
         0.35686E+02          0.30073E-01
         0.35676E+02          0.30003E-01
         0.35665E+02          0.29889E-01
         0.35655E+02          0.29754E-01
         0.35645E+02          0.29607E-01
         0.35635E+02          0.29449E-01
         0.35624E+02          0.29279E-01
         0.35614E+02          0.29088E-01
         0.35604E+02          0.28858E-01
         0.35594E+02          0.28562E-01
         0.35584E+02          0.28336E-01
         0.35573E+02          0.25468E-01
         0.35563E+02          0.26839E-01
         0.35553E+02          0.27471E-01
         0.35543E+02          0.27818E-01
         0.35533E+02          0.27985E-01
         0.35522E+02          0.28119E-01
         0.35512E+02          0.28300E-01
         0.35502E+02          0.28563E-01
         0.35492E+02          0.28940E-01
         0.35482E+02          0.29462E-01
         0.35472E+02          0.30184E-01
         0.35461E+02          0.31190E-01
         0.35451E+02          0.31693E-01
         0.35441E+02          0.31303E-01
         0.35431E+02          0.31835E-01
         0.35421E+02          0.32554E-01
         0.35411E+02          0.33304E-01
         0.35401E+02          0.34071E-01
         0.35391E+02          0.34794E-01
         0.35381E+02          0.35343E-01
         0.35370E+02          0.35672E-01
         0.35360E+02          0.35865E-01
         0.35350E+02          0.36006E-01
         0.35340E+02          0.36122E-01
         0.35330E+02          0.36201E-01
         0.35320E+02          0.36196E-01
         0.35310E+02          0.36008E-01
         0.35300E+02          0.35440E-01
         0.35290E+02          0.34291E-01
         0.35280E+02          0.37523E-01
         0.35270E+02          0.40272E-01
         0.35260E+02          0.38074E-01
         0.35250E+02          0.37683E-01
         0.35240E+02          0.38482E-01
         0.35230E+02          0.39689E-01
         0.35220E+02          0.40860E-01
         0.35210E+02          0.41824E-01
         0.35200E+02          0.42046E-01
         0.35190E+02          0.42541E-01
         0.35180E+02          0.42465E-01
         0.35170E+02          0.42083E-01
         0.35160E+02          0.41487E-01
         0.35150E+02          0.40775E-01
         0.35140E+02          0.40038E-01
         0.35130E+02          0.39353E-01
         0.35120E+02          0.38768E-01
         0.35110E+02          0.38298E-01
         0.35100E+02          0.37968E-01
         0.35090E+02          0.37973E-01
         0.35080E+02          0.38607E-01
         0.35070E+02          0.37065E-01
         0.35060E+02          0.37652E-01
         0.35050E+02          0.37957E-01
         0.35041E+02          0.38554E-01
         0.35031E+02          0.39494E-01
         0.35021E+02          0.40918E-01
         0.35011E+02          0.43081E-01
         0.35001E+02          0.46460E-01
         0.34991E+02          0.52028E-01
         0.34981E+02          0.61971E-01
         0.34971E+02          0.81931E-01
         0.34961E+02          0.12882E+00
         0.34952E+02          0.24799E+00
         0.34942E+02          0.32398E+00
         0.34932E+02          0.15751E+00
         0.34922E+02          0.73260E-01
         0.34912E+02          0.34018E-01
         0.34902E+02          0.64364E-01
         0.34893E+02          0.86849E-01
         0.34883E+02          0.60090E-01
         0.34873E+02          0.52685E-01
         0.34863E+02          0.49551E-01
         0.34853E+02          0.48616E-01
         0.34844E+02          0.50043E-01
         0.34834E+02          0.48128E-01
         0.34824E+02          0.57542E-01
         0.34814E+02          0.67695E-01
         0.34804E+02          0.94645E-01
         0.34795E+02          0.19156E+00
         0.34785E+02          0.68432E+00
         0.34775E+02          0.15368E+00
         0.34765E+02          0.62146E-01
         0.34756E+02          0.57058E-01
         0.34746E+02          0.76467E-01
         0.34736E+02          0.59640E-01
         0.34726E+02          0.79669E-01
         0.34717E+02          0.56441E-01
         0.34707E+02          0.45024E-01
         0.34697E+02          0.39285E-01
         0.34688E+02          0.37720E-01
         0.34678E+02          0.35436E-01
         0.34668E+02          0.34145E-01
         0.34659E+02          0.33292E-01
         0.34649E+02          0.32696E-01
         0.34639E+02          0.32472E-01
         0.34629E+02          0.31804E-01
         0.34620E+02          0.31173E-01
         0.34610E+02          0.33637E-01
         0.34600E+02          0.32302E-01
         0.34591E+02          0.32341E-01
         0.34581E+02          0.32928E-01
         0.34572E+02          0.34878E-01
         0.34562E+02          0.44689E-01
         0.34552E+02          0.90975E-01
         0.34543E+02          0.48095E-01
         0.34533E+02          0.35671E-01
         0.34523E+02          0.33364E-01
         0.34514E+02          0.32411E-01
         0.34504E+02          0.31937E-01
         0.34495E+02          0.31749E-01
         0.34485E+02          0.31468E-01
         0.34475E+02          0.31359E-01
         0.34466E+02          0.31186E-01
         0.34456E+02          0.30487E-01
         0.34447E+02          0.31381E-01
         0.34437E+02          0.31659E-01
         0.34428E+02          0.35770E-01
         0.34418E+02          0.85858E-01
         0.34408E+02          0.41801E-01
         0.34399E+02          0.35586E-01
         0.34389E+02          0.34017E-01
         0.34380E+02          0.33332E-01
         0.34370E+02          0.32932E-01
         0.34361E+02          0.32808E-01
         0.34351E+02          0.31922E-01
         0.34342E+02          0.35465E-01
         0.34332E+02          0.53577E-01
         0.34323E+02          0.40127E-01
         0.34313E+02          0.38007E-01
         0.34304E+02          0.37727E-01
         0.34294E+02          0.34785E-01
         0.34285E+02          0.39897E-01
         0.34275E+02          0.57146E-01
         0.34266E+02          0.71791E-01
         0.34256E+02          0.18939E+00
         0.34247E+02          0.20119E+00
         0.34237E+02          0.97414E-01
         0.34228E+02          0.52878E-01
         0.34219E+02          0.53062E-01
         0.34209E+02          0.41338E-01
         0.34200E+02          0.43251E-01
         0.34190E+02          0.57583E-01
         0.34181E+02          0.11444E+00
         0.34171E+02          0.37527E-01
         0.34162E+02          0.65009E-01
         0.34153E+02          0.65746E-01
         0.34143E+02          0.32341E-01
         0.34134E+02          0.33321E-01
         0.34124E+02          0.36747E-01
         0.34115E+02          0.37295E-01
         0.34106E+02          0.35302E-01
         0.34096E+02          0.35775E-01
         0.34087E+02          0.32327E-01
         0.34077E+02          0.32137E-01
         0.34068E+02          0.31993E-01
         0.34059E+02          0.31884E-01
         0.34049E+02          0.31802E-01
         0.34040E+02          0.31746E-01
         0.34031E+02          0.31724E-01
         0.34021E+02          0.31749E-01
         0.34012E+02          0.31849E-01
         0.34003E+02          0.32079E-01
         0.33993E+02          0.32555E-01
         0.33984E+02          0.33144E-01
         0.33975E+02          0.29656E-01
         0.33965E+02          0.32047E-01
         0.33956E+02          0.37706E-01
         0.33947E+02          0.74462E-01
         0.33938E+02          0.13878E+00
         0.33928E+02          0.48661E-01
         0.33919E+02          0.43953E-01
         0.33910E+02          0.54920E-01
         0.33900E+02          0.24854E+00
         0.33891E+02          0.51562E-01
         0.33882E+02          0.35112E-01
         0.33873E+02          0.32182E-01
         0.33863E+02          0.31880E-01
         0.33854E+02          0.30739E-01
         0.33845E+02          0.31528E-01
         0.33836E+02          0.31824E-01
         0.33826E+02          0.33467E-01
         0.33817E+02          0.31617E-01
         0.33808E+02          0.32299E-01
         0.33799E+02          0.34707E-01
         0.33790E+02          0.40585E-01
         0.74229E+02          0.00000E+00
