         0.73787E+02          0.00000E+00
         0.73743E+02          0.00000E+00
         0.73699E+02          0.00000E+00
         0.73655E+02          0.00000E+00
         0.73612E+02          0.00000E+00
         0.73568E+02          0.00000E+00
         0.73524E+02          0.00000E+00
         0.73481E+02          0.00000E+00
         0.73437E+02          0.00000E+00
         0.73394E+02          0.00000E+00
         0.73350E+02          0.00000E+00
         0.73307E+02          0.00000E+00
         0.73264E+02          0.00000E+00
         0.73220E+02          0.00000E+00
         0.73177E+02          0.00000E+00
         0.73134E+02          0.00000E+00
         0.73091E+02          0.00000E+00
         0.73048E+02          0.00000E+00
         0.73005E+02          0.00000E+00
         0.72962E+02          0.00000E+00
         0.72919E+02          0.00000E+00
         0.72876E+02          0.00000E+00
         0.72833E+02          0.00000E+00
         0.72791E+02          0.00000E+00
         0.72748E+02          0.00000E+00
         0.72705E+02          0.00000E+00
         0.72663E+02          0.00000E+00
         0.72620E+02          0.00000E+00
         0.72578E+02          0.00000E+00
         0.72535E+02          0.00000E+00
         0.72493E+02          0.00000E+00
         0.72450E+02          0.00000E+00
         0.72408E+02          0.00000E+00
         0.72366E+02          0.00000E+00
         0.72323E+02          0.00000E+00
         0.72281E+02          0.00000E+00
         0.72239E+02          0.00000E+00
         0.72197E+02          0.00000E+00
         0.72155E+02          0.00000E+00
         0.72113E+02          0.00000E+00
         0.72071E+02          0.00000E+00
         0.72029E+02          0.00000E+00
         0.71988E+02          0.00000E+00
         0.71946E+02          0.00000E+00
         0.71904E+02          0.00000E+00
         0.71862E+02          0.00000E+00
         0.71821E+02          0.00000E+00
         0.71779E+02          0.11062E+02
         0.71738E+02          0.11043E+02
         0.71696E+02          0.11024E+02
         0.71655E+02          0.11006E+02
         0.71613E+02          0.10987E+02
         0.71572E+02          0.10969E+02
         0.71531E+02          0.10950E+02
         0.71489E+02          0.10932E+02
         0.71448E+02          0.10914E+02
         0.71407E+02          0.10895E+02
         0.71366E+02          0.10877E+02
         0.71325E+02          0.10859E+02
         0.71284E+02          0.10841E+02
         0.71243E+02          0.10823E+02
         0.71202E+02          0.10805E+02
         0.71161E+02          0.10787E+02
         0.71120E+02          0.10769E+02
         0.71080E+02          0.10751E+02
         0.71039E+02          0.10734E+02
         0.70998E+02          0.10716E+02
         0.70958E+02          0.10699E+02
         0.70917E+02          0.10681E+02
         0.70876E+02          0.10664E+02
         0.70836E+02          0.10646E+02
         0.70795E+02          0.10629E+02
         0.70755E+02          0.10612E+02
         0.70715E+02          0.10594E+02
         0.70674E+02          0.10577E+02
         0.70634E+02          0.10560E+02
         0.70594E+02          0.10543E+02
         0.70554E+02          0.10526E+02
         0.70514E+02          0.10509E+02
         0.70474E+02          0.10492E+02
         0.70434E+02          0.10475E+02
         0.70394E+02          0.10459E+02
         0.70354E+02          0.10442E+02
         0.70314E+02          0.10425E+02
         0.70274E+02          0.10409E+02
         0.70234E+02          0.10392E+02
         0.70194E+02          0.10376E+02
         0.70155E+02          0.10360E+02
         0.70115E+02          0.10343E+02
         0.70075E+02          0.10327E+02
         0.70036E+02          0.10311E+02
         0.69996E+02          0.10295E+02
         0.69957E+02          0.10279E+02
         0.69917E+02          0.10262E+02
         0.69878E+02          0.10247E+02
         0.69838E+02          0.10231E+02
         0.69799E+02          0.10215E+02
         0.69760E+02          0.10199E+02
         0.69721E+02          0.10183E+02
         0.69681E+02          0.10168E+02
         0.69642E+02          0.10152E+02
         0.69603E+02          0.10136E+02
         0.69564E+02          0.10121E+02
         0.69525E+02          0.10105E+02
         0.69486E+02          0.10090E+02
         0.69447E+02          0.10075E+02
         0.69408E+02          0.10059E+02
         0.69370E+02          0.10044E+02
         0.69331E+02          0.10029E+02
         0.69292E+02          0.10014E+02
         0.69253E+02          0.99988E+01
         0.69215E+02          0.99838E+01
         0.69176E+02          0.99689E+01
         0.69137E+02          0.99540E+01
         0.69099E+02          0.99392E+01
         0.69060E+02          0.99244E+01
         0.69022E+02          0.99097E+01
         0.68984E+02          0.98950E+01
         0.68945E+02          0.98804E+01
         0.68907E+02          0.98659E+01
         0.68869E+02          0.98514E+01
         0.68830E+02          0.98369E+01
         0.68792E+02          0.98225E+01
         0.68754E+02          0.98082E+01
         0.68716E+02          0.97939E+01
         0.68678E+02          0.97797E+01
         0.68640E+02          0.97656E+01
         0.68602E+02          0.97514E+01
         0.68564E+02          0.97374E+01
         0.68526E+02          0.97234E+01
         0.68488E+02          0.97094E+01
         0.68450E+02          0.96955E+01
         0.68413E+02          0.96817E+01
         0.68375E+02          0.96679E+01
         0.68337E+02          0.96541E+01
         0.68300E+02          0.96405E+01
         0.68262E+02          0.96268E+01
         0.68224E+02          0.96133E+01
         0.68187E+02          0.95997E+01
         0.68149E+02          0.95863E+01
         0.68112E+02          0.95728E+01
         0.68075E+02          0.95595E+01
         0.68037E+02          0.95462E+01
         0.68000E+02          0.95329E+01
         0.67963E+02          0.95197E+01
         0.67925E+02          0.95065E+01
         0.67888E+02          0.94934E+01
         0.67851E+02          0.94804E+01
         0.67814E+02          0.94674E+01
         0.67777E+02          0.94544E+01
         0.67740E+02          0.94415E+01
         0.67703E+02          0.94287E+01
         0.67666E+02          0.94159E+01
         0.67629E+02          0.94031E+01
         0.67592E+02          0.93905E+01
         0.67555E+02          0.93778E+01
         0.67518E+02          0.93652E+01
         0.67482E+02          0.93527E+01
         0.67445E+02          0.93402E+01
         0.67408E+02          0.93278E+01
         0.67372E+02          0.93154E+01
         0.67335E+02          0.93030E+01
         0.67299E+02          0.92908E+01
         0.67262E+02          0.92785E+01
         0.67226E+02          0.92663E+01
         0.67189E+02          0.92542E+01
         0.67153E+02          0.92421E+01
         0.67116E+02          0.92301E+01
         0.67080E+02          0.92181E+01
         0.67044E+02          0.92062E+01
         0.67008E+02          0.91943E+01
         0.66971E+02          0.91825E+01
         0.66935E+02          0.91707E+01
         0.66899E+02          0.91590E+01
         0.66863E+02          0.91473E+01
         0.66827E+02          0.91356E+01
         0.66791E+02          0.91241E+01
         0.66755E+02          0.91125E+01
         0.66719E+02          0.91010E+01
         0.66683E+02          0.90896E+01
         0.66647E+02          0.90782E+01
         0.66612E+02          0.90669E+01
         0.66576E+02          0.90556E+01
         0.66540E+02          0.90444E+01
         0.66504E+02          0.90332E+01
         0.66469E+02          0.90220E+01
         0.66433E+02          0.90109E+01
         0.66398E+02          0.89999E+01
         0.66362E+02          0.89889E+01
         0.66326E+02          0.89780E+01
         0.66291E+02          0.89671E+01
         0.66256E+02          0.89562E+01
         0.66220E+02          0.89454E+01
         0.66185E+02          0.89347E+01
         0.66150E+02          0.89240E+01
         0.66114E+02          0.89133E+01
         0.66079E+02          0.89027E+01
         0.66044E+02          0.88921E+01
         0.66009E+02          0.88816E+01
         0.65974E+02          0.88712E+01
         0.65938E+02          0.88608E+01
         0.65903E+02          0.88504E+01
         0.65868E+02          0.88401E+01
         0.65833E+02          0.88298E+01
         0.65798E+02          0.88196E+01
         0.65764E+02          0.88094E+01
         0.65729E+02          0.87993E+01
         0.65694E+02          0.87892E+01
         0.65659E+02          0.87792E+01
         0.65624E+02          0.87692E+01
         0.65590E+02          0.87592E+01
         0.65555E+02          0.87493E+01
         0.65520E+02          0.87395E+01
         0.65486E+02          0.87297E+01
         0.65451E+02          0.87200E+01
         0.65417E+02          0.87103E+01
         0.65382E+02          0.87006E+01
         0.65348E+02          0.86910E+01
         0.65313E+02          0.86814E+01
         0.65279E+02          0.86719E+01
         0.65244E+02          0.86625E+01
         0.65210E+02          0.86530E+01
         0.65176E+02          0.86437E+01
         0.65142E+02          0.86343E+01
         0.65107E+02          0.86251E+01
         0.65073E+02          0.86158E+01
         0.65039E+02          0.86067E+01
         0.65005E+02          0.85975E+01
         0.64971E+02          0.85884E+01
         0.64937E+02          0.85794E+01
         0.64903E+02          0.85704E+01
         0.64869E+02          0.85614E+01
         0.64835E+02          0.85525E+01
         0.64801E+02          0.85437E+01
         0.64767E+02          0.85349E+01
         0.64734E+02          0.85261E+01
         0.64700E+02          0.85174E+01
         0.64666E+02          0.85087E+01
         0.64632E+02          0.85001E+01
         0.64599E+02          0.84916E+01
         0.64565E+02          0.84830E+01
         0.64531E+02          0.84746E+01
         0.64498E+02          0.84661E+01
         0.64464E+02          0.84577E+01
         0.64431E+02          0.84494E+01
         0.64397E+02          0.84411E+01
         0.64364E+02          0.84329E+01
         0.64330E+02          0.84247E+01
         0.64297E+02          0.84166E+01
         0.64264E+02          0.84085E+01
         0.64230E+02          0.84004E+01
         0.64197E+02          0.83924E+01
         0.64164E+02          0.83845E+01
         0.64131E+02          0.83766E+01
         0.64098E+02          0.83687E+01
         0.64065E+02          0.83609E+01
         0.64031E+02          0.83532E+01
         0.63998E+02          0.83455E+01
         0.63965E+02          0.83378E+01
         0.63932E+02          0.83302E+01
         0.63899E+02          0.83227E+01
         0.63867E+02          0.83152E+01
         0.63834E+02          0.83077E+01
         0.63801E+02          0.83003E+01
         0.63768E+02          0.82930E+01
         0.63735E+02          0.82857E+01
         0.63702E+02          0.82784E+01
         0.63670E+02          0.82712E+01
         0.63637E+02          0.82641E+01
         0.63604E+02          0.82570E+01
         0.63572E+02          0.82500E+01
         0.63539E+02          0.82430E+01
         0.63507E+02          0.82361E+01
         0.63474E+02          0.82293E+01
         0.63442E+02          0.82225E+01
         0.63409E+02          0.82157E+01
         0.63377E+02          0.82090E+01
         0.63344E+02          0.82024E+01
         0.63312E+02          0.81958E+01
         0.63280E+02          0.81893E+01
         0.63248E+02          0.81829E+01
         0.63215E+02          0.81765E+01
         0.63183E+02          0.81702E+01
         0.63151E+02          0.81640E+01
         0.63119E+02          0.81578E+01
         0.63087E+02          0.81517E+01
         0.63055E+02          0.81457E+01
         0.63022E+02          0.81397E+01
         0.62990E+02          0.81338E+01
         0.62958E+02          0.81280E+01
         0.62927E+02          0.81223E+01
         0.62895E+02          0.81167E+01
         0.62863E+02          0.81111E+01
         0.62831E+02          0.81056E+01
         0.62799E+02          0.81003E+01
         0.62767E+02          0.80950E+01
         0.62735E+02          0.80898E+01
         0.62704E+02          0.80847E+01
         0.62672E+02          0.80798E+01
         0.62640E+02          0.80749E+01
         0.62609E+02          0.80702E+01
         0.62577E+02          0.80655E+01
         0.62546E+02          0.80610E+01
         0.62514E+02          0.80567E+01
         0.62483E+02          0.80525E+01
         0.62451E+02          0.80484E+01
         0.62420E+02          0.80445E+01
         0.62388E+02          0.80408E+01
         0.62357E+02          0.80372E+01
         0.62325E+02          0.80339E+01
         0.62294E+02          0.80307E+01
         0.62263E+02          0.80278E+01
         0.62232E+02          0.80252E+01
         0.62200E+02          0.80227E+01
         0.62169E+02          0.80206E+01
         0.62138E+02          0.80188E+01
         0.62107E+02          0.80173E+01
         0.62076E+02          0.80161E+01
         0.62045E+02          0.80154E+01
         0.62014E+02          0.80151E+01
         0.61983E+02          0.80152E+01
         0.61952E+02          0.80159E+01
         0.61921E+02          0.80171E+01
         0.61890E+02          0.80190E+01
         0.61859E+02          0.80215E+01
         0.61828E+02          0.80248E+01
         0.61797E+02          0.80288E+01
         0.61767E+02          0.80336E+01
         0.61736E+02          0.80392E+01
         0.61705E+02          0.80455E+01
         0.61674E+02          0.80521E+01
         0.61644E+02          0.80586E+01
         0.61613E+02          0.80638E+01
         0.61583E+02          0.80652E+01
         0.61552E+02          0.80581E+01
         0.61521E+02          0.80332E+01
         0.61491E+02          0.79717E+01
         0.61460E+02          0.78387E+01
         0.61430E+02          0.75821E+01
         0.61400E+02          0.71768E+01
         0.61369E+02          0.67421E+01
         0.61339E+02          0.65074E+01
         0.61308E+02          0.65180E+01
         0.61278E+02          0.66464E+01
         0.61248E+02          0.67932E+01
         0.61218E+02          0.69216E+01
         0.61187E+02          0.70254E+01
         0.61157E+02          0.71076E+01
         0.61127E+02          0.71725E+01
         0.61097E+02          0.72241E+01
         0.61067E+02          0.72655E+01
         0.61037E+02          0.72990E+01
         0.61007E+02          0.73264E+01
         0.60977E+02          0.73489E+01
         0.60947E+02          0.73676E+01
         0.60917E+02          0.73831E+01
         0.60887E+02          0.73960E+01
         0.60857E+02          0.74068E+01
         0.60827E+02          0.74159E+01
         0.60797E+02          0.74234E+01
         0.60768E+02          0.74297E+01
         0.60738E+02          0.74349E+01
         0.60708E+02          0.74391E+01
         0.60678E+02          0.74426E+01
         0.60649E+02          0.74454E+01
         0.60619E+02          0.74475E+01
         0.60589E+02          0.74492E+01
         0.60560E+02          0.74503E+01
         0.60530E+02          0.74511E+01
         0.60501E+02          0.74515E+01
         0.60471E+02          0.74516E+01
         0.60442E+02          0.74513E+01
         0.60412E+02          0.74509E+01
         0.60383E+02          0.74502E+01
         0.60353E+02          0.74493E+01
         0.60324E+02          0.74482E+01
         0.60295E+02          0.74470E+01
         0.60265E+02          0.74456E+01
         0.60236E+02          0.74441E+01
         0.60207E+02          0.74425E+01
         0.60178E+02          0.74408E+01
         0.60148E+02          0.74390E+01
         0.60119E+02          0.74372E+01
         0.60090E+02          0.74353E+01
         0.60061E+02          0.74334E+01
         0.60032E+02          0.74315E+01
         0.60003E+02          0.74295E+01
         0.59974E+02          0.74276E+01
         0.59945E+02          0.74256E+01
         0.59916E+02          0.74237E+01
         0.59887E+02          0.74219E+01
         0.59858E+02          0.74201E+01
         0.59829E+02          0.74184E+01
         0.59800E+02          0.74169E+01
         0.59772E+02          0.74154E+01
         0.59743E+02          0.74142E+01
         0.59714E+02          0.74132E+01
         0.59685E+02          0.74124E+01
         0.59656E+02          0.74120E+01
         0.59628E+02          0.74119E+01
         0.59599E+02          0.74124E+01
         0.59570E+02          0.74134E+01
         0.59542E+02          0.74150E+01
         0.59513E+02          0.74174E+01
         0.59485E+02          0.74205E+01
         0.59456E+02          0.74240E+01
         0.59428E+02          0.74265E+01
         0.59399E+02          0.74242E+01
         0.59371E+02          0.74062E+01
         0.59342E+02          0.73508E+01
         0.59314E+02          0.72491E+01
         0.59286E+02          0.71613E+01
         0.59257E+02          0.71369E+01
         0.59229E+02          0.71480E+01
         0.59201E+02          0.71664E+01
         0.59172E+02          0.71827E+01
         0.59144E+02          0.71953E+01
         0.59116E+02          0.72046E+01
         0.59088E+02          0.72113E+01
         0.59060E+02          0.72159E+01
         0.59032E+02          0.72191E+01
         0.59004E+02          0.72210E+01
         0.58975E+02          0.72221E+01
         0.58947E+02          0.72224E+01
         0.58919E+02          0.72222E+01
         0.58891E+02          0.72215E+01
         0.58863E+02          0.72204E+01
         0.58836E+02          0.72190E+01
         0.58808E+02          0.72173E+01
         0.58780E+02          0.72153E+01
         0.58752E+02          0.72132E+01
         0.58724E+02          0.72109E+01
         0.58696E+02          0.72085E+01
         0.58668E+02          0.72059E+01
         0.58641E+02          0.72033E+01
         0.58613E+02          0.72005E+01
         0.58585E+02          0.71976E+01
         0.58558E+02          0.71947E+01
         0.58530E+02          0.71917E+01
         0.58502E+02          0.71886E+01
         0.58475E+02          0.71855E+01
         0.58447E+02          0.71824E+01
         0.58420E+02          0.71791E+01
         0.58392E+02          0.71759E+01
         0.58365E+02          0.71726E+01
         0.58337E+02          0.71693E+01
         0.58310E+02          0.71659E+01
         0.58282E+02          0.71626E+01
         0.58255E+02          0.71592E+01
         0.58228E+02          0.71557E+01
         0.58200E+02          0.71523E+01
         0.58173E+02          0.71488E+01
         0.58146E+02          0.71453E+01
         0.58118E+02          0.71418E+01
         0.58091E+02          0.71383E+01
         0.58064E+02          0.71348E+01
         0.58037E+02          0.71312E+01
         0.58010E+02          0.71277E+01
         0.57983E+02          0.71241E+01
         0.57955E+02          0.71205E+01
         0.57928E+02          0.71170E+01
         0.57901E+02          0.71134E+01
         0.57874E+02          0.71098E+01
         0.57847E+02          0.71062E+01
         0.57820E+02          0.71025E+01
         0.57793E+02          0.70989E+01
         0.57766E+02          0.70953E+01
         0.57740E+02          0.70917E+01
         0.57713E+02          0.70880E+01
         0.57686E+02          0.70844E+01
         0.57659E+02          0.70808E+01
         0.57632E+02          0.70771E+01
         0.57605E+02          0.70735E+01
         0.57579E+02          0.70698E+01
         0.57552E+02          0.70662E+01
         0.57525E+02          0.70625E+01
         0.57499E+02          0.70589E+01
         0.57472E+02          0.70552E+01
         0.57445E+02          0.70515E+01
         0.57419E+02          0.70479E+01
         0.57392E+02          0.70442E+01
         0.57365E+02          0.70406E+01
         0.57339E+02          0.70369E+01
         0.57312E+02          0.70333E+01
         0.57286E+02          0.70296E+01
         0.57260E+02          0.70259E+01
         0.57233E+02          0.70223E+01
         0.57207E+02          0.70186E+01
         0.57180E+02          0.70150E+01
         0.57154E+02          0.70113E+01
         0.57128E+02          0.70077E+01
         0.57101E+02          0.70040E+01
         0.57075E+02          0.70004E+01
         0.57049E+02          0.69968E+01
         0.57023E+02          0.69931E+01
         0.56996E+02          0.69895E+01
         0.56970E+02          0.69859E+01
         0.56944E+02          0.69822E+01
         0.56918E+02          0.69786E+01
         0.56892E+02          0.69750E+01
         0.56866E+02          0.69714E+01
         0.56840E+02          0.69678E+01
         0.56813E+02          0.69642E+01
         0.56787E+02          0.69606E+01
         0.56761E+02          0.69570E+01
         0.56735E+02          0.69534E+01
         0.56710E+02          0.69498E+01
         0.56684E+02          0.69462E+01
         0.56658E+02          0.69426E+01
         0.56632E+02          0.69391E+01
         0.56606E+02          0.69355E+01
         0.56580E+02          0.69320E+01
         0.56554E+02          0.69284E+01
         0.56529E+02          0.69249E+01
         0.56503E+02          0.69214E+01
         0.56477E+02          0.69178E+01
         0.56451E+02          0.69143E+01
         0.56426E+02          0.69108E+01
         0.56400E+02          0.69073E+01
         0.56374E+02          0.69039E+01
         0.56349E+02          0.69004E+01
         0.56323E+02          0.68970E+01
         0.56298E+02          0.68935E+01
         0.56272E+02          0.68901E+01
         0.56246E+02          0.68867E+01
         0.56221E+02          0.68833E+01
         0.56195E+02          0.68799E+01
         0.56170E+02          0.68765E+01
         0.56145E+02          0.68732E+01
         0.56119E+02          0.68698E+01
         0.56094E+02          0.68665E+01
         0.56068E+02          0.68632E+01
         0.56043E+02          0.68600E+01
         0.56018E+02          0.68567E+01
         0.55992E+02          0.68535E+01
         0.55967E+02          0.68503E+01
         0.55942E+02          0.68471E+01
         0.55917E+02          0.68439E+01
         0.55891E+02          0.68408E+01
         0.55866E+02          0.68377E+01
         0.55841E+02          0.68347E+01
         0.55816E+02          0.68316E+01
         0.55791E+02          0.68286E+01
         0.55766E+02          0.68257E+01
         0.55741E+02          0.68228E+01
         0.55716E+02          0.68198E+01
         0.55691E+02          0.68170E+01
         0.55666E+02          0.68141E+01
         0.55641E+02          0.68113E+01
         0.55616E+02          0.68084E+01
         0.55591E+02          0.68055E+01
         0.55566E+02          0.68025E+01
         0.55541E+02          0.67994E+01
         0.55516E+02          0.67960E+01
         0.55491E+02          0.67921E+01
         0.55466E+02          0.67875E+01
         0.55442E+02          0.67815E+01
         0.55417E+02          0.67733E+01
         0.55392E+02          0.67610E+01
         0.55367E+02          0.67407E+01
         0.55343E+02          0.67047E+01
         0.55318E+02          0.66343E+01
         0.55293E+02          0.64838E+01
         0.55269E+02          0.61539E+01
         0.55244E+02          0.56355E+01
         0.55219E+02          0.55356E+01
         0.55195E+02          0.58873E+01
         0.55170E+02          0.61715E+01
         0.55146E+02          0.63362E+01
         0.55121E+02          0.64320E+01
         0.55097E+02          0.64910E+01
         0.55072E+02          0.65292E+01
         0.55048E+02          0.65550E+01
         0.55023E+02          0.65731E+01
         0.54999E+02          0.65859E+01
         0.54975E+02          0.65952E+01
         0.54950E+02          0.66020E+01
         0.54926E+02          0.66068E+01
         0.54901E+02          0.66103E+01
         0.54877E+02          0.66127E+01
         0.54853E+02          0.66142E+01
         0.54829E+02          0.66150E+01
         0.54804E+02          0.66153E+01
         0.54780E+02          0.66152E+01
         0.54756E+02          0.66147E+01
         0.54732E+02          0.66138E+01
         0.54708E+02          0.66128E+01
         0.54684E+02          0.66115E+01
         0.54659E+02          0.66100E+01
         0.54635E+02          0.66084E+01
         0.54611E+02          0.66066E+01
         0.54587E+02          0.66047E+01
         0.54563E+02          0.66027E+01
         0.54539E+02          0.66007E+01
         0.54515E+02          0.65985E+01
         0.54491E+02          0.65963E+01
         0.54467E+02          0.65941E+01
         0.54443E+02          0.65918E+01
         0.54420E+02          0.65894E+01
         0.54396E+02          0.65871E+01
         0.54372E+02          0.65847E+01
         0.54348E+02          0.65822E+01
         0.54324E+02          0.65798E+01
         0.54300E+02          0.65773E+01
         0.54277E+02          0.65749E+01
         0.54253E+02          0.65724E+01
         0.54229E+02          0.65699E+01
         0.54205E+02          0.65675E+01
         0.54182E+02          0.65650E+01
         0.54158E+02          0.65625E+01
         0.54134E+02          0.65601E+01
         0.54111E+02          0.65576E+01
         0.54087E+02          0.65552E+01
         0.54064E+02          0.65528E+01
         0.54040E+02          0.65504E+01
         0.54016E+02          0.65481E+01
         0.53993E+02          0.65458E+01
         0.53969E+02          0.65435E+01
         0.53946E+02          0.65412E+01
         0.53923E+02          0.65390E+01
         0.53899E+02          0.65369E+01
         0.53876E+02          0.65348E+01
         0.53852E+02          0.65327E+01
         0.53829E+02          0.65307E+01
         0.53806E+02          0.65288E+01
         0.53782E+02          0.65270E+01
         0.53759E+02          0.65252E+01
         0.53736E+02          0.65236E+01
         0.53712E+02          0.65220E+01
         0.53689E+02          0.65205E+01
         0.53666E+02          0.65192E+01
         0.53643E+02          0.65181E+01
         0.53619E+02          0.65170E+01
         0.53596E+02          0.65162E+01
         0.53573E+02          0.65155E+01
         0.53550E+02          0.65151E+01
         0.53527E+02          0.65150E+01
         0.53504E+02          0.65151E+01
         0.53481E+02          0.65155E+01
         0.53458E+02          0.65164E+01
         0.53434E+02          0.65176E+01
         0.53411E+02          0.65194E+01
         0.53388E+02          0.65218E+01
         0.53365E+02          0.65249E+01
         0.53343E+02          0.65289E+01
         0.53320E+02          0.65338E+01
         0.53297E+02          0.65400E+01
         0.53274E+02          0.65476E+01
         0.53251E+02          0.65570E+01
         0.53228E+02          0.65686E+01
         0.53205E+02          0.65826E+01
         0.53182E+02          0.65992E+01
         0.53160E+02          0.66176E+01
         0.53137E+02          0.66344E+01
         0.53114E+02          0.66384E+01
         0.53091E+02          0.65982E+01
         0.53069E+02          0.64579E+01
         0.53046E+02          0.62225E+01
         0.53023E+02          0.60495E+01
         0.53000E+02          0.60076E+01
         0.52978E+02          0.60304E+01
         0.52955E+02          0.60676E+01
         0.52933E+02          0.61023E+01
         0.52910E+02          0.61310E+01
         0.52887E+02          0.61539E+01
         0.52865E+02          0.61720E+01
         0.52842E+02          0.61864E+01
         0.52820E+02          0.61979E+01
         0.52797E+02          0.62071E+01
         0.52775E+02          0.62145E+01
         0.52752E+02          0.62204E+01
         0.52730E+02          0.62251E+01
         0.52708E+02          0.62288E+01
         0.52685E+02          0.62318E+01
         0.52663E+02          0.62340E+01
         0.52640E+02          0.62357E+01
         0.52618E+02          0.62369E+01
         0.52596E+02          0.62377E+01
         0.52573E+02          0.62381E+01
         0.52551E+02          0.62383E+01
         0.52529E+02          0.62381E+01
         0.52507E+02          0.62377E+01
         0.52484E+02          0.62371E+01
         0.52462E+02          0.62363E+01
         0.52440E+02          0.62354E+01
         0.52418E+02          0.62343E+01
         0.52396E+02          0.62330E+01
         0.52374E+02          0.62317E+01
         0.52351E+02          0.62302E+01
         0.52329E+02          0.62287E+01
         0.52307E+02          0.62270E+01
         0.52285E+02          0.62253E+01
         0.52263E+02          0.62235E+01
         0.52241E+02          0.62216E+01
         0.52219E+02          0.62197E+01
         0.52197E+02          0.62177E+01
         0.52175E+02          0.62157E+01
         0.52153E+02          0.62136E+01
         0.52131E+02          0.62114E+01
         0.52109E+02          0.62093E+01
         0.52088E+02          0.62070E+01
         0.52066E+02          0.62048E+01
         0.52044E+02          0.62025E+01
         0.52022E+02          0.62002E+01
         0.52000E+02          0.61978E+01
         0.51978E+02          0.61955E+01
         0.51957E+02          0.61931E+01
         0.51935E+02          0.61906E+01
         0.51913E+02          0.61882E+01
         0.51891E+02          0.61857E+01
         0.51870E+02          0.61832E+01
         0.51848E+02          0.61807E+01
         0.51826E+02          0.61782E+01
         0.51805E+02          0.61757E+01
         0.51783E+02          0.61731E+01
         0.51761E+02          0.61705E+01
         0.51740E+02          0.61679E+01
         0.51718E+02          0.61653E+01
         0.51697E+02          0.61627E+01
         0.51675E+02          0.61600E+01
         0.51654E+02          0.61574E+01
         0.51632E+02          0.61547E+01
         0.51611E+02          0.61520E+01
         0.51589E+02          0.61493E+01
         0.51568E+02          0.61466E+01
         0.51546E+02          0.61439E+01
         0.51525E+02          0.61412E+01
         0.51503E+02          0.61384E+01
         0.51482E+02          0.61357E+01
         0.51461E+02          0.61329E+01
         0.51439E+02          0.61301E+01
         0.51418E+02          0.61273E+01
         0.51397E+02          0.61245E+01
         0.51375E+02          0.61216E+01
         0.51354E+02          0.61188E+01
         0.51333E+02          0.61159E+01
         0.51312E+02          0.61131E+01
         0.51290E+02          0.61102E+01
         0.51269E+02          0.61072E+01
         0.51248E+02          0.61043E+01
         0.51227E+02          0.61014E+01
         0.51206E+02          0.60984E+01
         0.51184E+02          0.60954E+01
         0.51163E+02          0.60924E+01
         0.51142E+02          0.60894E+01
         0.51121E+02          0.60863E+01
         0.51100E+02          0.60832E+01
         0.51079E+02          0.60801E+01
         0.51058E+02          0.60770E+01
         0.51037E+02          0.60738E+01
         0.51016E+02          0.60706E+01
         0.50995E+02          0.60674E+01
         0.50974E+02          0.60641E+01
         0.50953E+02          0.60608E+01
         0.50932E+02          0.60574E+01
         0.50911E+02          0.60540E+01
         0.50890E+02          0.60506E+01
         0.50869E+02          0.60471E+01
         0.50849E+02          0.60435E+01
         0.50828E+02          0.60399E+01
         0.50807E+02          0.60363E+01
         0.50786E+02          0.60326E+01
         0.50765E+02          0.60289E+01
         0.50744E+02          0.60255E+01
         0.50724E+02          0.60225E+01
         0.50703E+02          0.60209E+01
         0.50682E+02          0.60239E+01
         0.50662E+02          0.60404E+01
         0.50641E+02          0.60606E+01
         0.50620E+02          0.60392E+01
         0.50600E+02          0.60177E+01
         0.50579E+02          0.60043E+01
         0.50558E+02          0.59946E+01
         0.50538E+02          0.59862E+01
         0.50517E+02          0.59784E+01
         0.50496E+02          0.59706E+01
         0.50476E+02          0.59625E+01
         0.50455E+02          0.59538E+01
         0.50435E+02          0.59444E+01
         0.50414E+02          0.59340E+01
         0.50394E+02          0.59221E+01
         0.50373E+02          0.59084E+01
         0.50353E+02          0.58922E+01
         0.50332E+02          0.58726E+01
         0.50312E+02          0.58484E+01
         0.50292E+02          0.58183E+01
         0.50271E+02          0.57846E+01
         0.50251E+02          0.57771E+01
         0.50231E+02          0.60585E+01
         0.50210E+02          0.69912E+01
         0.50190E+02          0.67392E+01
         0.50170E+02          0.64589E+01
         0.50149E+02          0.63189E+01
         0.50129E+02          0.62424E+01
         0.50109E+02          0.61955E+01
         0.50088E+02          0.61616E+01
         0.50068E+02          0.61318E+01
         0.50048E+02          0.61040E+01
         0.50028E+02          0.60794E+01
         0.50008E+02          0.60583E+01
         0.49988E+02          0.60397E+01
         0.49967E+02          0.60226E+01
         0.49947E+02          0.60059E+01
         0.49927E+02          0.59883E+01
         0.49907E+02          0.59679E+01
         0.49887E+02          0.59412E+01
         0.49867E+02          0.58993E+01
         0.49847E+02          0.58118E+01
         0.49827E+02          0.55065E+01
         0.49807E+02          0.61301E+01
         0.49787E+02          0.61448E+01
         0.49767E+02          0.60928E+01
         0.49747E+02          0.60626E+01
         0.49727E+02          0.60427E+01
         0.49707E+02          0.60281E+01
         0.49687E+02          0.60167E+01
         0.49667E+02          0.60072E+01
         0.49647E+02          0.59991E+01
         0.49627E+02          0.59919E+01
         0.49607E+02          0.59854E+01
         0.49588E+02          0.59794E+01
         0.49568E+02          0.59738E+01
         0.49548E+02          0.59686E+01
         0.49528E+02          0.59637E+01
         0.49508E+02          0.59589E+01
         0.49489E+02          0.59544E+01
         0.49469E+02          0.59500E+01
         0.49449E+02          0.59458E+01
         0.49429E+02          0.59416E+01
         0.49410E+02          0.59376E+01
         0.49390E+02          0.59337E+01
         0.49370E+02          0.59298E+01
         0.49351E+02          0.59260E+01
         0.49331E+02          0.59223E+01
         0.49312E+02          0.59187E+01
         0.49292E+02          0.59151E+01
         0.49272E+02          0.59116E+01
         0.49253E+02          0.59083E+01
         0.49233E+02          0.59050E+01
         0.49214E+02          0.59020E+01
         0.49194E+02          0.58993E+01
         0.49175E+02          0.58971E+01
         0.49155E+02          0.58959E+01
         0.49136E+02          0.58969E+01
         0.49116E+02          0.58939E+01
         0.49097E+02          0.58014E+01
         0.49077E+02          0.58406E+01
         0.49058E+02          0.58475E+01
         0.49038E+02          0.58475E+01
         0.49019E+02          0.58451E+01
         0.49000E+02          0.58414E+01
         0.48980E+02          0.58368E+01
         0.48961E+02          0.58313E+01
         0.48942E+02          0.58248E+01
         0.48922E+02          0.58170E+01
         0.48903E+02          0.58078E+01
         0.48884E+02          0.57965E+01
         0.48865E+02          0.57778E+01
         0.48845E+02          0.57492E+01
         0.48826E+02          0.56932E+01
         0.48807E+02          0.55300E+01
         0.48788E+02          0.64856E+01
         0.48768E+02          0.63139E+01
         0.48749E+02          0.59300E+01
         0.48730E+02          0.58951E+01
         0.48711E+02          0.58764E+01
         0.48692E+02          0.58632E+01
         0.48673E+02          0.58531E+01
         0.48654E+02          0.58447E+01
         0.48635E+02          0.58374E+01
         0.48615E+02          0.58309E+01
         0.48596E+02          0.58249E+01
         0.48577E+02          0.58194E+01
         0.48558E+02          0.58141E+01
         0.48539E+02          0.58090E+01
         0.48520E+02          0.58041E+01
         0.48501E+02          0.57993E+01
         0.48482E+02          0.57946E+01
         0.48463E+02          0.57900E+01
         0.48444E+02          0.57853E+01
         0.48426E+02          0.57807E+01
         0.48407E+02          0.57761E+01
         0.48388E+02          0.57715E+01
         0.48369E+02          0.57668E+01
         0.48350E+02          0.57620E+01
         0.48331E+02          0.57572E+01
         0.48312E+02          0.57524E+01
         0.48294E+02          0.57474E+01
         0.48275E+02          0.57423E+01
         0.48256E+02          0.57371E+01
         0.48237E+02          0.57318E+01
         0.48218E+02          0.57262E+01
         0.48200E+02          0.57205E+01
         0.48181E+02          0.57146E+01
         0.48162E+02          0.57084E+01
         0.48144E+02          0.57020E+01
         0.48125E+02          0.56952E+01
         0.48106E+02          0.56880E+01
         0.48087E+02          0.56804E+01
         0.48069E+02          0.56723E+01
         0.48050E+02          0.56636E+01
         0.48032E+02          0.56541E+01
         0.48013E+02          0.56432E+01
         0.47994E+02          0.56288E+01
         0.47976E+02          0.56047E+01
         0.47957E+02          0.55757E+01
         0.47939E+02          0.55533E+01
         0.47920E+02          0.55293E+01
         0.47902E+02          0.54979E+01
         0.47883E+02          0.54549E+01
         0.47865E+02          0.53935E+01
         0.47846E+02          0.53005E+01
         0.47828E+02          0.51481E+01
         0.47809E+02          0.48778E+01
         0.47791E+02          0.44358E+01
         0.47773E+02          0.43538E+01
         0.47754E+02          0.50816E+01
         0.47736E+02          0.55646E+01
         0.47717E+02          0.56922E+01
         0.47699E+02          0.57237E+01
         0.47681E+02          0.57353E+01
         0.47662E+02          0.57291E+01
         0.47644E+02          0.57019E+01
         0.47626E+02          0.56791E+01
         0.47607E+02          0.56598E+01
         0.47589E+02          0.56484E+01
         0.47571E+02          0.60762E+01
         0.47553E+02          0.57805E+01
         0.47534E+02          0.57104E+01
         0.47516E+02          0.56723E+01
         0.47498E+02          0.56262E+01
         0.47480E+02          0.55958E+01
         0.47462E+02          0.55514E+01
         0.47443E+02          0.54827E+01
         0.47425E+02          0.58569E+01
         0.47407E+02          0.54480E+01
         0.47389E+02          0.50518E+01
         0.47371E+02          0.42868E+01
         0.47353E+02          0.54709E+01
         0.47335E+02          0.56193E+01
         0.47317E+02          0.56033E+01
         0.47299E+02          0.57500E+01
         0.47281E+02          0.62307E+01
         0.47263E+02          0.60420E+01
         0.47245E+02          0.58280E+01
         0.47227E+02          0.57166E+01
         0.47209E+02          0.56383E+01
         0.47191E+02          0.55662E+01
         0.47173E+02          0.54846E+01
         0.47155E+02          0.53737E+01
         0.47137E+02          0.51583E+01
         0.47119E+02          0.49147E+01
         0.47101E+02          0.48376E+01
         0.47083E+02          0.57653E+01
         0.47065E+02          0.59738E+01
         0.47047E+02          0.57279E+01
         0.47030E+02          0.56651E+01
         0.47012E+02          0.55248E+01
         0.46994E+02          0.53004E+01
         0.46976E+02          0.49434E+01
         0.46958E+02          0.46027E+01
         0.46941E+02          0.47845E+01
         0.46923E+02          0.51977E+01
         0.46905E+02          0.54414E+01
         0.46887E+02          0.55266E+01
         0.46870E+02          0.57139E+01
         0.46852E+02          0.57014E+01
         0.46834E+02          0.57034E+01
         0.46816E+02          0.57736E+01
         0.46799E+02          0.57402E+01
         0.46781E+02          0.55356E+01
         0.46763E+02          0.56526E+01
         0.46746E+02          0.56987E+01
         0.46728E+02          0.56636E+01
         0.46711E+02          0.56279E+01
         0.46693E+02          0.55576E+01
         0.46675E+02          0.50237E+01
         0.46658E+02          0.49575E+01
         0.46640E+02          0.55070E+01
         0.46623E+02          0.56618E+01
         0.46605E+02          0.57691E+01
         0.46588E+02          0.56348E+01
         0.46570E+02          0.50788E+01
         0.46553E+02          0.52591E+01
         0.46535E+02          0.54837E+01
         0.46518E+02          0.54881E+01
         0.46500E+02          0.56059E+01
         0.46483E+02          0.60333E+01
         0.46466E+02          0.54661E+01
         0.46448E+02          0.55364E+01
         0.46431E+02          0.59137E+01
         0.46413E+02          0.56661E+01
         0.46396E+02          0.55090E+01
         0.46379E+02          0.55951E+01
         0.46361E+02          0.56165E+01
         0.46344E+02          0.55392E+01
         0.46327E+02          0.56245E+01
         0.46309E+02          0.55293E+01
         0.46292E+02          0.55645E+01
         0.46275E+02          0.55647E+01
         0.46257E+02          0.55439E+01
         0.46240E+02          0.55452E+01
         0.46223E+02          0.56381E+01
         0.46206E+02          0.55473E+01
         0.46189E+02          0.53424E+01
         0.46171E+02          0.55833E+01
         0.46154E+02          0.56094E+01
         0.46137E+02          0.56197E+01
         0.46120E+02          0.54734E+01
         0.46103E+02          0.54708E+01
         0.46086E+02          0.54646E+01
         0.46068E+02          0.54521E+01
         0.46051E+02          0.54353E+01
         0.46034E+02          0.55255E+01
         0.46017E+02          0.51605E+01
         0.46000E+02          0.54978E+01
         0.45983E+02          0.54850E+01
         0.45966E+02          0.54756E+01
         0.45949E+02          0.54694E+01
         0.45932E+02          0.54644E+01
         0.45915E+02          0.54594E+01
         0.45898E+02          0.54547E+01
         0.45881E+02          0.54501E+01
         0.45864E+02          0.54536E+01
         0.45847E+02          0.54378E+01
         0.45830E+02          0.54290E+01
         0.45813E+02          0.54253E+01
         0.45796E+02          0.55403E+01
         0.45779E+02          0.54813E+01
         0.45762E+02          0.53764E+01
         0.45745E+02          0.54173E+01
         0.45729E+02          0.54265E+01
         0.45712E+02          0.53998E+01
         0.45695E+02          0.53938E+01
         0.45678E+02          0.53255E+01
         0.45661E+02          0.53905E+01
         0.45644E+02          0.53574E+01
         0.45628E+02          0.54115E+01
         0.45611E+02          0.53918E+01
         0.45594E+02          0.53772E+01
         0.45577E+02          0.53577E+01
         0.45561E+02          0.53213E+01
         0.45544E+02          0.53689E+01
         0.45527E+02          0.53266E+01
         0.45510E+02          0.52933E+01
         0.45494E+02          0.52281E+01
         0.45477E+02          0.52024E+01
         0.45460E+02          0.50493E+01
         0.45444E+02          0.53430E+01
         0.45427E+02          0.52155E+01
         0.45410E+02          0.50392E+01
         0.45394E+02          0.49878E+01
         0.45377E+02          0.50181E+01
         0.45361E+02          0.51060E+01
         0.45344E+02          0.51867E+01
         0.45327E+02          0.52207E+01
         0.45311E+02          0.52640E+01
         0.45294E+02          0.53199E+01
         0.45278E+02          0.52647E+01
         0.45261E+02          0.53081E+01
         0.45245E+02          0.52912E+01
         0.45228E+02          0.53463E+01
         0.45212E+02          0.53614E+01
         0.45195E+02          0.52649E+01
         0.45179E+02          0.52696E+01
         0.45162E+02          0.54405E+01
         0.45146E+02          0.53400E+01
         0.45129E+02          0.53081E+01
         0.45113E+02          0.53076E+01
         0.45097E+02          0.52793E+01
         0.45080E+02          0.52841E+01
         0.45064E+02          0.52827E+01
         0.45047E+02          0.52762E+01
         0.45031E+02          0.52767E+01
         0.45015E+02          0.52713E+01
         0.44998E+02          0.52712E+01
         0.44982E+02          0.52698E+01
         0.44966E+02          0.52672E+01
         0.44949E+02          0.52698E+01
         0.44933E+02          0.52739E+01
         0.44917E+02          0.52484E+01
         0.44901E+02          0.52516E+01
         0.44884E+02          0.52399E+01
         0.44868E+02          0.52499E+01
         0.44852E+02          0.52251E+01
         0.44836E+02          0.52359E+01
         0.44819E+02          0.52355E+01
         0.44803E+02          0.52319E+01
         0.44787E+02          0.52381E+01
         0.44771E+02          0.52218E+01
         0.44755E+02          0.52175E+01
         0.44739E+02          0.52145E+01
         0.44722E+02          0.52093E+01
         0.44706E+02          0.52379E+01
         0.44690E+02          0.52096E+01
         0.44674E+02          0.52171E+01
         0.44658E+02          0.52113E+01
         0.44642E+02          0.51885E+01
         0.44626E+02          0.51837E+01
         0.44610E+02          0.51823E+01
         0.44594E+02          0.50977E+01
         0.44578E+02          0.51015E+01
         0.44562E+02          0.51831E+01
         0.44546E+02          0.51531E+01
         0.44530E+02          0.51757E+01
         0.44514E+02          0.51571E+01
         0.44498E+02          0.51686E+01
         0.44482E+02          0.51619E+01
         0.44466E+02          0.51550E+01
         0.44450E+02          0.51523E+01
         0.44434E+02          0.51524E+01
         0.44418E+02          0.50821E+01
         0.44402E+02          0.51053E+01
         0.44386E+02          0.52192E+01
         0.44370E+02          0.51354E+01
         0.44354E+02          0.50822E+01
         0.44339E+02          0.51054E+01
         0.44323E+02          0.50543E+01
         0.44307E+02          0.49448E+01
         0.44291E+02          0.49623E+01
         0.44275E+02          0.50495E+01
         0.44259E+02          0.51018E+01
         0.44244E+02          0.51036E+01
         0.44228E+02          0.50869E+01
         0.44212E+02          0.50838E+01
         0.44196E+02          0.51295E+01
         0.44181E+02          0.50669E+01
         0.44165E+02          0.51331E+01
         0.44149E+02          0.50279E+01
         0.44133E+02          0.49756E+01
         0.44118E+02          0.48731E+01
         0.44102E+02          0.49356E+01
         0.44086E+02          0.49719E+01
         0.44071E+02          0.50022E+01
         0.44055E+02          0.49766E+01
         0.44039E+02          0.49766E+01
         0.44024E+02          0.51451E+01
         0.44008E+02          0.50269E+01
         0.43992E+02          0.50319E+01
         0.43977E+02          0.50383E+01
         0.43961E+02          0.50411E+01
         0.43946E+02          0.50382E+01
         0.43930E+02          0.50259E+01
         0.43915E+02          0.48800E+01
         0.43899E+02          0.49362E+01
         0.43883E+02          0.49742E+01
         0.43868E+02          0.49956E+01
         0.43852E+02          0.50010E+01
         0.43837E+02          0.50027E+01
         0.43821E+02          0.50211E+01
         0.43806E+02          0.50196E+01
         0.43790E+02          0.49957E+01
         0.43775E+02          0.48417E+01
         0.43760E+02          0.49596E+01
         0.43744E+02          0.49775E+01
         0.43729E+02          0.49761E+01
         0.43713E+02          0.49781E+01
         0.43698E+02          0.49780E+01
         0.43682E+02          0.48927E+01
         0.43667E+02          0.49588E+01
         0.43652E+02          0.49622E+01
         0.43636E+02          0.49526E+01
         0.43621E+02          0.48423E+01
         0.43606E+02          0.49442E+01
         0.43590E+02          0.49531E+01
         0.43575E+02          0.48912E+01
         0.43560E+02          0.49383E+01
         0.43544E+02          0.47092E+01
         0.43529E+02          0.49351E+01
         0.43514E+02          0.49168E+01
         0.43499E+02          0.49829E+01
         0.43483E+02          0.49266E+01
         0.43468E+02          0.48486E+01
         0.43453E+02          0.49297E+01
         0.43438E+02          0.49161E+01
         0.43422E+02          0.49265E+01
         0.43407E+02          0.49254E+01
         0.43392E+02          0.48959E+01
         0.43377E+02          0.48417E+01
         0.43362E+02          0.48119E+01
         0.43346E+02          0.47881E+01
         0.43331E+02          0.48021E+01
         0.43316E+02          0.48171E+01
         0.43301E+02          0.48275E+01
         0.43286E+02          0.48321E+01
         0.43271E+02          0.48343E+01
         0.43256E+02          0.48349E+01
         0.43241E+02          0.48346E+01
         0.43226E+02          0.48336E+01
         0.43211E+02          0.48322E+01
         0.43195E+02          0.48305E+01
         0.43180E+02          0.48285E+01
         0.43165E+02          0.48265E+01
         0.43150E+02          0.48243E+01
         0.43135E+02          0.48220E+01
         0.43120E+02          0.48197E+01
         0.43105E+02          0.48174E+01
         0.43090E+02          0.48151E+01
         0.43075E+02          0.48129E+01
         0.43060E+02          0.48107E+01
         0.43046E+02          0.48087E+01
         0.43031E+02          0.48069E+01
         0.43016E+02          0.48054E+01
         0.43001E+02          0.48048E+01
         0.42986E+02          0.48039E+01
         0.42971E+02          0.48021E+01
         0.42956E+02          0.47845E+01
         0.42941E+02          0.47007E+01
         0.42926E+02          0.47204E+01
         0.42911E+02          0.47416E+01
         0.42897E+02          0.47496E+01
         0.42882E+02          0.47525E+01
         0.42867E+02          0.47532E+01
         0.42852E+02          0.47528E+01
         0.42837E+02          0.47519E+01
         0.42822E+02          0.47506E+01
         0.42808E+02          0.47492E+01
         0.42793E+02          0.47479E+01
         0.42778E+02          0.47469E+01
         0.42763E+02          0.47464E+01
         0.42749E+02          0.47512E+01
         0.42734E+02          0.47479E+01
         0.42719E+02          0.46857E+01
         0.42704E+02          0.46812E+01
         0.42690E+02          0.47029E+01
         0.42675E+02          0.47086E+01
         0.42660E+02          0.47102E+01
         0.42646E+02          0.47104E+01
         0.42631E+02          0.47104E+01
         0.42616E+02          0.47107E+01
         0.42602E+02          0.47132E+01
         0.42587E+02          0.47124E+01
         0.42573E+02          0.46514E+01
         0.42558E+02          0.46790E+01
         0.42543E+02          0.46842E+01
         0.42529E+02          0.46861E+01
         0.42514E+02          0.46883E+01
         0.42500E+02          0.46948E+01
         0.42485E+02          0.46387E+01
         0.42470E+02          0.46651E+01
         0.42456E+02          0.46700E+01
         0.42441E+02          0.46758E+01
         0.42427E+02          0.46134E+01
         0.42412E+02          0.46549E+01
         0.42398E+02          0.46625E+01
         0.42383E+02          0.46096E+01
         0.42369E+02          0.46496E+01
         0.42354E+02          0.46500E+01
         0.42340E+02          0.46441E+01
         0.42325E+02          0.46185E+01
         0.42311E+02          0.46552E+01
         0.42297E+02          0.46500E+01
         0.42282E+02          0.46519E+01
         0.42268E+02          0.46257E+01
         0.42253E+02          0.46227E+01
         0.42239E+02          0.46136E+01
         0.42225E+02          0.45905E+01
         0.42210E+02          0.46639E+01
         0.42181E+02          0.46123E+01
         0.42167E+02          0.46066E+01
         0.42153E+02          0.45900E+01
         0.42138E+02          0.45858E+01
         0.42124E+02          0.45862E+01
         0.42110E+02          0.45843E+01
         0.42096E+02          0.45817E+01
         0.42081E+02          0.45789E+01
         0.42067E+02          0.45760E+01
         0.42053E+02          0.45730E+01
         0.42038E+02          0.45701E+01
         0.42024E+02          0.45671E+01
         0.42010E+02          0.45641E+01
         0.41996E+02          0.45611E+01
         0.41981E+02          0.45582E+01
         0.41967E+02          0.45552E+01
         0.41953E+02          0.45523E+01
         0.41939E+02          0.45493E+01
         0.41925E+02          0.45464E+01
         0.41911E+02          0.45434E+01
         0.41896E+02          0.45405E+01
         0.41882E+02          0.45376E+01
         0.41868E+02          0.45347E+01
         0.41854E+02          0.45318E+01
         0.41840E+02          0.45289E+01
         0.41826E+02          0.45260E+01
         0.41812E+02          0.45231E+01
         0.41798E+02          0.45203E+01
         0.41783E+02          0.45175E+01
         0.41769E+02          0.45146E+01
         0.41755E+02          0.45119E+01
         0.41741E+02          0.45091E+01
         0.41727E+02          0.45064E+01
         0.41713E+02          0.45038E+01
         0.41699E+02          0.45015E+01
         0.41685E+02          0.45005E+01
         0.41671E+02          0.44761E+01
         0.41657E+02          0.44900E+01
         0.41643E+02          0.44880E+01
         0.41629E+02          0.44856E+01
         0.41615E+02          0.44831E+01
         0.41601E+02          0.44806E+01
         0.41587E+02          0.44780E+01
         0.41573E+02          0.44756E+01
         0.41559E+02          0.44732E+01
         0.41545E+02          0.44711E+01
         0.41531E+02          0.44697E+01
         0.41518E+02          0.44705E+01
         0.41504E+02          0.44825E+01
         0.41490E+02          0.44750E+01
         0.41476E+02          0.44664E+01
         0.41462E+02          0.44466E+01
         0.41448E+02          0.44483E+01
         0.41434E+02          0.44463E+01
         0.41420E+02          0.44439E+01
         0.41407E+02          0.44414E+01
         0.41393E+02          0.44389E+01
         0.41379E+02          0.44364E+01
         0.41365E+02          0.44338E+01
         0.41351E+02          0.44313E+01
         0.41338E+02          0.44288E+01
         0.41324E+02          0.44263E+01
         0.41310E+02          0.44239E+01
         0.41296E+02          0.44215E+01
         0.41283E+02          0.44192E+01
         0.41269E+02          0.44173E+01
         0.41255E+02          0.44178E+01
         0.41241E+02          0.44084E+01
         0.41228E+02          0.44076E+01
         0.41214E+02          0.44058E+01
         0.41200E+02          0.44038E+01
         0.41187E+02          0.44022E+01
         0.41173E+02          0.44023E+01
         0.41159E+02          0.44222E+01
         0.41146E+02          0.44051E+01
         0.41132E+02          0.43883E+01
         0.41118E+02          0.43870E+01
         0.41105E+02          0.43850E+01
         0.41091E+02          0.43828E+01
         0.41077E+02          0.43806E+01
         0.41064E+02          0.43784E+01
         0.41050E+02          0.43764E+01
         0.41037E+02          0.43747E+01
         0.41023E+02          0.43855E+01
         0.41009E+02          0.43680E+01
         0.40996E+02          0.43668E+01
         0.40982E+02          0.43663E+01
         0.40969E+02          0.43909E+01
         0.40955E+02          0.43549E+01
         0.40942E+02          0.43559E+01
         0.40928E+02          0.43541E+01
         0.40915E+02          0.43522E+01
         0.40901E+02          0.43505E+01
         0.40888E+02          0.43554E+01
         0.40874E+02          0.43452E+01
         0.40861E+02          0.43455E+01
         0.40847E+02          0.43529E+01
         0.40834E+02          0.43375E+01
         0.40820E+02          0.43360E+01
         0.40807E+02          0.43348E+01
         0.40794E+02          0.43308E+01
         0.40780E+02          0.43331E+01
         0.40767E+02          0.43256E+01
         0.40753E+02          0.43249E+01
         0.40740E+02          0.43276E+01
         0.40727E+02          0.43233E+01
         0.40713E+02          0.43175E+01
         0.40700E+02          0.43174E+01
         0.40686E+02          0.43180E+01
         0.40673E+02          0.43117E+01
         0.40660E+02          0.43106E+01
         0.40646E+02          0.43076E+01
         0.40633E+02          0.43148E+01
         0.40620E+02          0.43036E+01
         0.40607E+02          0.42996E+01
         0.40593E+02          0.43003E+01
         0.40580E+02          0.42969E+01
         0.40567E+02          0.42949E+01
         0.40553E+02          0.42927E+01
         0.40540E+02          0.42909E+01
         0.40527E+02          0.42890E+01
         0.40514E+02          0.42880E+01
         0.40500E+02          0.42860E+01
         0.40487E+02          0.42839E+01
         0.40474E+02          0.42819E+01
         0.40461E+02          0.42800E+01
         0.40448E+02          0.42780E+01
         0.40434E+02          0.42760E+01
         0.40421E+02          0.42741E+01
         0.40408E+02          0.42721E+01
         0.40395E+02          0.42702E+01
         0.40382E+02          0.42683E+01
         0.40369E+02          0.42663E+01
         0.40355E+02          0.42644E+01
         0.40342E+02          0.42625E+01
         0.40329E+02          0.42607E+01
         0.40316E+02          0.42588E+01
         0.40303E+02          0.42569E+01
         0.40290E+02          0.42551E+01
         0.40277E+02          0.42532E+01
         0.40264E+02          0.42514E+01
         0.40251E+02          0.42496E+01
         0.40238E+02          0.42478E+01
         0.40224E+02          0.42460E+01
         0.40211E+02          0.42442E+01
         0.40198E+02          0.42424E+01
         0.40185E+02          0.42406E+01
         0.40172E+02          0.42389E+01
         0.40159E+02          0.42371E+01
         0.40146E+02          0.42354E+01
         0.40133E+02          0.42337E+01
         0.40120E+02          0.42320E+01
         0.40107E+02          0.42303E+01
         0.40094E+02          0.42286E+01
         0.40081E+02          0.42269E+01
         0.40068E+02          0.42252E+01
         0.40056E+02          0.42235E+01
         0.40043E+02          0.42219E+01
         0.40030E+02          0.42203E+01
         0.40017E+02          0.42186E+01
         0.40004E+02          0.42170E+01
         0.39991E+02          0.42154E+01
         0.39978E+02          0.42138E+01
         0.39965E+02          0.42122E+01
         0.39952E+02          0.42106E+01
         0.39939E+02          0.42091E+01
         0.39927E+02          0.42075E+01
         0.39914E+02          0.42060E+01
         0.39901E+02          0.42044E+01
         0.39888E+02          0.42029E+01
         0.39875E+02          0.42014E+01
         0.39862E+02          0.41999E+01
         0.39850E+02          0.41984E+01
         0.39837E+02          0.41969E+01
         0.39824E+02          0.41954E+01
         0.39811E+02          0.41940E+01
         0.39798E+02          0.41925E+01
         0.39786E+02          0.41911E+01
         0.39773E+02          0.41897E+01
         0.39760E+02          0.41882E+01
         0.39747E+02          0.41868E+01
         0.39735E+02          0.41854E+01
         0.39722E+02          0.41840E+01
         0.39709E+02          0.41827E+01
         0.39696E+02          0.41813E+01
         0.39684E+02          0.41800E+01
         0.39671E+02          0.41786E+01
         0.39658E+02          0.41773E+01
         0.39646E+02          0.41760E+01
         0.39633E+02          0.41746E+01
         0.39620E+02          0.41733E+01
         0.39608E+02          0.41720E+01
         0.39595E+02          0.41708E+01
         0.39582E+02          0.41695E+01
         0.39570E+02          0.41682E+01
         0.39557E+02          0.41670E+01
         0.39545E+02          0.41658E+01
         0.39532E+02          0.41645E+01
         0.39519E+02          0.41633E+01
         0.39507E+02          0.41621E+01
         0.39494E+02          0.41609E+01
         0.39482E+02          0.41597E+01
         0.39469E+02          0.41586E+01
         0.39456E+02          0.41574E+01
         0.39444E+02          0.41562E+01
         0.39431E+02          0.41551E+01
         0.39419E+02          0.41540E+01
         0.39406E+02          0.41528E+01
         0.39394E+02          0.41517E+01
         0.39381E+02          0.41506E+01
         0.39369E+02          0.41495E+01
         0.39356E+02          0.41485E+01
         0.39344E+02          0.41474E+01
         0.39331E+02          0.41463E+01
         0.39319E+02          0.41453E+01
         0.39306E+02          0.41443E+01
         0.39294E+02          0.41432E+01
         0.39281E+02          0.41422E+01
         0.39269E+02          0.41412E+01
         0.39257E+02          0.41402E+01
         0.39244E+02          0.41393E+01
         0.39232E+02          0.41383E+01
         0.39219E+02          0.41373E+01
         0.39207E+02          0.41364E+01
         0.39194E+02          0.41354E+01
         0.39182E+02          0.41345E+01
         0.39170E+02          0.41336E+01
         0.39157E+02          0.41327E+01
         0.39145E+02          0.41318E+01
         0.39133E+02          0.41309E+01
         0.39120E+02          0.41300E+01
         0.39108E+02          0.41292E+01
         0.39096E+02          0.41283E+01
         0.39083E+02          0.41275E+01
         0.39071E+02          0.41266E+01
         0.39059E+02          0.41258E+01
         0.39046E+02          0.41250E+01
         0.39034E+02          0.41242E+01
         0.39022E+02          0.41234E+01
         0.39010E+02          0.41227E+01
         0.38997E+02          0.41219E+01
         0.38985E+02          0.41211E+01
         0.38973E+02          0.41204E+01
         0.38960E+02          0.41197E+01
         0.38948E+02          0.41189E+01
         0.38936E+02          0.41182E+01
         0.38924E+02          0.41175E+01
         0.38912E+02          0.41168E+01
         0.38899E+02          0.41162E+01
         0.38887E+02          0.41155E+01
         0.38875E+02          0.41148E+01
         0.38863E+02          0.41142E+01
         0.38851E+02          0.41136E+01
         0.38838E+02          0.41129E+01
         0.38826E+02          0.41123E+01
         0.38814E+02          0.41117E+01
         0.38802E+02          0.41111E+01
         0.38790E+02          0.41105E+01
         0.38778E+02          0.41100E+01
         0.38766E+02          0.41094E+01
         0.38753E+02          0.41089E+01
         0.38741E+02          0.41083E+01
         0.38729E+02          0.41078E+01
         0.38717E+02          0.41073E+01
         0.38705E+02          0.41068E+01
         0.38693E+02          0.41063E+01
         0.38681E+02          0.41059E+01
         0.38669E+02          0.41054E+01
         0.38657E+02          0.41049E+01
         0.38645E+02          0.41045E+01
         0.38633E+02          0.41041E+01
         0.38621E+02          0.41036E+01
         0.38609E+02          0.41032E+01
         0.38597E+02          0.41028E+01
         0.38585E+02          0.41025E+01
         0.38573E+02          0.41021E+01
         0.38561E+02          0.41017E+01
         0.38549E+02          0.41014E+01
         0.38537E+02          0.41011E+01
         0.38525E+02          0.41007E+01
         0.38513E+02          0.41004E+01
         0.38501E+02          0.41001E+01
         0.38489E+02          0.40998E+01
         0.38477E+02          0.40996E+01
         0.38465E+02          0.40993E+01
         0.38453E+02          0.40991E+01
         0.38441E+02          0.40988E+01
         0.38429E+02          0.40986E+01
         0.38417E+02          0.40984E+01
         0.38405E+02          0.40982E+01
         0.38393E+02          0.40980E+01
         0.38382E+02          0.40979E+01
         0.38370E+02          0.40977E+01
         0.38358E+02          0.40976E+01
         0.38346E+02          0.40974E+01
         0.38334E+02          0.40973E+01
         0.38322E+02          0.40972E+01
         0.38310E+02          0.40971E+01
         0.38299E+02          0.40971E+01
         0.38287E+02          0.40970E+01
         0.38275E+02          0.40969E+01
         0.38263E+02          0.40969E+01
         0.38251E+02          0.40969E+01
         0.38239E+02          0.40969E+01
         0.38228E+02          0.40969E+01
         0.38216E+02          0.40969E+01
         0.38204E+02          0.40970E+01
         0.38192E+02          0.40970E+01
         0.38181E+02          0.40971E+01
         0.38169E+02          0.40972E+01
         0.38157E+02          0.40973E+01
         0.38145E+02          0.40975E+01
         0.38134E+02          0.40976E+01
         0.38122E+02          0.40978E+01
         0.38110E+02          0.40979E+01
         0.38098E+02          0.40981E+01
         0.38087E+02          0.40983E+01
         0.38075E+02          0.40986E+01
         0.38063E+02          0.40988E+01
         0.38052E+02          0.40991E+01
         0.38040E+02          0.40994E+01
         0.38028E+02          0.40997E+01
         0.38017E+02          0.41000E+01
         0.38005E+02          0.41003E+01
         0.37993E+02          0.41007E+01
         0.37982E+02          0.41011E+01
         0.37970E+02          0.41015E+01
         0.37959E+02          0.41019E+01
         0.37947E+02          0.41024E+01
         0.37935E+02          0.41028E+01
         0.37924E+02          0.41033E+01
         0.37912E+02          0.41038E+01
         0.37901E+02          0.41044E+01
         0.37889E+02          0.41050E+01
         0.37877E+02          0.41056E+01
         0.37866E+02          0.41062E+01
         0.37854E+02          0.41068E+01
         0.37843E+02          0.41075E+01
         0.37831E+02          0.41082E+01
         0.37820E+02          0.41089E+01
         0.37808E+02          0.41097E+01
         0.37797E+02          0.41105E+01
         0.37785E+02          0.41113E+01
         0.37773E+02          0.41122E+01
         0.37762E+02          0.41131E+01
         0.37750E+02          0.41140E+01
         0.37739E+02          0.41149E+01
         0.37728E+02          0.41159E+01
         0.37716E+02          0.41170E+01
         0.37705E+02          0.41180E+01
         0.37693E+02          0.41192E+01
         0.37682E+02          0.41203E+01
         0.37670E+02          0.41215E+01
         0.37659E+02          0.41228E+01
         0.37647E+02          0.41240E+01
         0.37636E+02          0.41254E+01
         0.37624E+02          0.41268E+01
         0.37613E+02          0.41282E+01
         0.37602E+02          0.41297E+01
         0.37590E+02          0.41313E+01
         0.37579E+02          0.41329E+01
         0.37567E+02          0.41346E+01
         0.37556E+02          0.41363E+01
         0.37545E+02          0.41381E+01
         0.37533E+02          0.41400E+01
         0.37522E+02          0.41419E+01
         0.37511E+02          0.41440E+01
         0.37499E+02          0.41461E+01
         0.37488E+02          0.41483E+01
         0.37477E+02          0.41505E+01
         0.37465E+02          0.41529E+01
         0.37454E+02          0.41554E+01
         0.37443E+02          0.41579E+01
         0.37431E+02          0.41606E+01
         0.37420E+02          0.41634E+01
         0.37409E+02          0.41663E+01
         0.37397E+02          0.41694E+01
         0.37386E+02          0.41726E+01
         0.37375E+02          0.41759E+01
         0.37364E+02          0.41794E+01
         0.37352E+02          0.41830E+01
         0.37341E+02          0.41868E+01
         0.37330E+02          0.41908E+01
         0.37319E+02          0.41950E+01
         0.37307E+02          0.41995E+01
         0.37296E+02          0.42041E+01
         0.37285E+02          0.42090E+01
         0.37274E+02          0.42141E+01
         0.37263E+02          0.42196E+01
         0.37251E+02          0.42253E+01
         0.37240E+02          0.42315E+01
         0.37229E+02          0.42380E+01
         0.37218E+02          0.42449E+01
         0.37207E+02          0.42523E+01
         0.37196E+02          0.42603E+01
         0.37184E+02          0.42691E+01
         0.37173E+02          0.42788E+01
         0.37162E+02          0.42900E+01
         0.37151E+02          0.43040E+01
         0.37140E+02          0.43191E+01
         0.37129E+02          0.43197E+01
         0.37118E+02          0.43278E+01
         0.37106E+02          0.43418E+01
         0.37095E+02          0.43586E+01
         0.37084E+02          0.43788E+01
         0.37073E+02          0.44055E+01
         0.37062E+02          0.44481E+01
         0.37051E+02          0.45340E+01
         0.37040E+02          0.45485E+01
         0.37029E+02          0.44856E+01
         0.37018E+02          0.44881E+01
         0.37007E+02          0.45098E+01
         0.36996E+02          0.45388E+01
         0.36985E+02          0.45727E+01
         0.36974E+02          0.46109E+01
         0.36963E+02          0.46532E+01
         0.36952E+02          0.46990E+01
         0.36941E+02          0.47463E+01
         0.36930E+02          0.47910E+01
         0.36919E+02          0.48244E+01
         0.36908E+02          0.48331E+01
         0.36897E+02          0.48023E+01
         0.36886E+02          0.47279E+01
         0.36875E+02          0.46282E+01
         0.36864E+02          0.45356E+01
         0.36853E+02          0.44735E+01
         0.36842E+02          0.44470E+01
         0.36831E+02          0.44502E+01
         0.36820E+02          0.44749E+01
         0.36809E+02          0.45146E+01
         0.36798E+02          0.45652E+01
         0.36787E+02          0.46242E+01
         0.36776E+02          0.46901E+01
         0.36765E+02          0.47624E+01
         0.36754E+02          0.48406E+01
         0.36744E+02          0.49245E+01
         0.36733E+02          0.50137E+01
         0.36722E+02          0.51077E+01
         0.36711E+02          0.52060E+01
         0.36700E+02          0.53079E+01
         0.36689E+02          0.54116E+01
         0.36678E+02          0.55054E+01
         0.36668E+02          0.55550E+01
         0.36657E+02          0.55486E+01
         0.36646E+02          0.55229E+01
         0.36635E+02          0.55017E+01
         0.36624E+02          0.54984E+01
         0.36613E+02          0.55202E+01
         0.36603E+02          0.55589E+01
         0.36592E+02          0.55941E+01
         0.36581E+02          0.56074E+01
         0.36570E+02          0.55907E+01
         0.36559E+02          0.55452E+01
         0.36549E+02          0.54771E+01
         0.36538E+02          0.53941E+01
         0.36527E+02          0.53030E+01
         0.36516E+02          0.52091E+01
         0.36506E+02          0.51162E+01
         0.36495E+02          0.50270E+01
         0.36484E+02          0.49430E+01
         0.36473E+02          0.48650E+01
         0.36463E+02          0.47932E+01
         0.36452E+02          0.47277E+01
         0.36441E+02          0.46681E+01
         0.36430E+02          0.46141E+01
         0.36420E+02          0.45652E+01
         0.36409E+02          0.45210E+01
         0.36398E+02          0.44811E+01
         0.36388E+02          0.44450E+01
         0.36377E+02          0.44123E+01
         0.36366E+02          0.43828E+01
         0.36356E+02          0.43560E+01
         0.36345E+02          0.43316E+01
         0.36334E+02          0.43095E+01
         0.36324E+02          0.42893E+01
         0.36313E+02          0.42709E+01
         0.36302E+02          0.42542E+01
         0.36292E+02          0.42388E+01
         0.36281E+02          0.42247E+01
         0.36271E+02          0.42118E+01
         0.36260E+02          0.41999E+01
         0.36249E+02          0.41890E+01
         0.36239E+02          0.41789E+01
         0.36228E+02          0.41697E+01
         0.36218E+02          0.41611E+01
         0.36207E+02          0.41531E+01
         0.36197E+02          0.41457E+01
         0.36186E+02          0.41389E+01
         0.36175E+02          0.41326E+01
         0.36165E+02          0.41267E+01
         0.36154E+02          0.41212E+01
         0.36144E+02          0.41160E+01
         0.36133E+02          0.41113E+01
         0.36123E+02          0.41068E+01
         0.36112E+02          0.41026E+01
         0.36102E+02          0.40987E+01
         0.36091E+02          0.40951E+01
         0.36081E+02          0.40916E+01
         0.36070E+02          0.40884E+01
         0.36060E+02          0.40854E+01
         0.36049E+02          0.40826E+01
         0.36039E+02          0.40799E+01
         0.36028E+02          0.40774E+01
         0.36018E+02          0.40751E+01
         0.36007E+02          0.40729E+01
         0.35997E+02          0.40708E+01
         0.35986E+02          0.40688E+01
         0.35976E+02          0.40670E+01
         0.35966E+02          0.40652E+01
         0.35955E+02          0.40636E+01
         0.35945E+02          0.40620E+01
         0.35934E+02          0.40605E+01
         0.35924E+02          0.40592E+01
         0.35913E+02          0.40579E+01
         0.35903E+02          0.40566E+01
         0.35893E+02          0.40554E+01
         0.35882E+02          0.40543E+01
         0.35872E+02          0.40533E+01
         0.35861E+02          0.40523E+01
         0.35851E+02          0.40513E+01
         0.35841E+02          0.40504E+01
         0.35830E+02          0.40495E+01
         0.35820E+02          0.40486E+01
         0.35810E+02          0.40477E+01
         0.35799E+02          0.40468E+01
         0.35789E+02          0.40459E+01
         0.35779E+02          0.40450E+01
         0.35768E+02          0.40441E+01
         0.35758E+02          0.40433E+01
         0.35748E+02          0.40433E+01
         0.35737E+02          0.40448E+01
         0.35727E+02          0.40480E+01
         0.35717E+02          0.40513E+01
         0.35707E+02          0.40533E+01
         0.35696E+02          0.40541E+01
         0.35686E+02          0.40544E+01
         0.35676E+02          0.40546E+01
         0.35665E+02          0.40548E+01
         0.35655E+02          0.40550E+01
         0.35645E+02          0.40553E+01
         0.35635E+02          0.40557E+01
         0.35624E+02          0.40562E+01
         0.35614E+02          0.40566E+01
         0.35604E+02          0.40569E+01
         0.35594E+02          0.40571E+01
         0.35584E+02          0.40578E+01
         0.35573E+02          0.40595E+01
         0.35563E+02          0.40647E+01
         0.35553E+02          0.40698E+01
         0.35543E+02          0.40739E+01
         0.35533E+02          0.40773E+01
         0.35522E+02          0.40805E+01
         0.35512E+02          0.40838E+01
         0.35502E+02          0.40874E+01
         0.35492E+02          0.40914E+01
         0.35482E+02          0.40959E+01
         0.35472E+02          0.41008E+01
         0.35461E+02          0.41066E+01
         0.35451E+02          0.41142E+01
         0.35441E+02          0.41221E+01
         0.35431E+02          0.41311E+01
         0.35421E+02          0.41423E+01
         0.35411E+02          0.41565E+01
         0.35401E+02          0.41742E+01
         0.35391E+02          0.41958E+01
         0.35381E+02          0.42216E+01
         0.35370E+02          0.42526E+01
         0.35360E+02          0.42915E+01
         0.35350E+02          0.43419E+01
         0.35340E+02          0.44085E+01
         0.35330E+02          0.44984E+01
         0.35320E+02          0.46223E+01
         0.35310E+02          0.47962E+01
         0.35300E+02          0.50428E+01
         0.35290E+02          0.53940E+01
         0.35280E+02          0.58764E+01
         0.35270E+02          0.60802E+01
         0.35260E+02          0.60403E+01
         0.35250E+02          0.57025E+01
         0.35240E+02          0.52693E+01
         0.35230E+02          0.49071E+01
         0.35220E+02          0.46484E+01
         0.35210E+02          0.44704E+01
         0.35200E+02          0.43565E+01
         0.35190E+02          0.42663E+01
         0.35180E+02          0.42028E+01
         0.35170E+02          0.41548E+01
         0.35160E+02          0.41174E+01
         0.35150E+02          0.40876E+01
         0.35140E+02          0.40634E+01
         0.35130E+02          0.40437E+01
         0.35120E+02          0.40276E+01
         0.35110E+02          0.40147E+01
         0.35100E+02          0.40044E+01
         0.35090E+02          0.39976E+01
         0.35080E+02          0.39915E+01
         0.35070E+02          0.39767E+01
         0.35060E+02          0.39725E+01
         0.35050E+02          0.39672E+01
         0.35041E+02          0.39628E+01
         0.35031E+02          0.39590E+01
         0.35021E+02          0.39559E+01
         0.35011E+02          0.39537E+01
         0.35001E+02          0.39529E+01
         0.34991E+02          0.39545E+01
         0.34981E+02          0.39614E+01
         0.34971E+02          0.39821E+01
         0.34961E+02          0.40451E+01
         0.34952E+02          0.42481E+01
         0.34942E+02          0.44840E+01
         0.34932E+02          0.42474E+01
         0.34922E+02          0.41008E+01
         0.34912E+02          0.49303E+01
         0.34902E+02          0.41165E+01
         0.34893E+02          0.41708E+01
         0.34883E+02          0.40716E+01
         0.34873E+02          0.40452E+01
         0.34863E+02          0.40353E+01
         0.34853E+02          0.40351E+01
         0.34844E+02          0.40454E+01
         0.34834E+02          0.40361E+01
         0.34824E+02          0.40802E+01
         0.34814E+02          0.41301E+01
         0.34804E+02          0.42310E+01
         0.34795E+02          0.44309E+01
         0.34785E+02          0.76807E+01
         0.34775E+02          0.48098E+01
         0.34765E+02          0.40273E+01
         0.34756E+02          0.40728E+01
         0.34746E+02          0.44342E+01
         0.34736E+02          0.46348E+01
         0.34726E+02          0.47370E+01
         0.34717E+02          0.44102E+01
         0.34707E+02          0.42228E+01
         0.34697E+02          0.41145E+01
         0.34688E+02          0.40965E+01
         0.34678E+02          0.40512E+01
         0.34668E+02          0.40261E+01
         0.34659E+02          0.40097E+01
         0.34649E+02          0.39986E+01
         0.34639E+02          0.39912E+01
         0.34629E+02          0.39860E+01
         0.34620E+02          0.39786E+01
         0.34610E+02          0.40164E+01
         0.34600E+02          0.40101E+01
         0.34591E+02          0.40267E+01
         0.34581E+02          0.40628E+01
         0.34572E+02          0.41424E+01
         0.34562E+02          0.43637E+01
         0.34552E+02          0.48404E+01
         0.34543E+02          0.56123E+01
         0.34533E+02          0.47503E+01
         0.34523E+02          0.41861E+01
         0.34514E+02          0.40289E+01
         0.34504E+02          0.39719E+01
         0.34495E+02          0.39489E+01
         0.34485E+02          0.39342E+01
         0.34475E+02          0.39297E+01
         0.34466E+02          0.39289E+01
         0.34456E+02          0.39256E+01
         0.34447E+02          0.39648E+01
         0.34437E+02          0.40088E+01
         0.34428E+02          0.41660E+01
         0.34418E+02          0.46946E+01
         0.34408E+02          0.51166E+01
         0.34399E+02          0.40690E+01
         0.34389E+02          0.39335E+01
         0.34380E+02          0.39014E+01
         0.34370E+02          0.38951E+01
         0.34361E+02          0.38983E+01
         0.34351E+02          0.39522E+01
         0.34342E+02          0.41488E+01
         0.34332E+02          0.57528E+01
         0.34323E+02          0.40329E+01
         0.34313E+02          0.38786E+01
         0.34304E+02          0.38647E+01
         0.34294E+02          0.39219E+01
         0.34285E+02          0.42764E+01
         0.34275E+02          0.45674E+01
         0.34266E+02          0.38252E+01
         0.34256E+02          0.39669E+01
         0.34247E+02          0.49630E+01
         0.34237E+02          0.38119E+01
         0.34228E+02          0.39127E+01
         0.34219E+02          0.39894E+01
         0.34209E+02          0.38568E+01
         0.34200E+02          0.38905E+01
         0.34190E+02          0.37958E+01
         0.34181E+02          0.38797E+01
         0.34171E+02          0.40012E+01
         0.34162E+02          0.40575E+01
         0.34153E+02          0.40739E+01
         0.34143E+02          0.43498E+01
         0.34134E+02          0.40368E+01
         0.34124E+02          0.39196E+01
         0.34115E+02          0.39229E+01
         0.34106E+02          0.39025E+01
         0.34096E+02          0.38938E+01
         0.34087E+02          0.40227E+01
         0.34077E+02          0.40154E+01
         0.34068E+02          0.40091E+01
         0.34059E+02          0.40034E+01
         0.34049E+02          0.39983E+01
         0.34040E+02          0.39934E+01
         0.34031E+02          0.39886E+01
         0.34021E+02          0.39839E+01
         0.34012E+02          0.39792E+01
         0.34003E+02          0.39745E+01
         0.33993E+02          0.39697E+01
         0.33984E+02          0.39653E+01
         0.33975E+02          0.39629E+01
         0.33965E+02          0.39583E+01
         0.33956E+02          0.39599E+01
         0.33947E+02          0.40086E+01
         0.33938E+02          0.40414E+01
         0.33928E+02          0.39086E+01
         0.33919E+02          0.38855E+01
         0.33910E+02          0.38235E+01
         0.33900E+02          0.41372E+01
         0.33891E+02          0.41759E+01
         0.33882E+02          0.40649E+01
         0.33873E+02          0.40085E+01
         0.33863E+02          0.39851E+01
         0.33854E+02          0.39688E+01
         0.33845E+02          0.39564E+01
         0.33836E+02          0.39462E+01
         0.33826E+02          0.39342E+01
         0.33817E+02          0.39252E+01
         0.33808E+02          0.39189E+01
         0.33799E+02          0.39164E+01
         0.33790E+02          0.39144E+01
         0.74229E+02          0.00000E+00
