  0.100000000000E+01 -0.708754278670E-09  0.000000000000E+00  0.502332627533E-18
  0.103410393013E+01 -0.356556451177E-07  0.000000000000E+00  0.127132502876E-14
  0.106820786026E+01 -0.286619841098E-07  0.000000000000E+00  0.821509333110E-15
  0.110231179038E+01  0.280179177434E-07  0.000000000000E+00  0.785003714679E-15
  0.113641572051E+01  0.118176103824E-06  0.000000000000E+00  0.139655915149E-13
  0.117051965064E+01  0.310282893405E-06  0.000000000000E+00  0.962754739398E-13
  0.120462358077E+01  0.990045516654E-06  0.000000000000E+00  0.980190125047E-12
  0.123872751090E+01  0.335869214657E-05  0.000000000000E+00  0.112808129354E-10
  0.127283144102E+01  0.106668823564E-04  0.000000000000E+00  0.113782379206E-09
  0.130693537115E+01  0.312367876755E-04  0.000000000000E+00  0.975736904283E-09
  0.134103930128E+01  0.851892079712E-04  0.000000000000E+00  0.725720115476E-08
  0.137514323141E+01  0.217962834691E-03  0.000000000000E+00  0.475077973065E-07
  0.140924716153E+01  0.525093484218E-03  0.000000000000E+00  0.275723167168E-06
  0.144335109166E+01  0.119385812288E-02  0.000000000000E+00  0.142529721757E-05
  0.147745502179E+01  0.256727966114E-02  0.000000000000E+00  0.659092485850E-05
  0.151155895192E+01  0.523319610111E-02  0.000000000000E+00  0.273863414327E-04
  0.154566288205E+01  0.101343113361E-01  0.000000000000E+00  0.102704266257E-03
  0.157976681217E+01  0.186840925931E-01  0.000000000000E+00  0.349095316029E-03
  0.161387074230E+01  0.328597178774E-01  0.000000000000E+00  0.107976105898E-02
  0.164797467243E+01  0.552309572577E-01  0.000000000000E+00  0.305045863960E-02
  0.168207860256E+01  0.888785518389E-01  0.000000000000E+00  0.789939697699E-02
  0.171618253269E+01  0.137163020284E+00  0.000000000000E+00  0.188136941334E-01
  0.175028646281E+01  0.203328158414E+00  0.000000000000E+00  0.413423400042E-01
  0.178439039294E+01  0.289961330191E+00  0.000000000000E+00  0.840775730060E-01
  0.181849432307E+01  0.398377603956E+00  0.000000000000E+00  0.158704715334E+00
  0.185259825320E+01  0.528034604937E+00  0.000000000000E+00  0.278820544011E+00
  0.188670218333E+01  0.676105855318E+00  0.000000000000E+00  0.457119127595E+00
  0.192080611345E+01  0.837331872203E+00  0.000000000000E+00  0.701124664207E+00
  0.195491004358E+01  0.100422762412E+01  0.000000000000E+00  0.100847312105E+01
  0.198901397371E+01  0.116765912505E+01  0.000000000000E+00  0.136342783232E+01
  0.202311790384E+01  0.131772635872E+01  0.000000000000E+00  0.173640275647E+01
  0.205722183396E+01  0.144482358720E+01  0.000000000000E+00  0.208751519813E+01
  0.209132576409E+01  0.154070846485E+01  0.000000000000E+00  0.237378257365E+01
  0.212542969422E+01  0.159940799594E+01  0.000000000000E+00  0.255810593747E+01
  0.215953362435E+01  0.161782211010E+01  0.000000000000E+00  0.261734837992E+01
  0.219363755448E+01  0.159594514907E+01  0.000000000000E+00  0.254704091883E+01
  0.222774148460E+01  0.153669664788E+01  0.000000000000E+00  0.236143658761E+01
  0.226184541473E+01  0.144541897578E+01  0.000000000000E+00  0.208923601556E+01
  0.229594934486E+01  0.132914730306E+01  0.000000000000E+00  0.176663255322E+01
  0.233005327499E+01  0.119577962657E+01  0.000000000000E+00  0.142988891533E+01
  0.236415720512E+01  0.105327076017E+01  0.000000000000E+00  0.110937929423E+01
  0.239826113524E+01  0.908949621632E+00  0.000000000000E+00  0.826189414664E+00
  0.243236506537E+01  0.769022567412E+00  0.000000000000E+00  0.591395709190E+00
  0.246646899550E+01  0.638286289864E+00  0.000000000000E+00  0.407409387829E+00
  0.250057292563E+01  0.520039580075E+00  0.000000000000E+00  0.270441164845E+00
  0.253467685576E+01  0.416158826703E+00  0.000000000000E+00  0.173188169043E+00
  0.256878078588E+01  0.327289111375E+00  0.000000000000E+00  0.107118162424E+00
  0.260288471601E+01  0.253100282111E+00  0.000000000000E+00  0.640597528048E-01
  0.263698864614E+01  0.192562926327E+00  0.000000000000E+00  0.370804805956E-01
  0.267109257627E+01  0.144209530156E+00  0.000000000000E+00  0.207963885878E-01
  0.270519650639E+01  0.106358209431E+00  0.000000000000E+00  0.113120687133E-01
  0.273930043652E+01  0.772877916522E-01  0.000000000000E+00  0.597340273847E-02
  0.277340436665E+01  0.553622074398E-01  0.000000000000E+00  0.306497401261E-02
  0.280750829678E+01  0.391085197279E-01  0.000000000000E+00  0.152947631531E-02
  0.284161222691E+01  0.272565733291E-01  0.000000000000E+00  0.742920789643E-03
  0.287571615703E+01  0.187496621337E-01  0.000000000000E+00  0.351549830129E-03
  0.290982008716E+01  0.127353938257E-01  0.000000000000E+00  0.162190255897E-03
  0.294392401729E+01  0.854468440421E-02  0.000000000000E+00  0.730116315675E-04
  0.297802794742E+01  0.566507459350E-02  0.000000000000E+00  0.320930701499E-04
  0.301213187755E+01  0.371275987661E-02  0.000000000000E+00  0.137845859014E-04
  0.304623580767E+01  0.240614932364E-02  0.000000000000E+00  0.578955456766E-05
  0.308033973780E+01  0.154253411904E-02  0.000000000000E+00  0.237941150841E-05
  0.311444366793E+01  0.978546550690E-03  0.000000000000E+00  0.957553351867E-06
  0.314854759806E+01  0.614466044900E-03  0.000000000000E+00  0.377568520335E-06
  0.318265152819E+01  0.382033136272E-03  0.000000000000E+00  0.145949317210E-06
  0.321675545831E+01  0.235236133829E-03  0.000000000000E+00  0.553360386586E-07
  0.325085938844E+01  0.143499620461E-03  0.000000000000E+00  0.205921410724E-07
  0.328496331857E+01  0.867625056261E-04  0.000000000000E+00  0.752773238251E-08
  0.331906724870E+01  0.520140034241E-04  0.000000000000E+00  0.270545655221E-08
  0.335317117882E+01  0.309190549738E-04  0.000000000000E+00  0.955987960475E-09
  0.338727510895E+01  0.182162638980E-04  0.000000000000E+00  0.331832270401E-09
  0.342137903908E+01  0.106355277328E-04  0.000000000000E+00  0.113114450156E-09
  0.345548296921E+01  0.616345627142E-05  0.000000000000E+00  0.379881932097E-10
  0.348958689934E+01  0.355751702173E-05  0.000000000000E+00  0.126559273599E-10
  0.352369082946E+01  0.204746934610E-05  0.000000000000E+00  0.419213072323E-11
  0.355779475959E+01  0.116592450299E-05  0.000000000000E+00  0.135937994666E-11
  0.359189868972E+01  0.647155532294E-06  0.000000000000E+00  0.418810282979E-12
  0.362600261985E+01  0.350043740866E-06  0.000000000000E+00  0.122530620519E-12
  0.366010654998E+01  0.193825587031E-06  0.000000000000E+00  0.375683581879E-13
  0.369421048010E+01  0.118265279002E-06  0.000000000000E+00  0.139866762173E-13
  0.372831441023E+01  0.754662718345E-07  0.000000000000E+00  0.569515818459E-14
  0.376241834036E+01  0.395558167137E-07  0.000000000000E+00  0.156466263588E-14
  0.379652227049E+01  0.993018735084E-08  0.000000000000E+00  0.986086208228E-16
  0.383062620062E+01 -0.299123920683E-08  0.000000000000E+00  0.894751199246E-17
  0.386473013074E+01  0.235739524836E-08  0.000000000000E+00  0.555731235700E-17
  0.389883406087E+01  0.127673518880E-07  0.000000000000E+00  0.163005274233E-15
  0.393293799100E+01  0.128855584383E-07  0.000000000000E+00  0.166037616268E-15
  0.396704192113E+01  0.935237447843E-09  0.000000000000E+00  0.874669083848E-18
  0.400114585125E+01 -0.104950441053E-07  0.000000000000E+00  0.110145950771E-15
  0.403524978138E+01 -0.928367316318E-08  0.000000000000E+00  0.861865874007E-16
  0.406935371151E+01  0.254917813181E-08  0.000000000000E+00  0.649830914771E-17
  0.410345764164E+01  0.113807260906E-07  0.000000000000E+00  0.129520926349E-15
  0.413756157177E+01  0.739312516339E-08  0.000000000000E+00  0.546582996816E-16
  0.417166550189E+01 -0.466045436616E-08  0.000000000000E+00  0.217198348990E-16
  0.420576943202E+01 -0.111702072812E-07  0.000000000000E+00  0.124773530706E-15
  0.423987336215E+01 -0.505777800979E-08  0.000000000000E+00  0.255811183963E-16
  0.427397729228E+01  0.652686871483E-08  0.000000000000E+00  0.426000152206E-16
  0.430808122241E+01  0.105408757702E-07  0.000000000000E+00  0.111110062002E-15
  0.434218515253E+01  0.271403662789E-08  0.000000000000E+00  0.736599481755E-17
  0.437628908266E+01 -0.793227961710E-08  0.000000000000E+00  0.629210599238E-16
  0.441039301279E+01 -0.947107234600E-08  0.000000000000E+00  0.897012113832E-16
  0.444449694292E+01 -0.419803858732E-09  0.000000000000E+00  0.176235279806E-18
  0.447860087305E+01  0.887417909314E-08  0.000000000000E+00  0.787510545771E-16
  0.451270480317E+01  0.805090188565E-08  0.000000000000E+00  0.648170211724E-16
  0.454680873330E+01 -0.172518370927E-08  0.000000000000E+00  0.297625883072E-17
  0.458091266343E+01 -0.934385124341E-08  0.000000000000E+00  0.873075560589E-16
  0.461501659356E+01 -0.636537011075E-08  0.000000000000E+00  0.405179366469E-16
  0.464912052368E+01  0.364048207134E-08  0.000000000000E+00  0.132531097117E-16
  0.468322445381E+01  0.935525400510E-08  0.000000000000E+00  0.875207774999E-16
  0.471732838394E+01  0.450594154255E-08  0.000000000000E+00  0.203035091849E-16
  0.475143231407E+01 -0.525947572925E-08  0.000000000000E+00  0.276620849465E-16
  0.478553624420E+01 -0.893946730404E-08  0.000000000000E+00  0.799140756801E-16
  0.481964017432E+01 -0.256485451808E-08  0.000000000000E+00  0.657847869893E-17
  0.485374410445E+01  0.653204486990E-08  0.000000000000E+00  0.426676101824E-16
  0.488784803458E+01  0.814300765441E-08  0.000000000000E+00  0.663085736597E-16
  0.492195196471E+01  0.631791709098E-09  0.000000000000E+00  0.399160763685E-18
  0.495605589484E+01 -0.742543673439E-08  0.000000000000E+00  0.551371106965E-16
  0.499015982496E+01 -0.702510517290E-08  0.000000000000E+00  0.493521026904E-16
  0.502426375509E+01  0.120948110495E-08  0.000000000000E+00  0.146284454323E-17
  0.505836768522E+01  0.792458730676E-08  0.000000000000E+00  0.627990839825E-16
  0.509247161535E+01  0.565469271794E-08  0.000000000000E+00  0.319755497343E-16
  0.512657554548E+01 -0.288407559931E-08  0.000000000000E+00  0.831789206255E-17
  0.516067947560E+01 -0.803175130425E-08  0.000000000000E+00  0.645090290133E-16
  0.519478340573E+01 -0.410715558318E-08  0.000000000000E+00  0.168687269845E-16
  0.522888733586E+01  0.432847154821E-08  0.000000000000E+00  0.187356659437E-16
  0.526299126599E+01  0.776548267680E-08  0.000000000000E+00  0.603027212037E-16
  0.529709519611E+01  0.246097276166E-08  0.000000000000E+00  0.605638693362E-17
  0.533119912624E+01 -0.549246922815E-08  0.000000000000E+00  0.301672182222E-16
  0.536530305637E+01 -0.715903671541E-08  0.000000000000E+00  0.512518066926E-16
  0.539940698650E+01 -0.794389913820E-09  0.000000000000E+00  0.631055335180E-18
  0.543351091663E+01  0.634052987519E-08  0.000000000000E+00  0.402023190982E-16
  0.546761484675E+01  0.625826454811E-08  0.000000000000E+00  0.391658751541E-16
  0.550171877688E+01 -0.817752180345E-09  0.000000000000E+00  0.668718628460E-18
  0.553582270701E+01 -0.685248449233E-08  0.000000000000E+00  0.469565437176E-16
  0.556992663714E+01 -0.511910469659E-08  0.000000000000E+00  0.262052328946E-16
  0.560403056727E+01  0.230691856218E-08  0.000000000000E+00  0.532187325252E-17
  0.563813449739E+01  0.702360123111E-08  0.000000000000E+00  0.493309742537E-16
  0.567223842752E+01  0.380478023498E-08  0.000000000000E+00  0.144763526365E-16
  0.570634235765E+01 -0.361340241928E-08  0.000000000000E+00  0.130566770437E-16
  0.574044628778E+01 -0.686403141596E-08  0.000000000000E+00  0.471149272793E-16
  0.577455021791E+01 -0.238282440484E-08  0.000000000000E+00  0.567785214428E-17
  0.580865414803E+01  0.468838527432E-08  0.000000000000E+00  0.219809564805E-16
  0.584275807816E+01  0.639767864723E-08  0.000000000000E+00  0.409302920733E-16
  0.587686200829E+01  0.922057897476E-09  0.000000000000E+00  0.850190766297E-18
  0.591096593842E+01 -0.549546696161E-08  0.000000000000E+00  0.302001571262E-16
  0.594506986855E+01 -0.566055629765E-08  0.000000000000E+00  0.320418975988E-16
  0.597917379867E+01  0.510360027329E-09  0.000000000000E+00  0.260467357495E-18
  0.601327772880E+01  0.601162660895E-08  0.000000000000E+00  0.361396544854E-16
  0.604738165893E+01  0.469871740726E-08  0.000000000000E+00  0.220779452733E-16
  0.608148558906E+01 -0.185169049789E-08  0.000000000000E+00  0.342875769998E-17
  0.611558951918E+01 -0.622759193904E-08  0.000000000000E+00  0.387829013592E-16
  0.614969344931E+01 -0.356585488027E-08  0.000000000000E+00  0.127153210271E-16
  0.618379737944E+01  0.304607723284E-08  0.000000000000E+00  0.927858650842E-17
  0.621790130957E+01  0.614762608696E-08  0.000000000000E+00  0.377933065051E-16
  0.625200523970E+01  0.232068437460E-08  0.000000000000E+00  0.538557596649E-17
  0.628610916982E+01 -0.404662702909E-08  0.000000000000E+00  0.163751903126E-16
  0.632021309995E+01 -0.578875935103E-08  0.000000000000E+00  0.335097348241E-16
  0.635431703008E+01 -0.102421895424E-08  0.000000000000E+00  0.104902446622E-17
  0.638842096021E+01  0.481703055458E-08  0.000000000000E+00  0.232037833638E-16
  0.642252489034E+01  0.517951748550E-08  0.000000000000E+00  0.268274013826E-16
  0.645662882046E+01 -0.262942539774E-09  0.000000000000E+00  0.691387792226E-19
  0.649073275059E+01 -0.533267825286E-08  0.000000000000E+00  0.284374573485E-16
  0.652483668072E+01 -0.435821664701E-08  0.000000000000E+00  0.189940523422E-16
  0.655894061085E+01  0.148320659203E-08  0.000000000000E+00  0.219990179463E-17
  0.659304454098E+01  0.558123776712E-08  0.000000000000E+00  0.311502150132E-16
  0.662714847110E+01  0.337091093245E-08  0.000000000000E+00  0.113630405145E-16
  0.666125240123E+01 -0.258434953411E-08  0.000000000000E+00  0.667886251446E-17
  0.669535633136E+01 -0.556269182474E-08  0.000000000000E+00  0.309435403371E-16
  0.672946026149E+01 -0.226908851873E-08  0.000000000000E+00  0.514876270584E-17
  0.676356419161E+01  0.352156446539E-08  0.000000000000E+00  0.124014162839E-16
  0.679766812174E+01  0.528885068105E-08  0.000000000000E+00  0.279719415264E-16
  0.683177205187E+01  0.110722283726E-08  0.000000000000E+00  0.122594241135E-17
  0.686587598200E+01 -0.425911879839E-08  0.000000000000E+00  0.181400929388E-16
  0.689997991213E+01 -0.478237799107E-08  0.000000000000E+00  0.228711392495E-16
  0.693408384225E+01  0.597135594211E-10  0.000000000000E+00  0.356570917874E-20
  0.696818777238E+01  0.477156023541E-08  0.000000000000E+00  0.227677870802E-16
  0.700229170251E+01  0.407538732692E-08  0.000000000000E+00  0.166087818644E-16
  0.703639563264E+01 -0.117866705709E-08  0.000000000000E+00  0.138925603146E-17
  0.707049956277E+01 -0.504444088638E-08  0.000000000000E+00  0.254463838562E-16
  0.710460349289E+01 -0.320768364374E-08  0.000000000000E+00  0.102892343583E-16
  0.713870742302E+01  0.220075304460E-08  0.000000000000E+00  0.484331396331E-17
  0.717281135315E+01  0.507454105825E-08  0.000000000000E+00  0.257509669519E-16
  0.720691528328E+01  0.222473362612E-08  0.000000000000E+00  0.494943970717E-17
  0.724101921341E+01 -0.308324647115E-08  0.000000000000E+00  0.950640880184E-17
  0.727512314353E+01 -0.486960052294E-08  0.000000000000E+00  0.237130092530E-16
  0.730922707366E+01 -0.117546488401E-08  0.000000000000E+00  0.138171769355E-17
  0.734333100379E+01  0.379123726045E-08  0.000000000000E+00  0.143734799650E-16
  0.737743493392E+01  0.444758499506E-08  0.000000000000E+00  0.197810122883E-16
  0.741153886404E+01  0.109987774274E-09  0.000000000000E+00  0.120973104898E-19
  0.744564279417E+01 -0.429889100045E-08  0.000000000000E+00  0.184804638337E-16
  0.747974672430E+01 -0.383553273741E-08  0.000000000000E+00  0.147113113797E-16
  0.751385065443E+01  0.922656567402E-09  0.000000000000E+00  0.851295141371E-18
  0.754795458456E+01  0.459027243280E-08  0.000000000000E+00  0.210706010073E-16
  0.758205851468E+01  0.306804617715E-08  0.000000000000E+00  0.941290734511E-17
  0.761616244481E+01 -0.187662637899E-08  0.000000000000E+00  0.352172656631E-17
  0.765026637494E+01 -0.465971007220E-08  0.000000000000E+00  0.217128979569E-16
  0.768437030507E+01 -0.218550147571E-08  0.000000000000E+00  0.477641670032E-17
  0.771847423520E+01  0.271119933334E-08  0.000000000000E+00  0.735060182510E-17
  0.775257816532E+01  0.451170030189E-08  0.000000000000E+00  0.203554396140E-16
  0.778668209545E+01  0.123206580951E-08  0.000000000000E+00  0.151798615896E-17
  0.782078602558E+01 -0.339240912048E-08  0.000000000000E+00  0.115084396407E-16
  0.785488995571E+01 -0.416036987572E-08  0.000000000000E+00  0.173086775028E-16
  0.788899388584E+01 -0.253609491330E-09  0.000000000000E+00  0.643177740928E-19
  0.792309781596E+01  0.389433100773E-08  0.000000000000E+00  0.151658139978E-16
  0.795720174609E+01  0.362853271180E-08  0.000000000000E+00  0.131662496406E-16
  0.799130567622E+01 -0.704388221063E-09  0.000000000000E+00  0.496162765972E-18
  0.802540960635E+01 -0.419997468732E-08  0.000000000000E+00  0.176397873741E-16
  0.805951353647E+01 -0.294639391777E-08  0.000000000000E+00  0.868123711870E-17
  0.809361746660E+01  0.159885261594E-08  0.000000000000E+00  0.255632968751E-17
  0.812772139673E+01  0.430175679555E-08  0.000000000000E+00  0.185051115281E-16
  0.816182532686E+01  0.214996871162E-08  0.000000000000E+00  0.462236546093E-17
  0.819592925699E+01 -0.239095919798E-08  0.000000000000E+00  0.571668588642E-17
  0.823003318711E+01 -0.420154273600E-08  0.000000000000E+00  0.176529613624E-16
  0.826413711724E+01 -0.127929213225E-08  0.000000000000E+00  0.163658835963E-17
  0.829824104737E+01  0.304773557573E-08  0.000000000000E+00  0.928869213958E-17
  0.833234497750E+01  0.391027150325E-08  0.000000000000E+00  0.152902232291E-16
  0.836644890763E+01  0.376506121570E-09  0.000000000000E+00  0.141756859579E-18
  0.840055283775E+01 -0.354335596911E-08  0.000000000000E+00  0.125553715238E-16
  0.843465676788E+01 -0.344718833177E-08  0.000000000000E+00  0.118831073947E-16
  0.846876069801E+01  0.516091733186E-09  0.000000000000E+00  0.266350677063E-18
  0.850286462814E+01  0.386008236272E-08  0.000000000000E+00  0.149002358470E-16
  0.853696855827E+01  0.283873332095E-08  0.000000000000E+00  0.805840686745E-17
  0.857107248839E+01 -0.135794795864E-08  0.000000000000E+00  0.184402265838E-17
  0.860517641852E+01 -0.398881837896E-08  0.000000000000E+00  0.159106720603E-16
  0.863928034865E+01 -0.211714164287E-08  0.000000000000E+00  0.448228873598E-17
  0.867338427878E+01  0.211202164584E-08  0.000000000000E+00  0.446063543251E-17
  0.870748820890E+01  0.392926377240E-08  0.000000000000E+00  0.154391137931E-16
  0.874159213903E+01  0.131882646982E-08  0.000000000000E+00  0.173930325749E-17
  0.877569606916E+01 -0.274634589847E-08  0.000000000000E+00  0.754241579404E-17
  0.880979999929E+01 -0.368967294519E-08  0.000000000000E+00  0.136136864425E-16
  0.884390392942E+01 -0.482622389096E-09  0.000000000000E+00  0.232924370456E-18
  0.887800785954E+01  0.323532020073E-08  0.000000000000E+00  0.104672968012E-16
  0.891211178967E+01  0.328623925562E-08  0.000000000000E+00  0.107993684452E-16
  0.894621571980E+01 -0.352032165426E-09  0.000000000000E+00  0.123926645495E-18
  0.898031964993E+01 -0.356068154989E-08  0.000000000000E+00  0.126784530997E-16
  0.901442358006E+01 -0.274214168854E-08  0.000000000000E+00  0.751934104004E-17
  0.904852751018E+01  0.114688786214E-08  0.000000000000E+00  0.131535176832E-17
  0.908263144031E+01  0.371212323339E-08  0.000000000000E+00  0.137798588998E-16
  0.911673537044E+01  0.208630614026E-08  0.000000000000E+00  0.435267331088E-17
  0.915083930057E+01 -0.186657557836E-08  0.000000000000E+00  0.348410438974E-17
  0.918494323070E+01 -0.368753936692E-08  0.000000000000E+00  0.135979465826E-16
  0.921904716082E+01 -0.135194202007E-08  0.000000000000E+00  0.182774722563E-17
  0.925315109095E+01  0.248012567510E-08  0.000000000000E+00  0.615102336431E-17
  0.928725502108E+01  0.349289801248E-08  0.000000000000E+00  0.122003365256E-16
  0.932135895121E+01  0.574927356147E-09  0.000000000000E+00  0.330541464846E-18
  0.935546288133E+01 -0.296224562474E-08  0.000000000000E+00  0.877489914126E-17
  0.938956681146E+01 -0.314175333006E-08  0.000000000000E+00  0.987061398694E-17
  0.942367074159E+01  0.207884975832E-09  0.000000000000E+00  0.432161631768E-19
  0.945777467172E+01  0.329431418505E-08  0.000000000000E+00  0.108525059498E-16
  0.949187860185E+01  0.265443231575E-08  0.000000000000E+00  0.704601091888E-17
  0.952598253197E+01 -0.960359421695E-09  0.000000000000E+00  0.922290218839E-18
  0.956008646210E+01 -0.346504750053E-08  0.000000000000E+00  0.120065541809E-16
  0.959419039223E+01 -0.205693686643E-08  0.000000000000E+00  0.423098927248E-17
  0.962829432236E+01  0.164869480989E-08  0.000000000000E+00  0.271819457614E-17
  0.966239825249E+01  0.347081982121E-08  0.000000000000E+00  0.120465902313E-16
  0.969650218261E+01  0.137961961111E-08  0.000000000000E+00  0.190335027137E-17
  0.973060611274E+01 -0.224289603694E-08  0.000000000000E+00  0.503058263253E-17
  0.976471004287E+01 -0.331563138465E-08  0.000000000000E+00  0.109934114789E-16
  0.979881397300E+01 -0.655697079065E-09  0.000000000000E+00  0.429938659494E-18
  0.983291790313E+01  0.271803685904E-08  0.000000000000E+00  0.738772436711E-17
  0.986702183325E+01  0.301073364588E-08  0.000000000000E+00  0.906451708643E-17
  0.990112576338E+01 -0.803295459108E-10  0.000000000000E+00  0.645283594623E-20
  0.993522969351E+01 -0.305526276620E-08  0.000000000000E+00  0.933463057053E-17
  0.996933362364E+01 -0.257393672812E-08  0.000000000000E+00  0.662515028037E-17
  0.100034375538E+02  0.794272613667E-09  0.000000000000E+00  0.630868984822E-18
  0.100375414839E+02  0.324249753457E-08  0.000000000000E+00  0.105137902617E-16
  0.100716454140E+02  0.202863919108E-08  0.000000000000E+00  0.411537696758E-17
  0.101057493441E+02 -0.145380204404E-08  0.000000000000E+00  0.211354038325E-17
  0.101398532743E+02 -0.327482428927E-08  0.000000000000E+00  0.107244741256E-16
  0.101739572044E+02 -0.140262724306E-08  0.000000000000E+00  0.196736318297E-17
  0.102080611345E+02  0.202987144663E-08  0.000000000000E+00  0.412037808986E-17
  0.102421650647E+02  0.315453552294E-08  0.000000000000E+00  0.995109436548E-17
  0.102762689948E+02  0.726706465774E-09  0.000000000000E+00  0.528102287398E-18
  0.103103729249E+02 -0.249795838043E-08  0.000000000000E+00  0.623979607034E-17
  0.103444768550E+02 -0.289085666694E-08  0.000000000000E+00  0.835705226880E-17
  0.103785807852E+02 -0.332266934748E-10  0.000000000000E+00  0.110401315927E-20
  0.104126847153E+02  0.283907318471E-08  0.000000000000E+00  0.806033654812E-17
  0.104467886454E+02  0.249936091992E-08  0.000000000000E+00  0.624680500803E-17
  0.104808925756E+02 -0.645426500624E-09  0.000000000000E+00  0.416575367708E-18
  0.105149965057E+02 -0.304049389750E-08  0.000000000000E+00  0.924460314071E-17
  0.105491004358E+02 -0.200111201843E-08  0.000000000000E+00  0.400444931030E-17
  0.105832043659E+02  0.127830722325E-08  0.000000000000E+00  0.163406935701E-17
  0.106173082961E+02  0.309619928902E-08  0.000000000000E+00  0.958645003735E-17
  0.106514122262E+02  0.142157587328E-08  0.000000000000E+00  0.202087796349E-17
  0.106855161563E+02 -0.183728816296E-08  0.000000000000E+00  0.337562779376E-17
  0.107196200865E+02 -0.300698995627E-08  0.000000000000E+00  0.904198859713E-17
  0.107537240166E+02 -0.789360282915E-09  0.000000000000E+00  0.623089656243E-18
  0.107878279467E+02  0.229827665730E-08  0.000000000000E+00  0.528207559347E-17
  0.108219318768E+02  0.278029565481E-08  0.000000000000E+00  0.773004392816E-17
  0.108560358070E+02  0.134837387841E-09  0.000000000000E+00  0.181811211598E-19
  0.108901397371E+02 -0.264222426143E-08  0.000000000000E+00  0.698134904768E-17
  0.109242436672E+02 -0.242968769142E-08  0.000000000000E+00  0.590338227786E-17
  0.109583475973E+02  0.511281692806E-09  0.000000000000E+00  0.261408969398E-18
  0.109924515275E+02  0.285588308627E-08  0.000000000000E+00  0.815606820242E-17
  0.110265554576E+02  0.197412244300E-08  0.000000000000E+00  0.389715941995E-17
  0.110606593877E+02 -0.111935617675E-08  0.000000000000E+00  0.125295825042E-17
  0.110947633179E+02 -0.293228212429E-08  0.000000000000E+00  0.859827845643E-17
  0.111288672480E+02 -0.143695650642E-08  0.000000000000E+00  0.206484400134E-17
  0.111629711781E+02  0.166214724926E-08  0.000000000000E+00  0.276273347822E-17
  0.111970751082E+02  0.287090926350E-08  0.000000000000E+00  0.824211999925E-17
  0.112311790384E+02  0.844783489956E-09  0.000000000000E+00  0.713659144902E-18
  0.112652829685E+02 -0.211601003723E-08  0.000000000000E+00  0.447749847766E-17
  0.112993868986E+02 -0.267759417034E-08  0.000000000000E+00  0.716951054101E-17
  0.113334908288E+02 -0.226149008733E-09  0.000000000000E+00  0.511433741509E-19
  0.113675947589E+02  0.246189794494E-08  0.000000000000E+00  0.606094149131E-17
  0.114016986890E+02  0.236410585540E-08  0.000000000000E+00  0.558899649556E-17
  0.114358026191E+02 -0.389797861221E-09  0.000000000000E+00  0.151942372612E-18
  0.114699065493E+02 -0.268613573205E-08  0.000000000000E+00  0.721532517100E-17
  0.115040104794E+02 -0.194748844918E-08  0.000000000000E+00  0.379271125968E-17
  0.115381144095E+02  0.974650322634E-09  0.000000000000E+00  0.949943251411E-18
  0.115722183396E+02  0.278093235796E-08  0.000000000000E+00  0.773358477958E-17
  0.116063222698E+02  0.144917000001E-08  0.000000000000E+00  0.210009368894E-17
  0.116404261999E+02 -0.150202903551E-08  0.000000000000E+00  0.225609122352E-17
  0.116745301300E+02 -0.274461494841E-08  0.000000000000E+00  0.753291121506E-17
  0.117086340602E+02 -0.893890162286E-09  0.000000000000E+00  0.799039622232E-18
  0.117427379903E+02  0.194874793340E-08  0.000000000000E+00  0.379761850793E-17
  0.117768419204E+02  0.258157900443E-08  0.000000000000E+00  0.666455015610E-17
  0.118109458505E+02  0.308499177431E-09  0.000000000000E+00  0.951717424755E-19
  0.118450497807E+02 -0.229581166190E-08  0.000000000000E+00  0.527075118690E-17
  0.118791537108E+02 -0.230196276551E-08  0.000000000000E+00  0.529903257379E-17
  0.119132576409E+02  0.279316378294E-09  0.000000000000E+00  0.780176391834E-19
  0.119473615711E+02  0.252919997272E-08  0.000000000000E+00  0.639685250198E-17
  0.119814655012E+02  0.192106643885E-08  0.000000000000E+00  0.369049626249E-17
  0.120155694313E+02 -0.842319070081E-09  0.000000000000E+00  0.709501415822E-18
  0.120496733614E+02 -0.264041104458E-08  0.000000000000E+00  0.697177048436E-17
  0.120837772916E+02 -0.145854660376E-08  0.000000000000E+00  0.212735819533E-17
  0.121178812217E+02  0.135496111313E-08  0.000000000000E+00  0.183591961810E-17
  0.121519851518E+02  0.262674113086E-08  0.000000000000E+00  0.689976896855E-17
  0.121860890820E+02  0.937428739925E-09  0.000000000000E+00  0.878772642438E-18
  0.122201930121E+02 -0.179452263886E-08  0.000000000000E+00  0.322031150137E-17
  0.122542969422E+02 -0.249129464355E-08  0.000000000000E+00  0.620654900096E-17
  0.122884008723E+02 -0.382983554528E-09  0.000000000000E+00  0.146676403039E-18
  0.123225048025E+02  0.214209915222E-08  0.000000000000E+00  0.458858877794E-17
  0.123566087326E+02  0.224272743768E-08  0.000000000000E+00  0.502982635973E-17
  0.123907126627E+02 -0.178476465804E-09  0.000000000000E+00  0.318538488459E-19
  0.124248165928E+02 -0.238339502472E-08  0.000000000000E+00  0.568057184387E-17
  0.124589205230E+02 -0.189474222261E-08  0.000000000000E+00  0.359004809014E-17
  0.124930244531E+02  0.720825067934E-09  0.000000000000E+00  0.519588778562E-18
  0.125271283832E+02  0.250929148349E-08  0.000000000000E+00  0.629654374909E-17
  0.125612323134E+02  0.146536187630E-08  0.000000000000E+00  0.214728542851E-17
  0.125953362435E+02 -0.121931981235E-08  0.000000000000E+00  0.148674080479E-17
  0.126294401736E+02 -0.251616630764E-08  0.000000000000E+00  0.633109288769E-17
  0.126635441037E+02 -0.976019815903E-09  0.000000000000E+00  0.952614681036E-18
  0.126976480339E+02  0.165171106531E-08  0.000000000000E+00  0.272814944328E-17
  0.127317519640E+02  0.240595642238E-08  0.000000000000E+00  0.578862630638E-17
  0.127658558941E+02  0.450510148950E-09  0.000000000000E+00  0.202959394307E-18
  0.127999598243E+02 -0.199921896850E-08  0.000000000000E+00  0.399687648403E-17
  0.128340637544E+02 -0.218596472040E-08  0.000000000000E+00  0.477844175883E-17
  0.128681676845E+02  0.861497941765E-10  0.000000000000E+00  0.742178703665E-20
  0.129022716146E+02  0.224733147598E-08  0.000000000000E+00  0.505049876292E-17
  0.129363755448E+02  0.186842480428E-08  0.000000000000E+00  0.349101124925E-17
  0.129704794749E+02 -0.608893331740E-09  0.000000000000E+00  0.370751089438E-18
  0.130045834050E+02 -0.238639348801E-08  0.000000000000E+00  0.569487387963E-17
  0.130386873351E+02 -0.146984712023E-08  0.000000000000E+00  0.216045055686E-17
  0.130727912653E+02  0.109375719262E-08  0.000000000000E+00  0.119630479642E-17
  0.131068951954E+02  0.241196156995E-08  0.000000000000E+00  0.581755861490E-17
  0.131409991255E+02  0.101018142899E-08  0.000000000000E+00  0.102046651947E-17
  0.131751030557E+02 -0.151896498978E-08  0.000000000000E+00  0.230725464019E-17
  0.132092069858E+02 -0.232491417565E-08  0.000000000000E+00  0.540522592414E-17
  0.132433109159E+02 -0.511836743317E-09  0.000000000000E+00  0.261976851810E-18
  0.132774148460E+02  0.186588860363E-08  0.000000000000E+00  0.348154028114E-17
  0.133115187762E+02  0.213131486956E-08  0.000000000000E+00  0.454250307322E-17
  0.133456227063E+02 -0.139482961479E-11  0.000000000000E+00  0.194554965430E-23
  0.133797266364E+02 -0.211985158537E-08  0.000000000000E+00  0.449377074399E-17
  0.134138305666E+02 -0.184204151883E-08  0.000000000000E+00  0.339311695710E-17
  0.134479344967E+02  0.505457497989E-09  0.000000000000E+00  0.255487282273E-18
  0.134820384268E+02  0.227073232937E-08  0.000000000000E+00  0.515622531163E-17
  0.135161423569E+02  0.147219905442E-08  0.000000000000E+00  0.216737005583E-17
  0.135502462871E+02 -0.977144641067E-09  0.000000000000E+00  0.954811649566E-18
  0.135843502172E+02 -0.231335196439E-08  0.000000000000E+00  0.535159731115E-17
  0.136184541473E+02 -0.104035079698E-08  0.000000000000E+00  0.108232978077E-17
  0.136525580774E+02  0.139515365201E-08  0.000000000000E+00  0.194645371271E-17
  0.136866620076E+02  0.224762570095E-08  0.000000000000E+00  0.505182129159E-17
  0.137207659377E+02  0.567601553857E-09  0.000000000000E+00  0.322171523941E-18
  0.137548698678E+02 -0.174103245935E-08  0.000000000000E+00  0.303119402449E-17
  0.137889737980E+02 -0.207847872691E-08  0.000000000000E+00  0.432007381823E-17
  0.138230777281E+02 -0.765827205142E-10  0.000000000000E+00  0.586491308135E-20
  0.138571816582E+02  0.199998357747E-08  0.000000000000E+00  0.399993431016E-17
  0.138912855883E+02  0.181553362199E-08  0.000000000000E+00  0.329616233257E-17
  0.139253895185E+02 -0.409618792388E-09  0.000000000000E+00  0.167787555077E-18
  0.139594934486E+02 -0.216148121200E-08  0.000000000000E+00  0.467200102983E-17
  0.139935973787E+02 -0.147258588732E-08  0.000000000000E+00  0.216850919553E-17
  0.140277013089E+02  0.868530646082E-09  0.000000000000E+00  0.754345483184E-18
  0.140618052390E+02  0.221968633234E-08  0.000000000000E+00  0.492700741398E-17
  0.140959091691E+02  0.106689833191E-08  0.000000000000E+00  0.113827205063E-17
  0.141300130992E+02 -0.127932364755E-08  0.000000000000E+00  0.163666899518E-17
  0.141641170294E+02 -0.217363579536E-08  0.000000000000E+00  0.472469257085E-17
  0.141982209595E+02 -0.618345558601E-09  0.000000000000E+00  0.382351229842E-18
  0.142323248896E+02  0.162374215593E-08  0.000000000000E+00  0.263653858896E-17
  0.142664288198E+02  0.202720613267E-08  0.000000000000E+00  0.410956470433E-17
  0.143005327499E+02  0.148454843806E-09  0.000000000000E+00  0.220388406494E-19
  0.143346366800E+02 -0.188690639780E-08  0.000000000000E+00  0.356041575406E-17
  0.143687406101E+02 -0.178885446519E-08  0.000000000000E+00  0.320000029762E-17
  0.144028445403E+02  0.320615231972E-09  0.000000000000E+00  0.102794126972E-18
  0.144369484704E+02  0.205794120884E-08  0.000000000000E+00  0.423512201903E-17
  0.144710524005E+02  0.147115288197E-08  0.000000000000E+00  0.216429080212E-17
  0.145051563306E+02 -0.767107829891E-09  0.000000000000E+00  0.588454422680E-18
  0.145392602608E+02 -0.213041437581E-08  0.000000000000E+00  0.453866541265E-17
  0.145733641909E+02 -0.109014152677E-08  0.000000000000E+00  0.118840854839E-17
  0.146074681210E+02  0.117066491228E-08  0.000000000000E+00  0.137045633684E-17
  0.146415720512E+02  0.210256023295E-08  0.000000000000E+00  0.442075953320E-17
  0.146756759813E+02  0.664530858591E-09  0.000000000000E+00  0.441601262019E-18
  0.147097799114E+02 -0.151324591844E-08  0.000000000000E+00  0.228991320967E-17
  0.147438838415E+02 -0.197728694406E-08  0.000000000000E+00  0.390966365914E-17
  0.147779877717E+02 -0.214796371482E-09  0.000000000000E+00  0.461374812017E-19
  0.148120917018E+02  0.177992205160E-08  0.000000000000E+00  0.316812250978E-17
  0.148461956319E+02  0.176196719956E-08  0.000000000000E+00  0.310452841232E-17
  0.148802995621E+02 -0.237796409748E-09  0.000000000000E+00  0.565471324891E-19
  0.149144034922E+02 -0.195951815158E-08  0.000000000000E+00  0.383971138636E-17
  0.149485074223E+02 -0.146802678694E-08  0.000000000000E+00  0.215510264716E-17
  0.149826113524E+02  0.672186368812E-09  0.000000000000E+00  0.451834514417E-18
  0.150167152826E+02  0.204506830061E-08  0.000000000000E+00  0.418230435415E-17
  0.150508192127E+02  0.111035332817E-08  0.000000000000E+00  0.123288451337E-17
  0.150849231428E+02 -0.106848602745E-08  0.000000000000E+00  0.114166239085E-17
  0.151190270729E+02 -0.203407278327E-08  0.000000000000E+00  0.413745208762E-17
  0.151531310031E+02 -0.706554110380E-09  0.000000000000E+00  0.499218710894E-18
  0.151872349332E+02  0.140888409859E-08  0.000000000000E+00  0.198495440326E-17
  0.152213388633E+02  0.192854365870E-08  0.000000000000E+00  0.371928064351E-17
  0.152554427935E+02  0.276099684306E-09  0.000000000000E+00  0.762310356740E-19
  0.152895467236E+02 -0.167843430449E-08  0.000000000000E+00  0.281714171449E-17
  0.153236506537E+02 -0.173484213016E-08  0.000000000000E+00  0.300967721657E-17
  0.153577545838E+02  0.160603902589E-09  0.000000000000E+00  0.257936135268E-19
  0.153918585140E+02  0.186570409599E-08  0.000000000000E+00  0.348085177381E-17
  0.154259624441E+02  0.146331831137E-08  0.000000000000E+00  0.214130048040E-17
  0.154600663742E+02 -0.583174201740E-09  0.000000000000E+00  0.340092149575E-18
  0.154941703044E+02 -0.196324869920E-08  0.000000000000E+00  0.385434545490E-17
  0.155282742345E+02 -0.112777097859E-08  0.000000000000E+00  0.127186738015E-17
  0.155623781646E+02  0.972192635474E-09  0.000000000000E+00  0.945158520470E-18
  0.155964820947E+02  0.196789548287E-08  0.000000000000E+00  0.387261263150E-17
  0.156305860249E+02  0.744758763532E-09  0.000000000000E+00  0.554665615857E-18
  0.156646899550E+02 -0.131009024411E-08  0.000000000000E+00  0.171633644772E-17
  0.156987938851E+02 -0.188082604767E-08  0.000000000000E+00  0.353750662159E-17
  0.157328978153E+02 -0.332791063610E-09  0.000000000000E+00  0.110749892019E-18
  0.157670017454E+02  0.158193040608E-08  0.000000000000E+00  0.250250380969E-17
  0.158011056755E+02  0.170745674361E-08  0.000000000000E+00  0.291540853132E-17
  0.158352096056E+02 -0.885555781170E-10  0.000000000000E+00  0.784209041563E-20
  0.158693135358E+02 -0.177606303179E-08  0.000000000000E+00  0.315439989289E-17
  0.159034174659E+02 -0.145712533599E-08  0.000000000000E+00  0.212321424479E-17
  0.159375213960E+02  0.499560346236E-09  0.000000000000E+00  0.249560539531E-18
  0.159716253261E+02  0.188461285625E-08  0.000000000000E+00  0.355176561794E-17
  0.160057292563E+02  0.114260084463E-08  0.000000000000E+00  0.130553669015E-17
  0.160398331864E+02 -0.881272055373E-09  0.000000000000E+00  0.776640435582E-18
  0.160739371165E+02 -0.190379039883E-08  0.000000000000E+00  0.362441788267E-17
  0.161080410467E+02 -0.779442585922E-09  0.000000000000E+00  0.607530744748E-18
  0.161421449768E+02  0.121637532843E-08  0.000000000000E+00  0.147956893962E-17
  0.161762489069E+02  0.183400654594E-08  0.000000000000E+00  0.336358001056E-17
  0.162103528370E+02  0.385239845169E-09  0.000000000000E+00  0.148409738306E-18
  0.162444567672E+02 -0.148996861187E-08  0.000000000000E+00  0.222000646436E-17
  0.162785606973E+02 -0.167979330345E-08  0.000000000000E+00  0.282170554232E-17
  0.163126646274E+02  0.212332234344E-10  0.000000000000E+00  0.450849777415E-21
  0.163467685576E+02  0.169021881542E-08  0.000000000000E+00  0.285683964401E-17
  0.163808724877E+02  0.144953486219E-08  0.000000000000E+00  0.210115131671E-17
  0.164149764178E+02 -0.420901550772E-09  0.000000000000E+00  0.177158115442E-18
  0.164490803479E+02 -0.180886567617E-08  0.000000000000E+00  0.327199503444E-17
  0.164831842781E+02 -0.115502364779E-08  0.000000000000E+00  0.133407962695E-17
  0.165172882082E+02  0.795279448538E-09  0.000000000000E+00  0.632469401267E-18
  0.165513921383E+02  0.184155326823E-08  0.000000000000E+00  0.339131843972E-17
  0.165854960684E+02  0.810866504624E-09  0.000000000000E+00  0.657504488321E-18
  0.166195999986E+02 -0.112731567039E-08  0.000000000000E+00  0.127084062070E-17
  0.166537039287E+02 -0.178797668580E-08  0.000000000000E+00  0.319686062898E-17
  0.166878078588E+02 -0.433768204763E-09  0.000000000000E+00  0.188154855463E-18
  0.167219117890E+02  0.140216563500E-08  0.000000000000E+00  0.196606846798E-17
  0.167560157191E+02  0.165183925162E-08  0.000000000000E+00  0.272857291320E-17
  0.167901196492E+02  0.417278970576E-10  0.000000000000E+00  0.174121739285E-20
  0.168242235793E+02 -0.160784596794E-08  0.000000000000E+00  0.258516865664E-17
  0.168583275095E+02 -0.144062475390E-08  0.000000000000E+00  0.207539968154E-17
  0.168924314396E+02  0.346811899866E-09  0.000000000000E+00  0.120278493889E-18
  0.169265353697E+02  0.173575197624E-08  0.000000000000E+00  0.301283492303E-17
  0.169606392999E+02  0.116519905561E-08  0.000000000000E+00  0.135768883918E-17
  0.169947432300E+02 -0.713827746492E-09  0.000000000000E+00  0.509550051662E-18
  0.170288471601E+02 -0.178100818585E-08  0.000000000000E+00  0.317199015807E-17
  0.170629510902E+02 -0.839258583040E-09  0.000000000000E+00  0.704354969207E-18
  0.170970550204E+02  0.104254262828E-08  0.000000000000E+00  0.108689513179E-17
  0.171311589505E+02  0.174264407231E-08  0.000000000000E+00  0.303680836277E-17
  0.171652628806E+02  0.478658576709E-09  0.000000000000E+00  0.229114033057E-18
  0.171993668108E+02 -0.131818836651E-08  0.000000000000E+00  0.173762056960E-17
  0.172334707409E+02 -0.162358519410E-08  0.000000000000E+00  0.263602888251E-17
  0.172675746710E+02 -0.100646520700E-09  0.000000000000E+00  0.101297221291E-19
  0.173016786011E+02  0.152866183582E-08  0.000000000000E+00  0.233680700829E-17
  0.173357825313E+02  0.143046534950E-08  0.000000000000E+00  0.204623111611E-17
  0.173698864614E+02 -0.276953718539E-09  0.000000000000E+00  0.767033622125E-19
  0.174039903915E+02 -0.166505075661E-08  0.000000000000E+00  0.277239402208E-17
  0.174380943216E+02 -0.117326840788E-08  0.000000000000E+00  0.137655875693E-17
  0.174721982518E+02  0.636578628490E-09  0.000000000000E+00  0.405232350251E-18
  0.175063021819E+02  0.172200335432E-08  0.000000000000E+00  0.296529555229E-17
  0.175404061120E+02  0.864820913987E-09  0.000000000000E+00  0.747915213270E-18
  0.175745100422E+02 -0.961733793717E-09  0.000000000000E+00  0.924931889978E-18
  0.176086139723E+02 -0.169792980825E-08  0.000000000000E+00  0.288296563373E-17
  0.176427179024E+02 -0.520159279758E-09  0.000000000000E+00  0.270565676318E-18
  0.176768218325E+02  0.123774623194E-08  0.000000000000E+00  0.153201573467E-17
  0.177109257627E+02  0.159502562700E-08  0.000000000000E+00  0.254410675078E-17
  0.177450296928E+02  0.155802947249E-09  0.000000000000E+00  0.242745583714E-19
  0.177791336229E+02 -0.145242002638E-08  0.000000000000E+00  0.210952393303E-17
  0.178132375531E+02 -0.141911996325E-08  0.000000000000E+00  0.201390147009E-17
  0.178473414832E+02  0.211030722759E-09  0.000000000000E+00  0.445339659484E-19
  0.178814454133E+02  0.159656987803E-08  0.000000000000E+00  0.254903537544E-17
  0.179155493434E+02  0.117935755507E-08  0.000000000000E+00  0.139088424270E-17
  0.179496532736E+02 -0.563235570527E-09  0.000000000000E+00  0.317234307907E-18
  0.179837572037E+02 -0.166440748015E-08  0.000000000000E+00  0.277025225999E-17
  0.180178611338E+02 -0.887731598154E-09  0.000000000000E+00  0.788067390361E-18
  0.180519650639E+02  0.884607211986E-09  0.000000000000E+00  0.782529919498E-18
  0.180860689941E+02  0.165376691038E-08  0.000000000000E+00  0.273494499388E-17
  0.181201729242E+02  0.558489825859E-09  0.000000000000E+00  0.311910885589E-18
  0.181542768543E+02 -0.116058507493E-08  0.000000000000E+00  0.134695771615E-17
  0.181883807845E+02 -0.156615735032E-08  0.000000000000E+00  0.245284884596E-17
  0.182224847146E+02 -0.207444244095E-09  0.000000000000E+00  0.430331144083E-19
  0.182565886447E+02  0.137890526801E-08  0.000000000000E+00  0.190137973813E-17
  0.182906925748E+02  0.140664623853E-08  0.000000000000E+00  0.197865364036E-17
  0.183247965050E+02 -0.148782062259E-09  0.000000000000E+00  0.221361020500E-19
  0.183589004351E+02 -0.153014183855E-08  0.000000000000E+00  0.234133404609E-17
  0.183930043652E+02 -0.118357916744E-08  0.000000000000E+00  0.140085964559E-17
  0.184271082954E+02  0.493537442567E-09  0.000000000000E+00  0.243579207216E-18
  0.184612122255E+02  0.160810691397E-08  0.000000000000E+00  0.258600784677E-17
  0.184953161556E+02  0.908149384543E-09  0.000000000000E+00  0.824735304645E-18
  0.185294200857E+02 -0.810915161809E-09  0.000000000000E+00  0.657583399652E-18
  0.185635240159E+02 -0.161009822538E-08  0.000000000000E+00  0.259241629538E-17
  0.185976279460E+02 -0.593844492890E-09  0.000000000000E+00  0.352651281736E-18
  0.186317318761E+02  0.108648171865E-08  0.000000000000E+00  0.118044252495E-17
  0.186658358063E+02  0.153697982187E-08  0.000000000000E+00  0.236230697283E-17
  0.186999397364E+02  0.255788790132E-09  0.000000000000E+00  0.654279051571E-19
  0.187340436665E+02 -0.130792940882E-08  0.000000000000E+00  0.171067933844E-17
  0.187681475966E+02 -0.139309729812E-08  0.000000000000E+00  0.194072008204E-17
  0.188022515268E+02  0.899770839332E-10  0.000000000000E+00  0.809587563313E-20
  0.188363554569E+02  0.146562077144E-08  0.000000000000E+00  0.214804424568E-17
  0.188704593870E+02  0.118603386638E-08  0.000000000000E+00  0.140667633219E-17
  0.189045633171E+02 -0.427254476938E-09  0.000000000000E+00  0.182546388064E-18
  0.189386672473E+02 -0.155300323519E-08  0.000000000000E+00  0.241181904850E-17
  0.189727711774E+02 -0.926216043970E-09  0.000000000000E+00  0.857876160108E-18
  0.190068751075E+02  0.740439017962E-09  0.000000000000E+00  0.548249939321E-18
  0.190409790377E+02  0.156687531248E-08  0.000000000000E+00  0.245509824485E-17
  0.190750829678E+02  0.626396241775E-09  0.000000000000E+00  0.392372251709E-18
  0.191091868979E+02 -0.101524015246E-08  0.000000000000E+00  0.103071256717E-17
  0.191432908280E+02 -0.150749418860E-08  0.000000000000E+00  0.227253872866E-17
  0.191773947582E+02 -0.301030423178E-09  0.000000000000E+00  0.906193156789E-19
  0.192114986883E+02  0.123932718786E-08  0.000000000000E+00  0.153593187857E-17
  0.192456026184E+02  0.137852181152E-08  0.000000000000E+00  0.190032238484E-17
  0.192797065486E+02 -0.344119472563E-10  0.000000000000E+00  0.118418211397E-20
  0.193138104787E+02 -0.140287931545E-08  0.000000000000E+00  0.196807037371E-17
  0.193479144088E+02 -0.118681256489E-08  0.000000000000E+00  0.140852406417E-17
  0.193820183389E+02  0.364183027096E-09  0.000000000000E+00  0.132629277225E-18
  0.194161222691E+02  0.149901109815E-08  0.000000000000E+00  0.224703427237E-17
  0.194502261992E+02  0.942057675406E-09  0.000000000000E+00  0.887472663792E-18
  0.194843301293E+02 -0.672986605312E-09  0.000000000000E+00  0.452910970929E-18
  0.195184340594E+02 -0.152405709467E-08  0.000000000000E+00  0.232275002782E-17
  0.195525379896E+02 -0.656298564569E-09  0.000000000000E+00  0.430727805856E-18
  0.195866419197E+02  0.946687902595E-09  0.000000000000E+00  0.896217984920E-18
  0.196207458498E+02  0.147770387974E-08  0.000000000000E+00  0.218360875618E-17
  0.196548497800E+02  0.343341862963E-09  0.000000000000E+00  0.117883634863E-18
  0.196889537101E+02 -0.117295387258E-08  0.000000000000E+00  0.137582078719E-17
  0.197230576402E+02 -0.136296435520E-08  0.000000000000E+00  0.185767183354E-17
  0.197571615703E+02 -0.180939421587E-10  0.000000000000E+00  0.327390742841E-21
  0.197912655005E+02  0.134180596444E-08  0.000000000000E+00  0.180044324620E-17
  0.198253694306E+02  0.118599798919E-08  0.000000000000E+00  0.140659123037E-17
  0.198594733607E+02 -0.304142621262E-09  0.000000000000E+00  0.925027340681E-19
  0.198935772909E+02 -0.144605660060E-08  0.000000000000E+00  0.209107969215E-17
  0.199276812210E+02 -0.955787941094E-09  0.000000000000E+00  0.913530588341E-18
  0.199617851511E+02  0.608387568337E-09  0.000000000000E+00  0.370135433307E-18
  0.199958890812E+02  0.148160918770E-08  0.000000000000E+00  0.219516578508E-17
  0.200299930114E+02  0.683689895175E-09  0.000000000000E+00  0.467431872764E-18
  0.200640969415E+02 -0.880672362264E-09  0.000000000000E+00  0.775583809656E-18
  0.200982008716E+02 -0.144761336218E-08  0.000000000000E+00  0.209558444635E-17
  0.201323048018E+02 -0.382875945020E-09  0.000000000000E+00  0.146593989275E-18
  0.201664087319E+02  0.110868189854E-08  0.000000000000E+00  0.122917555214E-17
  0.202005126620E+02  0.134646660111E-08  0.000000000000E+00  0.181297230790E-17
  0.202346165921E+02  0.677021561308E-10  0.000000000000E+00  0.458358194476E-20
  0.202687205223E+02 -0.128230352212E-08  0.000000000000E+00  0.164430232285E-17
  0.203028244524E+02 -0.118366423625E-08  0.000000000000E+00  0.140106102418E-17
  0.203369283825E+02  0.246974595318E-09  0.000000000000E+00  0.609964507324E-19
  0.203710323126E+02  0.139407595040E-08  0.000000000000E+00  0.194344775549E-17
  0.204051362428E+02  0.967509198944E-09  0.000000000000E+00  0.936074050042E-18
  0.204392401729E+02 -0.546491310832E-09  0.000000000000E+00  0.298652752814E-18
  0.204733441030E+02 -0.143950264888E-08  0.000000000000E+00  0.207216787612E-17
  0.205074480332E+02 -0.708692690614E-09  0.000000000000E+00  0.502245329729E-18
  0.205415519633E+02  0.817060394066E-09  0.000000000000E+00  0.667587687551E-18
  0.205756558934E+02  0.141722859128E-08  0.000000000000E+00  0.200853687993E-17
  0.206097598235E+02  0.419770021826E-09  0.000000000000E+00  0.176206871224E-18
  0.206438637537E+02 -0.104639944322E-08  0.000000000000E+00  0.109495179477E-17
  0.206779676838E+02 -0.132906710504E-08  0.000000000000E+00  0.176641936971E-17
  0.207120716139E+02 -0.114554951798E-09  0.000000000000E+00  0.131228369815E-19
  0.207461755441E+02  0.122428731639E-08  0.000000000000E+00  0.149887943306E-17
  0.207802794742E+02  0.117987909550E-08  0.000000000000E+00  0.139211468001E-17
  0.208143834043E+02 -0.192536627268E-09  0.000000000000E+00  0.370703528397E-19
  0.208484873344E+02 -0.134301405027E-08  0.000000000000E+00  0.180368673922E-17
  0.208825912646E+02 -0.977313252281E-09  0.000000000000E+00  0.955141193085E-18
  0.209166951947E+02  0.487165189023E-09  0.000000000000E+00  0.237329921396E-18
  0.209507991248E+02  0.139771362323E-08  0.000000000000E+00  0.195360337257E-17
  0.209849030549E+02  0.731417407248E-09  0.000000000000E+00  0.534971423625E-18
  0.210190069851E+02 -0.755732937188E-09  0.000000000000E+00  0.571132272350E-18
  0.210531109152E+02 -0.138655643900E-08  0.000000000000E+00  0.192253875854E-17
  0.210872148453E+02 -0.454145958384E-09  0.000000000000E+00  0.206248551517E-18
  0.211213187755E+02  0.986009016263E-09  0.000000000000E+00  0.972213780152E-18
  0.211554227056E+02  0.131080174894E-08  0.000000000000E+00  0.171820122502E-17
  0.211895266357E+02  0.158779889048E-09  0.000000000000E+00  0.252110531660E-19
  0.212236305658E+02 -0.116768305125E-08  0.000000000000E+00  0.136348370818E-17
  0.212577344960E+02 -0.117470435290E-08  0.000000000000E+00  0.137993031672E-17
  0.212918384261E+02  0.140703578712E-09  0.000000000000E+00  0.197974970623E-19
  0.213259423562E+02  0.129282390901E-08  0.000000000000E+00  0.167139365971E-17
  0.213600462864E+02  0.985282629963E-09  0.000000000000E+00  0.970781860906E-18
  0.213941502165E+02 -0.430291567524E-09  0.000000000000E+00  0.185150833082E-18
  0.214282541466E+02 -0.135622266211E-08  0.000000000000E+00  0.183933990923E-17
  0.214623580767E+02 -0.751963131977E-09  0.000000000000E+00  0.565448551853E-18
  0.214964620069E+02  0.696586535930E-09  0.000000000000E+00  0.485232802039E-18
  0.215305659370E+02  0.135560474559E-08  0.000000000000E+00  0.183766422628E-17
  0.215646698671E+02  0.486112383004E-09  0.000000000000E+00  0.236305248910E-18
  0.215987737972E+02 -0.927424453936E-09  0.000000000000E+00  0.860116117758E-18
  0.216328777274E+02 -0.129170404886E-08  0.000000000000E+00  0.166849934984E-17
  0.216669816575E+02 -0.200490085711E-09  0.000000000000E+00  0.401962744683E-19
  0.217010855876E+02  0.111242680340E-08  0.000000000000E+00  0.123749339291E-17
  0.217351895178E+02  0.116819545541E-08  0.000000000000E+00  0.136468062203E-17
  0.217692934479E+02 -0.913644235621E-10  0.000000000000E+00  0.834745789283E-20
  0.218033973780E+02 -0.124346506584E-08  0.000000000000E+00  0.154620536995E-17
  0.218375013081E+02 -0.991492376291E-09  0.000000000000E+00  0.983057132243E-18
  0.218716052383E+02  0.375766607091E-09  0.000000000000E+00  0.141200543005E-18
  0.219057091684E+02  0.131501417167E-08  0.000000000000E+00  0.172926227170E-17
  0.219398130985E+02  0.770417652880E-09  0.000000000000E+00  0.593543359869E-18
  0.219739170287E+02 -0.639530019751E-09  0.000000000000E+00  0.408998646162E-18
  0.220080209588E+02 -0.132438226377E-08  0.000000000000E+00  0.175398838059E-17
  0.220421248889E+02 -0.515767132097E-09  0.000000000000E+00  0.266015734552E-18
  0.220762288190E+02  0.870571029026E-09  0.000000000000E+00  0.757893916579E-18
  0.221103327492E+02  0.127180499633E-08  0.000000000000E+00  0.161748794869E-17
  0.221444366793E+02  0.239785031058E-09  0.000000000000E+00  0.574968611193E-19
  0.221785406094E+02 -0.105846355132E-08  0.000000000000E+00  0.112034508946E-17
  0.222126445396E+02 -0.116040392923E-08  0.000000000000E+00  0.134653727897E-17
  0.222467484697E+02  0.444206204795E-10  0.000000000000E+00  0.197319152378E-20
  0.222808523998E+02  0.119490345102E-08  0.000000000000E+00  0.142779425725E-17
  0.223149563299E+02  0.996009167748E-09  0.000000000000E+00  0.992034262237E-18
  0.223490602601E+02 -0.323500149219E-09  0.000000000000E+00  0.104652346545E-18
  0.223831641902E+02 -0.127407606623E-08  0.000000000000E+00  0.162326982254E-17
  0.224172681203E+02 -0.786860083941E-09  0.000000000000E+00  0.619148791700E-18
  0.224513720504E+02  0.584483557583E-09  0.000000000000E+00  0.341621029085E-18
  0.224854759806E+02  0.129289812059E-08  0.000000000000E+00  0.167158555022E-17
  0.225195799107E+02  0.543195140456E-09  0.000000000000E+00  0.295060960615E-18
  0.225536838408E+02 -0.815384637814E-09  0.000000000000E+00  0.664852107583E-18
  0.225877877710E+02 -0.125113376584E-08  0.000000000000E+00  0.156533570003E-17
  0.226218917011E+02 -0.276753457391E-09  0.000000000000E+00  0.765924761780E-19
  0.226559956312E+02  0.100574552105E-08  0.000000000000E+00  0.101152405312E-17
  0.226900995613E+02  0.115137551129E-08  0.000000000000E+00  0.132566556801E-17
  0.227242034915E+02  0.212796809399E-12  0.000000000000E+00  0.452824820902E-25
  0.227583074216E+02 -0.114711113028E-08  0.000000000000E+00  0.131586394520E-17
  0.227924113517E+02 -0.998893230955E-09  0.000000000000E+00  0.997787686848E-18
  0.228265152819E+02  0.273412026743E-09  0.000000000000E+00  0.747541363675E-19
  0.228606192120E+02  0.123339919384E-08  0.000000000000E+00  0.152127357137E-17
  0.228947231421E+02  0.801360597652E-09  0.000000000000E+00  0.642178807470E-18
  0.229288270722E+02 -0.531378832857E-09  0.000000000000E+00  0.282363464008E-18
  0.229629310024E+02 -0.126116207735E-08  0.000000000000E+00  0.159052978534E-17
  0.229970349325E+02 -0.568472808105E-09  0.000000000000E+00  0.323161333555E-18
  0.230311388626E+02  0.761809144426E-09  0.000000000000E+00  0.580353172532E-18
  0.230652427927E+02  0.122971711487E-08  0.000000000000E+00  0.151220418260E-17
  0.230993467229E+02  0.311472641188E-09  0.000000000000E+00  0.970152062088E-19
  0.231334506530E+02 -0.954233445183E-09  0.000000000000E+00  0.910561467907E-18
  0.231675545831E+02 -0.114115200521E-08  0.000000000000E+00  0.130222789899E-17
  0.232016585133E+02 -0.426110442740E-10  0.000000000000E+00  0.181570109412E-20
  0.232357624434E+02  0.110006451668E-08  0.000000000000E+00  0.121014194086E-17
  0.232698663735E+02  0.100019788539E-08  0.000000000000E+00  0.100039580994E-17
  0.233039703036E+02 -0.225434551205E-09  0.000000000000E+00  0.508207368772E-19
  0.233380742338E+02 -0.119297768821E-08  0.000000000000E+00  0.142319576456E-17
  0.233721781639E+02 -0.813980627718E-09  0.000000000000E+00  0.662564462300E-18
  0.234062820940E+02  0.480156850918E-09  0.000000000000E+00  0.230550601484E-18
  0.234403860242E+02  0.122918427085E-08  0.000000000000E+00  0.151089397169E-17
  0.234744899543E+02  0.591666278395E-09  0.000000000000E+00  0.350068984990E-18
  0.235085938844E+02 -0.709798296692E-09  0.000000000000E+00  0.503813621987E-18
  0.235426978145E+02 -0.120757991295E-08  0.000000000000E+00  0.145824924616E-17
  0.235768017447E+02 -0.344009288573E-09  0.000000000000E+00  0.118342390625E-18
  0.236109056748E+02  0.903894302344E-09  0.000000000000E+00  0.817024909810E-18
  0.236450096049E+02  0.112977097064E-08  0.000000000000E+00  0.127638244611E-17
  0.236791135351E+02  0.828384561580E-10  0.000000000000E+00  0.686220981863E-20
  0.237132174652E+02 -0.105374545263E-08  0.000000000000E+00  0.111037947894E-17
  0.237473213953E+02 -0.999970083502E-09  0.000000000000E+00  0.999940167898E-18
  0.237814253254E+02  0.179509707800E-09  0.000000000000E+00  0.322237351946E-19
  0.238155292556E+02  0.115280790324E-08  0.000000000000E+00  0.132896606178E-17
  0.238496331857E+02  0.824774189206E-09  0.000000000000E+00  0.680252463180E-18
  0.238837371158E+02 -0.430768171251E-09  0.000000000000E+00  0.185561217363E-18
  0.239178410459E+02 -0.119697496879E-08  0.000000000000E+00  0.143274907592E-17
  0.239519449761E+02 -0.612832269303E-09  0.000000000000E+00  0.375563390299E-18
  0.239860489062E+02  0.659313785835E-09  0.000000000000E+00  0.434694668192E-18
  0.240201528363E+02  0.118474500553E-08  0.000000000000E+00  0.140362072813E-17
  0.240542567665E+02  0.374420787504E-09  0.000000000000E+00  0.140190926115E-18
  0.240883606966E+02 -0.854701495120E-09  0.000000000000E+00  0.730514645760E-18
  0.241224646267E+02 -0.111726516566E-08  0.000000000000E+00  0.124828145039E-17
  0.241565685568E+02 -0.120948306950E-09  0.000000000000E+00  0.146284929540E-19
  0.241906724870E+02  0.100814069719E-08  0.000000000000E+00  0.101634766533E-17
  0.242247764171E+02  0.998250601182E-09  0.000000000000E+00  0.996504262760E-18
  0.242588803472E+02 -0.135589203108E-09  0.000000000000E+00  0.183844319995E-19
  0.242929842774E+02 -0.111288870765E-08  0.000000000000E+00  0.123852127562E-17
  0.243270882075E+02 -0.833786431847E-09  0.000000000000E+00  0.695199813932E-18
  0.243611921376E+02  0.383173455467E-09  0.000000000000E+00  0.146821896975E-18
  0.243952960677E+02  0.116454489462E-08  0.000000000000E+00  0.135616481158E-17
  0.244293999979E+02  0.632018244265E-09  0.000000000000E+00  0.399447061084E-18
  0.244635039280E+02 -0.610325345541E-09  0.000000000000E+00  0.372497027410E-18
  0.244976078581E+02 -0.116123297074E-08  0.000000000000E+00  0.134846201234E-17
  0.245317117882E+02 -0.402753205082E-09  0.000000000000E+00  0.162210144204E-18
  0.245658157184E+02  0.806635946846E-09  0.000000000000E+00  0.650661550744E-18
  0.245999196485E+02  0.110366349557E-08  0.000000000000E+00  0.121807311146E-17
  0.246340235786E+02  0.156983883146E-09  0.000000000000E+00  0.246439395677E-19
  0.246681275088E+02 -0.963241147524E-09  0.000000000000E+00  0.927833508283E-18
  0.247022314389E+02 -0.995074243646E-09  0.000000000000E+00  0.990172750368E-18
  0.247363353690E+02  0.936356795607E-10  0.000000000000E+00  0.876764048679E-20
  0.247704392991E+02  0.107322157771E-08  0.000000000000E+00  0.115180455487E-17
  0.248045432293E+02  0.841055182764E-09  0.000000000000E+00  0.707373820454E-18
  0.248386471594E+02 -0.337341975046E-09  0.000000000000E+00  0.113799608128E-18
  0.248727510895E+02 -0.113190465372E-08  0.000000000000E+00  0.128120814511E-17
  0.249068550197E+02 -0.649263021840E-09  0.000000000000E+00  0.421542471529E-18
  0.249409589498E+02  0.562810715418E-09  0.000000000000E+00  0.316755901389E-18
  0.249750628799E+02  0.113706230817E-08  0.000000000000E+00  0.129291069266E-17
  0.250091668100E+02  0.429043559085E-09  0.000000000000E+00  0.184078375592E-18
  0.250432707402E+02 -0.759684101939E-09  0.000000000000E+00  0.577119934739E-18
  0.250773746703E+02 -0.108898990233E-08  0.000000000000E+00  0.118589900737E-17
  0.251114786004E+02 -0.190978280644E-09  0.000000000000E+00  0.364727036777E-19
  0.251455825306E+02  0.919042811585E-09  0.000000000000E+00  0.844639689526E-18
  0.251796864607E+02  0.990468578121E-09  0.000000000000E+00  0.981028004246E-18
  0.252137903908E+02 -0.536220281915E-10  0.000000000000E+00  0.287532190737E-20
  0.252478943209E+02 -0.103381049362E-08  0.000000000000E+00  0.106876413672E-17
  0.252819982511E+02 -0.846609888655E-09  0.000000000000E+00  0.716748303568E-18
  0.253161021812E+02  0.293253093283E-09  0.000000000000E+00  0.859973767198E-19
  0.253502061113E+02  0.109906507752E-08  0.000000000000E+00  0.120794404463E-17
  0.253843100414E+02  0.664594713784E-09  0.000000000000E+00  0.441686133590E-18
  0.254184139716E+02 -0.516757306816E-09  0.000000000000E+00  0.267038114148E-18
  0.254525179017E+02 -0.111224896849E-08  0.000000000000E+00  0.123709776790E-17
  0.254866218318E+02 -0.453317535817E-09  0.000000000000E+00  0.205496788280E-18
  0.255207257620E+02  0.713840189258E-09  0.000000000000E+00  0.509567815800E-18
  0.255548296921E+02  0.107326421043E-08  0.000000000000E+00  0.115189606539E-17
  0.255889336222E+02  0.222952776946E-09  0.000000000000E+00  0.497079407478E-19
  0.256230375523E+02 -0.875546424704E-09  0.000000000000E+00  0.766581541812E-18
  0.256571414825E+02 -0.984454469537E-09  0.000000000000E+00  0.969150602592E-18
  0.256912454126E+02  0.155317157365E-10  0.000000000000E+00  0.241234193721E-21
  0.257253493427E+02  0.994661766534E-09  0.000000000000E+00  0.989352029804E-18
  0.257594532729E+02  0.850470499273E-09  0.000000000000E+00  0.723300070134E-18
  0.257935572030E+02 -0.250897282009E-09  0.000000000000E+00  0.629494461193E-19
  0.258276611331E+02 -0.106603719487E-08  0.000000000000E+00  0.113643530085E-17
  0.258617650632E+02 -0.678031346907E-09  0.000000000000E+00  0.459726507388E-18
  0.258958689934E+02  0.472160323133E-09  0.000000000000E+00  0.222935370741E-18
  0.259299729235E+02  0.108680633916E-08  0.000000000000E+00  0.118114801883E-17
  0.259640768536E+02  0.475589031895E-09  0.000000000000E+00  0.226184927259E-18
  0.259981807837E+02 -0.669106131503E-09  0.000000000000E+00  0.447703015215E-18
  0.260322847139E+02 -0.105650009318E-08  0.000000000000E+00  0.111619244690E-17
  0.260663886440E+02 -0.252916260585E-09  0.000000000000E+00  0.639666348681E-19
  0.261004925741E+02  0.832758267576E-09  0.000000000000E+00  0.693486332217E-18
  0.261345965043E+02  0.977044957597E-09  0.000000000000E+00  0.954616849166E-18
  0.261687004344E+02  0.206384679300E-10  0.000000000000E+00  0.425946358496E-21
  0.262028043645E+02 -0.955785427598E-09  0.000000000000E+00  0.913525783608E-18
  0.262369082946E+02 -0.852647395205E-09  0.000000000000E+00  0.727007580549E-18
  0.262710122248E+02  0.210275762434E-09  0.000000000000E+00  0.442158962671E-19
  0.263051161549E+02  0.103283153748E-08  0.000000000000E+00  0.106674098480E-17
  0.263392200850E+02  0.689578793083E-09  0.000000000000E+00  0.475518911869E-18
  0.263733240152E+02 -0.429027263996E-09  0.000000000000E+00  0.184064393252E-18
  0.264074279453E+02 -0.106074523473E-08  0.000000000000E+00  0.112518045300E-17
  0.264415318754E+02 -0.495858713052E-09  0.000000000000E+00  0.245875863309E-18
  0.264756358055E+02  0.625492379604E-09  0.000000000000E+00  0.391240716943E-18
  0.265097397357E+02  0.103870654193E-08  0.000000000000E+00  0.107891128025E-17
  0.265438436658E+02  0.280864520183E-09  0.000000000000E+00  0.788848786978E-19
  0.265779475959E+02 -0.790690696680E-09  0.000000000000E+00  0.625191777816E-18
  0.266120515261E+02 -0.968243927638E-09  0.000000000000E+00  0.937496303407E-18
  0.266461554562E+02 -0.548776673111E-10  0.000000000000E+00  0.301155836951E-20
  0.266802593863E+02  0.917194071842E-09  0.000000000000E+00  0.841244965422E-18
  0.267143633164E+02  0.853139191064E-09  0.000000000000E+00  0.727846479330E-18
  0.267484672466E+02 -0.171404546696E-09  0.000000000000E+00  0.293795186282E-19
  0.267825711767E+02 -0.999459944613E-09  0.000000000000E+00  0.998920180885E-18
  0.268166751068E+02 -0.699228901672E-09  0.000000000000E+00  0.488921056933E-18
  0.268507790369E+02  0.387376887321E-09  0.000000000000E+00  0.150060852830E-18
  0.268848829671E+02  0.103407280952E-08  0.000000000000E+00  0.106930657538E-17
  0.269189868972E+02  0.514111650936E-09  0.000000000000E+00  0.264310789628E-18
  0.269530908273E+02 -0.583019724831E-09  0.000000000000E+00  0.339911999542E-18
  0.269871947575E+02 -0.101988465167E-08  0.000000000000E+00  0.104016470272E-17
  0.270212986876E+02 -0.306774619348E-09  0.000000000000E+00  0.941106670760E-19
  0.270554026177E+02  0.749364930758E-09  0.000000000000E+00  0.561547799450E-18
  0.270895065478E+02  0.958045800872E-09  0.000000000000E+00  0.917851756568E-18
  0.271236104780E+02  0.871588639936E-10  0.000000000000E+00  0.759666757265E-20
  0.271577144081E+02 -0.878905586594E-09  0.000000000000E+00  0.772475030146E-18
  0.271918183382E+02 -0.851930971490E-09  0.000000000000E+00  0.725786380184E-18
  0.272259222684E+02  0.134315713721E-09  0.000000000000E+00  0.180407109523E-19
  0.272600261985E+02  0.965934178260E-09  0.000000000000E+00  0.933028836731E-18
  0.272941301286E+02  0.706957677838E-09  0.000000000000E+00  0.499789158254E-18
  0.273282340587E+02 -0.347243647802E-09  0.000000000000E+00  0.120578150939E-18
  0.273623379889E+02 -0.100679338046E-08  0.000000000000E+00  0.101363291093E-17
  0.273964419190E+02 -0.530314416357E-09  0.000000000000E+00  0.281233380196E-18
  0.274305458491E+02  0.541722282011E-09  0.000000000000E+00  0.293463030827E-18
  0.274646497792E+02  0.100002795035E-08  0.000000000000E+00  0.100005590148E-17
  0.274987537094E+02  0.330605140920E-09  0.000000000000E+00  0.109299759203E-18
  0.275328576395E+02 -0.708810957128E-09  0.000000000000E+00  0.502412972945E-18
  0.275669615696E+02 -0.946432219284E-09  0.000000000000E+00  0.895733945699E-18
  0.276010654998E+02 -0.117432677082E-09  0.000000000000E+00  0.137904336466E-19
  0.276351694299E+02  0.840943354226E-09  0.000000000000E+00  0.707185725017E-18
  0.276692733600E+02  0.848991271281E-09  0.000000000000E+00  0.720786178711E-18
  0.277033772901E+02 -0.990622579857E-10  0.000000000000E+00  0.981333095723E-20
  0.277374812203E+02 -0.932267730617E-09  0.000000000000E+00  0.869123121550E-18
  0.277715851504E+02 -0.712720514996E-09  0.000000000000E+00  0.507970532496E-18
  0.278056890805E+02  0.308681464739E-09  0.000000000000E+00  0.952842466735E-19
  0.278397930107E+02  0.978906838690E-09  0.000000000000E+00  0.958258598834E-18
  0.278738969408E+02  0.544409630494E-09  0.000000000000E+00  0.296381845775E-18
  0.279080008709E+02 -0.501650564869E-09  0.000000000000E+00  0.251653289233E-18
  0.279421048010E+02 -0.979121081427E-09  0.000000000000E+00  0.958678092096E-18
  0.279762087312E+02 -0.352288224071E-09  0.000000000000E+00  0.124106992819E-18
  0.280103126613E+02  0.669072376471E-09  0.000000000000E+00  0.447657844956E-18
  0.280444165914E+02  0.933369545835E-09  0.000000000000E+00  0.871178709092E-18
  0.280785205215E+02  0.145623501147E-09  0.000000000000E+00  0.212062040864E-19
  0.281126244517E+02 -0.803339285766E-09  0.000000000000E+00  0.645354008055E-18
  0.281467283818E+02 -0.844268675888E-09  0.000000000000E+00  0.712789597085E-18
  0.281808323119E+02  0.657234339228E-10  0.000000000000E+00  0.431956976660E-20
  0.282149362421E+02  0.898476403454E-09  0.000000000000E+00  0.807259847563E-18
  0.282490401722E+02  0.716446998612E-09  0.000000000000E+00  0.513296301819E-18
  0.282831441023E+02 -0.271769232406E-09  0.000000000000E+00  0.738585156828E-19
  0.283172480324E+02 -0.950409328027E-09  0.000000000000E+00  0.903277890801E-18
  0.283513519626E+02 -0.556310625397E-09  0.000000000000E+00  0.309481511930E-18
  0.283854558927E+02  0.462877547533E-09  0.000000000000E+00  0.214255624011E-18
  0.284195598228E+02  0.957136987578E-09  0.000000000000E+00  0.916111212991E-18
  0.284536637530E+02  0.371722802473E-09  0.000000000000E+00  0.138177841879E-18
  0.284877676831E+02 -0.630210389375E-09  0.000000000000E+00  0.397165134876E-18
  0.285218716132E+02 -0.918806092714E-09  0.000000000000E+00  0.844204636008E-18
  0.285559755433E+02 -0.171621076988E-09  0.000000000000E+00  0.294537940665E-19
  0.285900794735E+02  0.766136704393E-09  0.000000000000E+00  0.586965449818E-18
  0.286241834036E+02  0.837684724109E-09  0.000000000000E+00  0.701715697006E-18
  0.286582873337E+02 -0.344147317773E-10  0.000000000000E+00  0.118437376330E-20
  0.286923912639E+02 -0.864580210088E-09  0.000000000000E+00  0.747498939675E-18
  0.287264951940E+02 -0.718033951539E-09  0.000000000000E+00  0.515572755562E-18
  0.287605991241E+02  0.236620126230E-09  0.000000000000E+00  0.559890841370E-19
  0.287947030542E+02  0.921292729901E-09  0.000000000000E+00  0.848780294168E-18
  0.288288069844E+02  0.565890920301E-09  0.000000000000E+00  0.320232533679E-18
  0.288629109145E+02 -0.425507224527E-09  0.000000000000E+00  0.181056398124E-18
  0.288970148446E+02 -0.934034994610E-09  0.000000000000E+00  0.872421371155E-18
  0.289311187747E+02 -0.388763973402E-09  0.000000000000E+00  0.151137427015E-18
  0.289652227049E+02  0.592311274478E-09  0.000000000000E+00  0.350832645874E-18
  0.289993266350E+02  0.902665784763E-09  0.000000000000E+00  0.814805518982E-18
  0.290334305651E+02  0.195266726509E-09  0.000000000000E+00  0.381290944814E-19
  0.290675344953E+02 -0.729396701992E-09  0.000000000000E+00  0.532019548877E-18
  0.291016384254E+02 -0.829127136068E-09  0.000000000000E+00  0.687451807764E-18
  0.291357423555E+02  0.530020125011E-11  0.000000000000E+00  0.280921332917E-22
  0.291698462856E+02  0.830607515219E-09  0.000000000000E+00  0.689908844338E-18
  0.292039502158E+02  0.717334095986E-09  0.000000000000E+00  0.514568205265E-18
  0.292380541459E+02 -0.203394910121E-09  0.000000000000E+00  0.413694894632E-19
  0.292721580760E+02 -0.891545019638E-09  0.000000000000E+00  0.794852522041E-18
  0.293062620062E+02 -0.572971045427E-09  0.000000000000E+00  0.328295818898E-18
  0.293403659363E+02  0.389686629120E-09  0.000000000000E+00  0.151855668915E-18
  0.293744698664E+02  0.909757688138E-09  0.000000000000E+00  0.827659051126E-18
  0.294085737965E+02  0.403205296501E-09  0.000000000000E+00  0.162574511127E-18
  0.294426777267E+02 -0.555498268646E-09  0.000000000000E+00  0.308578326469E-18
  0.294767816568E+02 -0.884841789579E-09  0.000000000000E+00  0.782944992585E-18
  0.295108855869E+02 -0.216335521343E-09  0.000000000000E+00  0.468010577949E-19
  0.295449895170E+02  0.693207342345E-09  0.000000000000E+00  0.480536419482E-18
  0.295790934472E+02  0.818438576018E-09  0.000000000000E+00  0.669841702715E-18
  0.296131973773E+02  0.213870982104E-10  0.000000000000E+00  0.457407969861E-21
  0.296473013074E+02 -0.796600305121E-09  0.000000000000E+00  0.634572046119E-18
  0.296814052376E+02 -0.714139738294E-09  0.000000000000E+00  0.509995565811E-18
  0.297155091677E+02  0.172322430977E-09  0.000000000000E+00  0.296950202177E-19
  0.297496130978E+02  0.861152104793E-09  0.000000000000E+00  0.741582947590E-18
  0.297837170279E+02  0.577297413804E-09  0.000000000000E+00  0.333272303985E-18
  0.298178209581E+02 -0.355627665467E-09  0.000000000000E+00  0.126471036446E-18
  0.298519248882E+02 -0.884227380481E-09  0.000000000000E+00  0.781858060392E-18
  0.298860288183E+02 -0.414754999493E-09  0.000000000000E+00  0.172021709605E-18
  0.299201327485E+02  0.519950246777E-09  0.000000000000E+00  0.270348259123E-18
  0.299542366786E+02  0.865186655318E-09  0.000000000000E+00  0.748547948540E-18
  0.299883406087E+02  0.234508355761E-09  0.000000000000E+00  0.549941689217E-19
  0.300224445388E+02 -0.657698968293E-09  0.000000000000E+00  0.432567932893E-18
  0.300565484690E+02 -0.805398977936E-09  0.000000000000E+00  0.648667513660E-18
  0.300906523991E+02 -0.453138339651E-10  0.000000000000E+00  0.205334354862E-20
  0.301247563292E+02  0.762624547004E-09  0.000000000000E+00  0.581596199693E-18
  0.301588602594E+02  0.708158801447E-09  0.000000000000E+00  0.501488888066E-18
  0.301929641895E+02 -0.143733848291E-09  0.000000000000E+00  0.206594191446E-19
  0.302270681196E+02 -0.830102890433E-09  0.000000000000E+00  0.689070808705E-18
  0.302611720497E+02 -0.578511546470E-09  0.000000000000E+00  0.334675609399E-18
  0.302952759799E+02  0.323638796086E-09  0.000000000000E+00  0.104742070332E-18
  0.303293799100E+02  0.857342002992E-09  0.000000000000E+00  0.735035310094E-18
  0.303634838401E+02  0.422997015795E-09  0.000000000000E+00  0.178926475372E-18
  0.303975877702E+02 -0.485931969518E-09  0.000000000000E+00  0.236129878999E-18
  0.304316917004E+02 -0.843498761951E-09  0.000000000000E+00  0.711490161412E-18
  0.304657956305E+02 -0.249324727821E-09  0.000000000000E+00  0.621628199032E-19
  0.304998995606E+02  0.623070848444E-09  0.000000000000E+00  0.388217282181E-18
  0.305340034908E+02  0.789701330798E-09  0.000000000000E+00  0.623628191865E-18
  0.305681074209E+02  0.659946052923E-10  0.000000000000E+00  0.435528792769E-20
  0.306022113510E+02 -0.728791547181E-09  0.000000000000E+00  0.531137119243E-18
  0.306363152811E+02 -0.698979004679E-09  0.000000000000E+00  0.488571648983E-18
  0.306704192113E+02  0.118116028276E-09  0.000000000000E+00  0.139513961358E-19
  0.307045231414E+02  0.798397964492E-09  0.000000000000E+00  0.637439309705E-18
  0.307386270715E+02  0.576099754121E-09  0.000000000000E+00  0.331890926698E-18
  0.307727310017E+02 -0.294181259870E-09  0.000000000000E+00  0.865426136585E-19
  0.308068349318E+02 -0.828973019722E-09  0.000000000000E+00  0.687196267427E-18
  0.308409388619E+02 -0.427327804615E-09  0.000000000000E+00  0.182609052597E-18
  0.308750427920E+02  0.453849250104E-09  0.000000000000E+00  0.205979141820E-18
  0.309091467222E+02  0.819504025723E-09  0.000000000000E+00  0.671586848177E-18
  0.309432506523E+02  0.260109679668E-09  0.000000000000E+00  0.676570454568E-19
  0.309773545824E+02 -0.589639210060E-09  0.000000000000E+00  0.347674398040E-18
  0.310114585125E+02 -0.770915546538E-09  0.000000000000E+00  0.594310779895E-18
  0.310455624427E+02 -0.827078521807E-10  0.000000000000E+00  0.684058881234E-20
  0.310796663728E+02  0.695294272833E-09  0.000000000000E+00  0.483434125834E-18
  0.311137703029E+02  0.686008955334E-09  0.000000000000E+00  0.470608286799E-18
  0.311478742331E+02 -0.962052133114E-10  0.000000000000E+00  0.925544306829E-20
  0.311819781632E+02 -0.766072815759E-09  0.000000000000E+00  0.586867559044E-18
  0.312160820933E+02 -0.569313199341E-09  0.000000000000E+00  0.324117518944E-18
  0.312501860234E+02  0.267967227555E-09  0.000000000000E+00  0.718064350436E-19
  0.312842899536E+02  0.798966630552E-09  0.000000000000E+00  0.638347676735E-18
  0.313183938837E+02  0.426852854645E-09  0.000000000000E+00  0.182203359519E-18
  0.313524978138E+02 -0.424344535003E-09  0.000000000000E+00  0.180068284387E-18
  0.313866017440E+02 -0.792831508269E-09  0.000000000000E+00  0.628581800504E-18
  0.314207056741E+02 -0.265846035815E-09  0.000000000000E+00  0.706741147585E-19
  0.314548096042E+02  0.557927373123E-09  0.000000000000E+00  0.311282953680E-18
  0.314889135343E+02  0.748431037924E-09  0.000000000000E+00  0.560149018528E-18
  0.315230174645E+02  0.943458492171E-10  0.000000000000E+00  0.890113926449E-20
  0.315571213946E+02 -0.662482786502E-09  0.000000000000E+00  0.438883442412E-18
  0.315912253247E+02 -0.668385354140E-09  0.000000000000E+00  0.446738981629E-18
  0.316253292549E+02  0.791546136732E-10  0.000000000000E+00  0.626545286575E-20
  0.316594331850E+02  0.733249851020E-09  0.000000000000E+00  0.537655344021E-18
  0.316935371151E+02  0.557032482208E-09  0.000000000000E+00  0.310285186234E-18
  0.317276410452E+02 -0.246139425313E-09  0.000000000000E+00  0.605846166934E-19
  0.317617449754E+02 -0.767161691587E-09  0.000000000000E+00  0.588537061038E-18
  0.317958489055E+02 -0.420206497522E-09  0.000000000000E+00  0.176573500560E-18
  0.318299528356E+02  0.398482784945E-09  0.000000000000E+00  0.158788529897E-18
  0.318640567657E+02  0.762985559376E-09  0.000000000000E+00  0.582146963817E-18
  0.318981606959E+02  0.264945257442E-09  0.000000000000E+00  0.701959894409E-19
  0.319322646260E+02 -0.528844425308E-09  0.000000000000E+00  0.279676426179E-18
  0.319663685561E+02 -0.721372385957E-09  0.000000000000E+00  0.520378119222E-18
  0.320004724863E+02 -0.991404696070E-10  0.000000000000E+00  0.982883271390E-20
  0.320345764164E+02  0.631023677178E-09  0.000000000000E+00  0.398190881160E-18
  0.320686803465E+02  0.644817350969E-09  0.000000000000E+00  0.415789416111E-18
  0.321027842766E+02 -0.688523390497E-10  0.000000000000E+00  0.474064459261E-20
  0.321368882068E+02 -0.700258547614E-09  0.000000000000E+00  0.490362033507E-18
  0.321709921369E+02 -0.537529309457E-09  0.000000000000E+00  0.288937758525E-18
  0.322050960670E+02  0.230624311960E-09  0.000000000000E+00  0.531875732672E-19
  0.322391999972E+02  0.733453511480E-09  0.000000000000E+00  0.537954053502E-18
  0.322733039273E+02  0.405219410931E-09  0.000000000000E+00  0.164202770995E-18
  0.323074078574E+02 -0.378126947951E-09  0.000000000000E+00  0.142979988767E-18
  0.323415117875E+02 -0.729326641291E-09  0.000000000000E+00  0.531917349696E-18
  0.323756157177E+02 -0.254815499482E-09  0.000000000000E+00  0.649309387761E-19
  0.324097196478E+02  0.504065873017E-09  0.000000000000E+00  0.254082404340E-18
  0.324438235779E+02  0.688470202263E-09  0.000000000000E+00  0.473991219405E-18
  0.324779275080E+02  0.941214556987E-10  0.000000000000E+00  0.885884842284E-20
  0.325120314382E+02 -0.602259238116E-09  0.000000000000E+00  0.362716189896E-18
  0.325461353683E+02 -0.613317809068E-09  0.000000000000E+00  0.376158734920E-18
  0.325802392984E+02  0.685697181031E-10  0.000000000000E+00  0.470180624074E-20
  0.326143432286E+02  0.667941158909E-09  0.000000000000E+00  0.446145391765E-18
  0.326484471587E+02  0.508026152208E-09  0.000000000000E+00  0.258090571328E-18
  0.326825510888E+02 -0.224883095692E-09  0.000000000000E+00  0.505724067279E-19
  0.327166550189E+02 -0.697998766645E-09  0.000000000000E+00  0.487202278237E-18
  0.327507589491E+02 -0.378271996159E-09  0.000000000000E+00  0.143089703078E-18
  0.327848628792E+02  0.366772615443E-09  0.000000000000E+00  0.134522151439E-18
  0.328189668093E+02  0.691125249721E-09  0.000000000000E+00  0.477654110801E-18
  0.328530707395E+02  0.230974143035E-09  0.000000000000E+00  0.533490547509E-19
  0.328871746696E+02 -0.486921463511E-09  0.000000000000E+00  0.237092511627E-18
  0.329212785997E+02 -0.647893935809E-09  0.000000000000E+00  0.419766552058E-18
  0.329553825298E+02 -0.739598709181E-10  0.000000000000E+00  0.547006250622E-20
  0.329894864600E+02  0.579102220670E-09  0.000000000000E+00  0.335359381985E-18
  0.330235903901E+02  0.570737281948E-09  0.000000000000E+00  0.325741045006E-18
  0.330576943202E+02 -0.844133446390E-10  0.000000000000E+00  0.712561275314E-20
  0.330917982504E+02 -0.638486120177E-09  0.000000000000E+00  0.407664525658E-18
  0.331259021805E+02 -0.463835300193E-09  0.000000000000E+00  0.215143185705E-18
  0.331600061106E+02  0.235667797977E-09  0.000000000000E+00  0.555393110032E-19
  0.331941100407E+02  0.661892960000E-09  0.000000000000E+00  0.438102290498E-18
  0.332282139709E+02  0.332930686806E-09  0.000000000000E+00  0.110842842217E-18
  0.332623179010E+02 -0.371609128445E-09  0.000000000000E+00  0.138093344344E-18
  0.332964218311E+02 -0.647951262175E-09  0.000000000000E+00  0.419840838154E-18
  0.333305257612E+02 -0.185057503061E-09  0.000000000000E+00  0.342462794391E-19
  0.333646296914E+02  0.484730342831E-09  0.000000000000E+00  0.234963505261E-18
  0.333987336215E+02  0.597185153469E-09  0.000000000000E+00  0.356630107524E-18
  0.334328375516E+02  0.282189468536E-10  0.000000000000E+00  0.796308961524E-21
  0.334669414818E+02 -0.568573684236E-09  0.000000000000E+00  0.323276034406E-18
  0.335010454119E+02 -0.512004693571E-09  0.000000000000E+00  0.262148806239E-18
  0.335351493420E+02  0.128983335464E-09  0.000000000000E+00  0.166367008273E-19
  0.335692532721E+02  0.618046903658E-09  0.000000000000E+00  0.381981975121E-18
  0.336033572023E+02  0.396616853891E-09  0.000000000000E+00  0.157304928790E-18
  0.336374611324E+02 -0.277735880456E-09  0.000000000000E+00  0.771372192927E-19
  0.336715650625E+02 -0.629661680482E-09  0.000000000000E+00  0.396473831867E-18
  0.337056689927E+02 -0.256833974430E-09  0.000000000000E+00  0.659636904217E-19
  0.337397729228E+02  0.409429557142E-09  0.000000000000E+00  0.167632562261E-18
  0.337738768529E+02  0.601714588286E-09  0.000000000000E+00  0.362060445757E-18
  0.338079807830E+02  0.998349290314E-10  0.000000000000E+00  0.996701305471E-20
  0.338420847132E+02 -0.516028713367E-09  0.000000000000E+00  0.266285633019E-18
  0.338761886433E+02 -0.534356632516E-09  0.000000000000E+00  0.285537010714E-18
  0.339102925734E+02  0.661540736320E-10  0.000000000000E+00  0.437636145810E-20
  0.339443965035E+02  0.590419665279E-09  0.000000000000E+00  0.348595381148E-18
  0.339785004337E+02  0.429576863442E-09  0.000000000000E+00  0.184536281605E-18
  0.340126043638E+02 -0.232216212229E-09  0.000000000000E+00  0.539243692219E-19
  0.340467082939E+02 -0.626692874717E-09  0.000000000000E+00  0.392743959221E-18
  0.340808122241E+02 -0.291079093907E-09  0.000000000000E+00  0.847270389098E-19
  0.341149161542E+02  0.389129114070E-09  0.000000000000E+00  0.151421467417E-18
  0.341490200843E+02  0.620338332574E-09  0.000000000000E+00  0.384819646861E-18
  0.341831240144E+02  0.124053697048E-09  0.000000000000E+00  0.153893197513E-19
  0.342172279446E+02 -0.527753353220E-09  0.000000000000E+00  0.278523601835E-18
  0.342513318747E+02 -0.568323468913E-09  0.000000000000E+00  0.322991565317E-18
  0.342854358048E+02  0.651705043572E-10  0.000000000000E+00  0.424719463817E-20
  0.343195397350E+02  0.639400121725E-09  0.000000000000E+00  0.408832515662E-18
  0.343536436651E+02  0.469008790059E-09  0.000000000000E+00  0.219969245153E-18
  0.343877475952E+02 -0.269628481190E-09  0.000000000000E+00  0.726995178689E-19
  0.344218515253E+02 -0.716177776522E-09  0.000000000000E+00  0.512910607584E-18
  0.344559554555E+02 -0.321850048626E-09  0.000000000000E+00  0.103587453800E-18
  0.344900593856E+02  0.482424503663E-09  0.000000000000E+00  0.232733401735E-18
  0.345241633157E+02  0.751281306853E-09  0.000000000000E+00  0.564423602027E-18
  0.345582672459E+02  0.126742517060E-09  0.000000000000E+00  0.160636656307E-19
  0.345923711760E+02 -0.697820920834E-09  0.000000000000E+00  0.486954037554E-18
  0.346264751061E+02 -0.739235399806E-09  0.000000000000E+00  0.546468976326E-18
  0.346605790362E+02  0.117340820435E-09  0.000000000000E+00  0.137688681403E-19
  0.346946829664E+02  0.913321013507E-09  0.000000000000E+00  0.834155273714E-18
  0.347287868965E+02  0.676547927109E-09  0.000000000000E+00  0.457717097675E-18
  0.347628908266E+02 -0.414429270279E-09  0.000000000000E+00  0.171751620064E-18
  0.347969947567E+02 -0.113252758489E-08  0.000000000000E+00  0.128261873053E-17
  0.348310986869E+02 -0.559828414054E-09  0.000000000000E+00  0.313407853182E-18
  0.348652026170E+02  0.784087399495E-09  0.000000000000E+00  0.614793050047E-18
  0.348993065471E+02  0.138967054351E-08  0.000000000000E+00  0.193118421950E-17
  0.349334104773E+02  0.418146499752E-09  0.000000000000E+00  0.174846495255E-18
  0.349675144074E+02 -0.121920534668E-08  0.000000000000E+00  0.148646167739E-17
  0.350016183375E+02 -0.165808891594E-08  0.000000000000E+00  0.274925885315E-17
  0.350357222676E+02 -0.455100697611E-10  0.000000000000E+00  0.207116644966E-20
  0.350698261978E+02  0.239764167456E-08  0.000000000000E+00  0.574868559960E-17
