    100.00       1.00135E-11
    110.00       2.50636E-11
    120.00       5.33789E-11
    130.00       1.00541E-10
    140.00       1.72132E-10
    150.00       2.73264E-10
    160.00       4.08265E-10
    170.00       5.80516E-10
    180.00       7.92422E-10
    190.00       1.04546E-09
    200.00       1.34028E-09
    210.00       1.67684E-09
    220.00       2.05453E-09
    230.00       2.47232E-09
    240.00       2.92882E-09
    250.00       3.42246E-09
    260.00       3.95149E-09
    270.00       4.51410E-09
    280.00       5.10842E-09
    290.00       5.73259E-09
    300.00       6.38478E-09
    310.00       7.06320E-09
    320.00       7.76608E-09
    330.00       8.49174E-09
    340.00       9.23855E-09
    350.00       1.00049E-08
    360.00       1.07893E-08
    370.00       1.15903E-08
    380.00       1.24064E-08
    390.00       1.32362E-08
    400.00       1.40785E-08
    410.00       1.49318E-08
    420.00       1.57951E-08
    430.00       1.66670E-08
    440.00       1.75463E-08
    450.00       1.84320E-08
    460.00       1.93229E-08
    470.00       2.02180E-08
    480.00       2.11162E-08
    490.00       2.20165E-08
    500.00       2.29180E-08
    510.00       2.38198E-08
    520.00       2.47209E-08
    530.00       2.56206E-08
    540.00       2.65180E-08
    550.00       2.74123E-08
    560.00       2.83029E-08
    570.00       2.91890E-08
    580.00       3.00699E-08
    590.00       3.09452E-08
    600.00       3.18141E-08
    610.00       3.26761E-08
    620.00       3.35307E-08
    630.00       3.43774E-08
    640.00       3.52158E-08
    650.00       3.60455E-08
    660.00       3.68661E-08
    670.00       3.76771E-08
    680.00       3.84784E-08
    690.00       3.92696E-08
    700.00       4.00504E-08
    710.00       4.08206E-08
    720.00       4.15800E-08
    730.00       4.23284E-08
    740.00       4.30655E-08
    750.00       4.37914E-08
    760.00       4.45058E-08
    770.00       4.52086E-08
    780.00       4.58997E-08
    790.00       4.65792E-08
    800.00       4.72468E-08
    810.00       4.79026E-08
    820.00       4.85466E-08
    830.00       4.91787E-08
    840.00       4.97990E-08
    850.00       5.04074E-08
    860.00       5.10040E-08
    870.00       5.15889E-08
    880.00       5.21620E-08
    890.00       5.27235E-08
    900.00       5.32734E-08
    910.00       5.38117E-08
    920.00       5.43386E-08
    930.00       5.48542E-08
    940.00       5.53586E-08
    950.00       5.58517E-08
    960.00       5.63338E-08
    970.00       5.68051E-08
    980.00       5.72654E-08
    990.00       5.77151E-08
   1000.00       5.81542E-08
   1010.00       5.85829E-08
   1020.00       5.90013E-08
   1030.00       5.94094E-08
   1040.00       5.98075E-08
   1050.00       6.01958E-08
   1060.00       6.05742E-08
   1070.00       6.09430E-08
   1080.00       6.13023E-08
   1090.00       6.16523E-08
   1100.00       6.19930E-08
   1110.00       6.23246E-08
   1120.00       6.26473E-08
   1130.00       6.29613E-08
   1140.00       6.32665E-08
   1150.00       6.35633E-08
   1160.00       6.38517E-08
   1170.00       6.41319E-08
   1180.00       6.44040E-08
   1190.00       6.46682E-08
   1200.00       6.49245E-08
   1210.00       6.51732E-08
   1220.00       6.54143E-08
   1230.00       6.56481E-08
   1240.00       6.58746E-08
   1250.00       6.60939E-08
   1260.00       6.63063E-08
   1270.00       6.65117E-08
   1280.00       6.67105E-08
   1290.00       6.69026E-08
   1300.00       6.70882E-08
   1310.00       6.72674E-08
   1320.00       6.74404E-08
   1330.00       6.76073E-08
   1340.00       6.77682E-08
   1350.00       6.79232E-08
   1360.00       6.80724E-08
   1370.00       6.82160E-08
   1380.00       6.83540E-08
   1390.00       6.84866E-08
   1400.00       6.86139E-08
   1410.00       6.87359E-08
   1420.00       6.88528E-08
   1430.00       6.89648E-08
   1440.00       6.90718E-08
   1450.00       6.91740E-08
   1460.00       6.92715E-08
   1470.00       6.93645E-08
   1480.00       6.94528E-08
   1490.00       6.95368E-08
   1500.00       6.96165E-08
   1510.00       6.96919E-08
   1520.00       6.97632E-08
   1530.00       6.98304E-08
   1540.00       6.98937E-08
   1550.00       6.99530E-08
   1560.00       7.00086E-08
   1570.00       7.00605E-08
   1580.00       7.01087E-08
   1590.00       7.01533E-08
   1600.00       7.01945E-08
   1610.00       7.02323E-08
   1620.00       7.02667E-08
   1630.00       7.02979E-08
   1640.00       7.03258E-08
   1650.00       7.03507E-08
   1660.00       7.03725E-08
   1670.00       7.03913E-08
   1680.00       7.04072E-08
   1690.00       7.04203E-08
   1700.00       7.04306E-08
   1710.00       7.04381E-08
   1720.00       7.04430E-08
   1730.00       7.04453E-08
   1740.00       7.04451E-08
   1750.00       7.04423E-08
   1760.00       7.04372E-08
   1770.00       7.04296E-08
   1780.00       7.04198E-08
   1790.00       7.04077E-08
   1800.00       7.03933E-08
   1810.00       7.03768E-08
   1820.00       7.03582E-08
   1830.00       7.03376E-08
   1840.00       7.03149E-08
   1850.00       7.02903E-08
   1860.00       7.02638E-08
   1870.00       7.02353E-08
   1880.00       7.02050E-08
   1890.00       7.01730E-08
   1900.00       7.01392E-08
   1910.00       7.01037E-08
   1920.00       7.00666E-08
   1930.00       7.00278E-08
   1940.00       6.99875E-08
   1950.00       6.99456E-08
   1960.00       6.99022E-08
   1970.00       6.98574E-08
   1980.00       6.98111E-08
   1990.00       6.97634E-08
   2000.00       6.97144E-08
   2010.00       6.96640E-08
   2020.00       6.96124E-08
   2030.00       6.95595E-08
   2040.00       6.95054E-08
   2050.00       6.94500E-08
   2060.00       6.93935E-08
   2070.00       6.93359E-08
   2080.00       6.92772E-08
   2090.00       6.92174E-08
   2100.00       6.91565E-08
   2110.00       6.90946E-08
   2120.00       6.90318E-08
   2130.00       6.89679E-08
   2140.00       6.89031E-08
   2150.00       6.88375E-08
   2160.00       6.87709E-08
   2170.00       6.87034E-08
   2180.00       6.86352E-08
   2190.00       6.85661E-08
   2200.00       6.84962E-08
   2210.00       6.84255E-08
   2220.00       6.83541E-08
   2230.00       6.82819E-08
   2240.00       6.82091E-08
   2250.00       6.81355E-08
   2260.00       6.80613E-08
   2270.00       6.79864E-08
   2280.00       6.79110E-08
   2290.00       6.78349E-08
   2300.00       6.77582E-08
   2310.00       6.76809E-08
   2320.00       6.76031E-08
   2330.00       6.75248E-08
   2340.00       6.74459E-08
   2350.00       6.73665E-08
   2360.00       6.72867E-08
   2370.00       6.72063E-08
   2380.00       6.71255E-08
   2390.00       6.70443E-08
   2400.00       6.69627E-08
   2410.00       6.68806E-08
   2420.00       6.67982E-08
   2430.00       6.67153E-08
   2440.00       6.66321E-08
   2450.00       6.65486E-08
   2460.00       6.64646E-08
   2470.00       6.63804E-08
   2480.00       6.62958E-08
   2490.00       6.62110E-08
   2500.00       6.61259E-08
   2510.00       6.60404E-08
   2520.00       6.59547E-08
   2530.00       6.58688E-08
   2540.00       6.57826E-08
   2550.00       6.56961E-08
   2560.00       6.56095E-08
   2570.00       6.55226E-08
   2580.00       6.54355E-08
   2590.00       6.53482E-08
   2600.00       6.52608E-08
   2610.00       6.51732E-08
   2620.00       6.50854E-08
   2630.00       6.49975E-08
   2640.00       6.49093E-08
   2650.00       6.48211E-08
   2660.00       6.47327E-08
   2670.00       6.46442E-08
   2680.00       6.45557E-08
   2690.00       6.44669E-08
   2700.00       6.43781E-08
   2710.00       6.42892E-08
   2720.00       6.42002E-08
   2730.00       6.41111E-08
   2740.00       6.40220E-08
   2750.00       6.39329E-08
   2760.00       6.38436E-08
   2770.00       6.37543E-08
   2780.00       6.36649E-08
   2790.00       6.35756E-08
   2800.00       6.34862E-08
   2810.00       6.33967E-08
   2820.00       6.33073E-08
   2830.00       6.32178E-08
   2840.00       6.31283E-08
   2850.00       6.30389E-08
   2860.00       6.29494E-08
   2870.00       6.28600E-08
   2880.00       6.27705E-08
   2890.00       6.26811E-08
   2900.00       6.25917E-08
   2910.00       6.25023E-08
   2920.00       6.24130E-08
   2930.00       6.23237E-08
   2940.00       6.22345E-08
   2950.00       6.21453E-08
   2960.00       6.20561E-08
   2970.00       6.19670E-08
   2980.00       6.18780E-08
   2990.00       6.17890E-08
   3000.00       6.17001E-08
   3010.00       6.16113E-08
   3020.00       6.15225E-08
   3030.00       6.14339E-08
   3040.00       6.13453E-08
   3050.00       6.12567E-08
   3060.00       6.11683E-08
   3070.00       6.10800E-08
   3080.00       6.09918E-08
   3090.00       6.09036E-08
   3100.00       6.08156E-08
   3110.00       6.07277E-08
   3120.00       6.06398E-08
   3130.00       6.05521E-08
   3140.00       6.04645E-08
   3150.00       6.03771E-08
   3160.00       6.02897E-08
   3170.00       6.02025E-08
   3180.00       6.01153E-08
   3190.00       6.00283E-08
   3200.00       5.99414E-08
   3210.00       5.98547E-08
   3220.00       5.97681E-08
   3230.00       5.96816E-08
   3240.00       5.95953E-08
   3250.00       5.95091E-08
   3260.00       5.94230E-08
   3270.00       5.93371E-08
   3280.00       5.92513E-08
   3290.00       5.91657E-08
   3300.00       5.90802E-08
   3310.00       5.89949E-08
   3320.00       5.89097E-08
   3330.00       5.88247E-08
   3340.00       5.87398E-08
   3350.00       5.86550E-08
   3360.00       5.85705E-08
   3370.00       5.84861E-08
   3380.00       5.84018E-08
   3390.00       5.83177E-08
   3400.00       5.82338E-08
   3410.00       5.81500E-08
   3420.00       5.80664E-08
   3430.00       5.79830E-08
   3440.00       5.78997E-08
   3450.00       5.78166E-08
   3460.00       5.77337E-08
   3470.00       5.76509E-08
   3480.00       5.75683E-08
   3490.00       5.74859E-08
   3500.00       5.74037E-08
   3510.00       5.73216E-08
   3520.00       5.72397E-08
   3530.00       5.71580E-08
   3540.00       5.70764E-08
   3550.00       5.69951E-08
   3560.00       5.69139E-08
   3570.00       5.68329E-08
   3580.00       5.67520E-08
   3590.00       5.66713E-08
   3600.00       5.65909E-08
   3610.00       5.65106E-08
   3620.00       5.64305E-08
   3630.00       5.63505E-08
   3640.00       5.62708E-08
   3650.00       5.61912E-08
   3660.00       5.61118E-08
   3670.00       5.60326E-08
   3680.00       5.59536E-08
   3690.00       5.58747E-08
   3700.00       5.57961E-08
   3710.00       5.57176E-08
   3720.00       5.56393E-08
   3730.00       5.55612E-08
   3740.00       5.54833E-08
   3750.00       5.54056E-08
   3760.00       5.53280E-08
   3770.00       5.52507E-08
   3780.00       5.51735E-08
   3790.00       5.50965E-08
   3800.00       5.50197E-08
   3810.00       5.49431E-08
   3820.00       5.48667E-08
   3830.00       5.47905E-08
   3840.00       5.47144E-08
   3850.00       5.46386E-08
   3860.00       5.45629E-08
   3870.00       5.44874E-08
   3880.00       5.44121E-08
   3890.00       5.43370E-08
   3900.00       5.42621E-08
   3910.00       5.41873E-08
   3920.00       5.41128E-08
   3930.00       5.40384E-08
   3940.00       5.39643E-08
   3950.00       5.38903E-08
   3960.00       5.38165E-08
   3970.00       5.37429E-08
   3980.00       5.36695E-08
   3990.00       5.35962E-08
   4000.00       5.35232E-08
   4010.00       5.34503E-08
   4020.00       5.33776E-08
   4030.00       5.33051E-08
   4040.00       5.32328E-08
   4050.00       5.31607E-08
   4060.00       5.30888E-08
   4070.00       5.30170E-08
   4080.00       5.29455E-08
   4090.00       5.28741E-08
   4100.00       5.28029E-08
   4110.00       5.27319E-08
   4120.00       5.26611E-08
   4130.00       5.25904E-08
   4140.00       5.25199E-08
   4150.00       5.24497E-08
   4160.00       5.23796E-08
   4170.00       5.23097E-08
   4180.00       5.22400E-08
   4190.00       5.21704E-08
   4200.00       5.21011E-08
   4210.00       5.20319E-08
   4220.00       5.19629E-08
   4230.00       5.18941E-08
   4240.00       5.18255E-08
   4250.00       5.17570E-08
   4260.00       5.16887E-08
   4270.00       5.16207E-08
   4280.00       5.15527E-08
   4290.00       5.14850E-08
   4300.00       5.14174E-08
   4310.00       5.13501E-08
   4320.00       5.12829E-08
   4330.00       5.12159E-08
   4340.00       5.11490E-08
   4350.00       5.10824E-08
   4360.00       5.10159E-08
   4370.00       5.09496E-08
   4380.00       5.08834E-08
   4390.00       5.08175E-08
   4400.00       5.07517E-08
   4410.00       5.06861E-08
   4420.00       5.06206E-08
   4430.00       5.05554E-08
   4440.00       5.04903E-08
   4450.00       5.04254E-08
   4460.00       5.03606E-08
   4470.00       5.02961E-08
   4480.00       5.02317E-08
   4490.00       5.01675E-08
   4500.00       5.01034E-08
   4510.00       5.00395E-08
   4520.00       4.99758E-08
   4530.00       4.99122E-08
   4540.00       4.98488E-08
   4550.00       4.97857E-08
   4560.00       4.97226E-08
   4570.00       4.96598E-08
   4580.00       4.95970E-08
   4590.00       4.95345E-08
   4600.00       4.94721E-08
   4610.00       4.94099E-08
   4620.00       4.93479E-08
   4630.00       4.92860E-08
   4640.00       4.92243E-08
   4650.00       4.91628E-08
   4660.00       4.91014E-08
   4670.00       4.90402E-08
   4680.00       4.89791E-08
   4690.00       4.89182E-08
   4700.00       4.88575E-08
   4710.00       4.87969E-08
   4720.00       4.87365E-08
   4730.00       4.86762E-08
   4740.00       4.86161E-08
   4750.00       4.85562E-08
   4760.00       4.84964E-08
   4770.00       4.84368E-08
   4780.00       4.83774E-08
   4790.00       4.83181E-08
   4800.00       4.82589E-08
   4810.00       4.81999E-08
   4820.00       4.81411E-08
   4830.00       4.80824E-08
   4840.00       4.80239E-08
   4850.00       4.79656E-08
   4860.00       4.79073E-08
   4870.00       4.78493E-08
   4880.00       4.77914E-08
   4890.00       4.77336E-08
   4900.00       4.76760E-08
   4910.00       4.76186E-08
   4920.00       4.75613E-08
   4930.00       4.75042E-08
   4940.00       4.74472E-08
   4950.00       4.73903E-08
   4960.00       4.73336E-08
   4970.00       4.72771E-08
   4980.00       4.72207E-08
   4990.00       4.71644E-08
   5000.00       4.71083E-08
   5010.00       4.70524E-08
   5020.00       4.69965E-08
   5030.00       4.69409E-08
   5040.00       4.68854E-08
   5050.00       4.68300E-08
   5060.00       4.67748E-08
   5070.00       4.67197E-08
   5080.00       4.66647E-08
   5090.00       4.66099E-08
   6000.00       4.21628E-08
   7000.00       3.82639E-08
   8000.00       3.51033E-08
   9000.00       3.24753E-08
  10000.00       3.02431E-08
