    100.00       0.00000E+00
    110.00       0.00000E+00
    120.00       0.00000E+00
    130.00       0.00000E+00
    140.00       0.00000E+00
    150.00       0.00000E+00
    160.00       0.00000E+00
    170.00       0.00000E+00
    180.00       0.00000E+00
    190.00       0.00000E+00
    200.00       0.00000E+00
    210.00       1.48575E-38
    220.00       4.12533E-37
    230.00       8.55684E-36
    240.00       1.37530E-34
    250.00       1.76625E-33
    260.00       1.86020E-32
    270.00       1.64259E-31
    280.00       1.23935E-30
    290.00       8.12181E-30
    300.00       4.68863E-29
    310.00       2.41394E-28
    320.00       1.12041E-27
    330.00       4.73271E-27
    340.00       1.83467E-26
    350.00       6.57534E-26
    360.00       2.19312E-25
    370.00       6.84730E-25
    380.00       2.01175E-24
    390.00       5.58815E-24
    400.00       1.47378E-23
    410.00       3.70449E-23
    420.00       8.90548E-23
    430.00       2.05388E-22
    440.00       4.55738E-22
    450.00       9.75453E-22
    460.00       2.01870E-21
    470.00       4.04814E-21
    480.00       7.88157E-21
    490.00       1.49258E-20
    500.00       2.75395E-20
    510.00       4.95835E-20
    520.00       8.72363E-20
    530.00       1.50179E-19
    540.00       2.53281E-19
    550.00       4.18953E-19
    560.00       6.80381E-19
    570.00       1.08590E-18
    580.00       1.70477E-18
    590.00       2.63481E-18
    600.00       4.01224E-18
    610.00       6.02409E-18
    620.00       8.92416E-18
    630.00       1.30524E-17
    640.00       1.88594E-17
    650.00       2.69353E-17
    660.00       3.80455E-17
    670.00       5.31733E-17
    680.00       7.35688E-17
    690.00       1.00808E-16
    700.00       1.36862E-16
    710.00       1.84173E-16
    720.00       2.45747E-16
    730.00       3.25252E-16
    740.00       4.27136E-16
    750.00       5.56756E-16
    760.00       7.20517E-16
    770.00       9.26039E-16
    780.00       1.18232E-15
    790.00       1.49992E-15
    800.00       1.89121E-15
    810.00       2.37053E-15
    820.00       2.95448E-15
    830.00       3.66217E-15
    840.00       4.51547E-15
    850.00       5.53930E-15
    860.00       6.76198E-15
    870.00       8.21550E-15
    880.00       9.93584E-15
    890.00       1.19634E-14
    900.00       1.43434E-14
    910.00       1.71259E-14
    920.00       2.03667E-14
    930.00       2.41274E-14
    940.00       2.84758E-14
    950.00       3.34866E-14
    960.00       3.92412E-14
    970.00       4.58291E-14
    980.00       5.33470E-14
    990.00       6.19005E-14
   1000.00       7.16039E-14
   1010.00       8.25803E-14
   1020.00       9.49626E-14
   1030.00       1.08894E-13
   1040.00       1.24527E-13
   1050.00       1.42026E-13
   1060.00       1.61565E-13
   1070.00       1.83333E-13
   1080.00       2.07525E-13
   1090.00       2.34353E-13
   1100.00       2.64040E-13
   1110.00       2.96820E-13
   1120.00       3.32942E-13
   1130.00       3.72669E-13
   1140.00       4.16274E-13
   1150.00       4.64046E-13
   1160.00       5.16288E-13
   1170.00       5.73316E-13
   1180.00       6.35459E-13
   1190.00       7.03064E-13
   1200.00       7.76491E-13
   1210.00       8.56110E-13
   1220.00       9.42309E-13
   1230.00       1.03549E-12
   1240.00       1.13608E-12
   1250.00       1.24449E-12
   1260.00       1.36118E-12
   1270.00       1.48660E-12
   1280.00       1.62123E-12
   1290.00       1.76555E-12
   1300.00       1.92007E-12
   1310.00       2.08530E-12
   1320.00       2.26177E-12
   1330.00       2.45001E-12
   1340.00       2.65059E-12
   1350.00       2.86407E-12
   1360.00       3.09102E-12
   1370.00       3.33203E-12
   1380.00       3.58771E-12
   1390.00       3.85868E-12
   1400.00       4.14554E-12
   1410.00       4.44896E-12
   1420.00       4.76955E-12
   1430.00       5.10799E-12
   1440.00       5.46493E-12
   1450.00       5.84104E-12
   1460.00       6.23701E-12
   1470.00       6.65354E-12
   1480.00       7.09129E-12
   1490.00       7.55100E-12
   1500.00       8.03336E-12
   1510.00       8.53910E-12
   1520.00       9.06893E-12
   1530.00       9.62359E-12
   1540.00       1.02038E-11
   1550.00       1.08103E-11
   1560.00       1.14439E-11
   1570.00       1.21052E-11
   1580.00       1.27950E-11
   1590.00       1.35141E-11
   1600.00       1.42632E-11
   1610.00       1.50431E-11
   1620.00       1.58545E-11
   1630.00       1.66982E-11
   1640.00       1.75749E-11
   1650.00       1.84854E-11
   1660.00       1.94304E-11
   1670.00       2.04106E-11
   1680.00       2.14269E-11
   1690.00       2.24800E-11
   1700.00       2.35706E-11
   1710.00       2.46993E-11
   1720.00       2.58671E-11
   1730.00       2.70746E-11
   1740.00       2.83225E-11
   1750.00       2.96115E-11
   1760.00       3.09424E-11
   1770.00       3.23159E-11
   1780.00       3.37326E-11
   1790.00       3.51934E-11
   1800.00       3.66987E-11
   1810.00       3.82494E-11
   1820.00       3.98461E-11
   1830.00       4.14895E-11
   1840.00       4.31802E-11
   1850.00       4.49188E-11
   1860.00       4.67062E-11
   1870.00       4.85427E-11
   1880.00       5.04291E-11
   1890.00       5.23660E-11
   1900.00       5.43540E-11
   1910.00       5.63936E-11
   1920.00       5.84855E-11
   1930.00       6.06303E-11
   1940.00       6.28284E-11
   1950.00       6.50805E-11
   1960.00       6.73870E-11
   1970.00       6.97486E-11
   1980.00       7.21656E-11
   1990.00       7.46387E-11
   2000.00       7.71683E-11
   2010.00       7.97549E-11
   2020.00       8.23989E-11
   2030.00       8.51009E-11
   2040.00       8.78612E-11
   2050.00       9.06803E-11
   2060.00       9.35587E-11
   2070.00       9.64966E-11
   2080.00       9.94946E-11
   2090.00       1.02553E-10
   2100.00       1.05672E-10
   2110.00       1.08852E-10
   2120.00       1.12094E-10
   2130.00       1.15398E-10
   2140.00       1.18763E-10
   2150.00       1.22191E-10
   2160.00       1.25682E-10
   2170.00       1.29236E-10
   2180.00       1.32853E-10
   2190.00       1.36534E-10
   2200.00       1.40278E-10
   2210.00       1.44086E-10
   2220.00       1.47959E-10
   2230.00       1.51896E-10
   2240.00       1.55897E-10
   2250.00       1.59964E-10
   2260.00       1.64095E-10
   2270.00       1.68292E-10
   2280.00       1.72553E-10
   2290.00       1.76880E-10
   2300.00       1.81273E-10
   2310.00       1.85731E-10
   2320.00       1.90255E-10
   2330.00       1.94845E-10
   2340.00       1.99500E-10
   2350.00       2.04222E-10
   2360.00       2.09009E-10
   2370.00       2.13862E-10
   2380.00       2.18782E-10
   2390.00       2.23768E-10
   2400.00       2.28819E-10
   2410.00       2.33937E-10
   2420.00       2.39120E-10
   2430.00       2.44370E-10
   2440.00       2.49685E-10
   2450.00       2.55067E-10
   2460.00       2.60514E-10
   2470.00       2.66027E-10
   2480.00       2.71606E-10
   2490.00       2.77251E-10
   2500.00       2.82961E-10
   2510.00       2.88736E-10
   2520.00       2.94576E-10
   2530.00       3.00482E-10
   2540.00       3.06453E-10
   2550.00       3.12489E-10
   2560.00       3.18589E-10
   2570.00       3.24754E-10
   2580.00       3.30983E-10
   2590.00       3.37276E-10
   2600.00       3.43634E-10
   2610.00       3.50055E-10
   2620.00       3.56540E-10
   2630.00       3.63089E-10
   2640.00       3.69700E-10
   2650.00       3.76374E-10
   2660.00       3.83111E-10
   2670.00       3.89910E-10
   2680.00       3.96773E-10
   2690.00       4.03696E-10
   2700.00       4.10682E-10
   2710.00       4.17728E-10
   2720.00       4.24836E-10
   2730.00       4.32005E-10
   2740.00       4.39234E-10
   2750.00       4.46524E-10
   2760.00       4.53874E-10
   2770.00       4.61283E-10
   2780.00       4.68751E-10
   2790.00       4.76279E-10
   2800.00       4.83865E-10
   2810.00       4.91510E-10
   2820.00       4.99213E-10
   2830.00       5.06973E-10
   2840.00       5.14791E-10
   2850.00       5.22666E-10
   2860.00       5.30597E-10
   2870.00       5.38585E-10
   2880.00       5.46629E-10
   2890.00       5.54728E-10
   2900.00       5.62882E-10
   2910.00       5.71092E-10
   2920.00       5.79356E-10
   2930.00       5.87673E-10
   2940.00       5.96045E-10
   2950.00       6.04469E-10
   2960.00       6.12947E-10
   2970.00       6.21476E-10
   2980.00       6.30059E-10
   2990.00       6.38692E-10
   3000.00       6.47378E-10
   3010.00       6.56114E-10
   3020.00       6.64900E-10
   3030.00       6.73737E-10
   3040.00       6.82623E-10
   3050.00       6.91559E-10
   3060.00       7.00542E-10
   3070.00       7.09575E-10
   3080.00       7.18656E-10
   3090.00       7.27783E-10
   3100.00       7.36959E-10
   3110.00       7.46180E-10
   3120.00       7.55448E-10
   3130.00       7.64762E-10
   3140.00       7.74121E-10
   3150.00       7.83525E-10
   3160.00       7.92974E-10
   3170.00       8.02467E-10
   3180.00       8.12003E-10
   3190.00       8.21582E-10
   3200.00       8.31204E-10
   3210.00       8.40869E-10
   3220.00       8.50575E-10
   3230.00       8.60323E-10
   3240.00       8.70112E-10
   3250.00       8.79941E-10
   3260.00       8.89810E-10
   3270.00       8.99719E-10
   3280.00       9.09667E-10
   3290.00       9.19655E-10
   3300.00       9.29679E-10
   3310.00       9.39743E-10
   3320.00       9.49843E-10
   3330.00       9.59980E-10
   3340.00       9.70154E-10
   3350.00       9.80364E-10
   3360.00       9.90609E-10
   3370.00       1.00089E-09
   3380.00       1.01121E-09
   3390.00       1.02156E-09
   3400.00       1.03194E-09
   3410.00       1.04236E-09
   3420.00       1.05281E-09
   3430.00       1.06329E-09
   3440.00       1.07380E-09
   3450.00       1.08435E-09
   3460.00       1.09493E-09
   3470.00       1.10554E-09
   3480.00       1.11617E-09
   3490.00       1.12684E-09
   3500.00       1.13754E-09
   3510.00       1.14827E-09
   3520.00       1.15902E-09
   3530.00       1.16981E-09
   3540.00       1.18062E-09
   3550.00       1.19146E-09
   3560.00       1.20232E-09
   3570.00       1.21321E-09
   3580.00       1.22413E-09
   3590.00       1.23508E-09
   3600.00       1.24605E-09
   3610.00       1.25704E-09
   3620.00       1.26806E-09
   3630.00       1.27910E-09
   3640.00       1.29017E-09
   3650.00       1.30125E-09
   3660.00       1.31236E-09
   3670.00       1.32350E-09
   3680.00       1.33465E-09
   3690.00       1.34583E-09
   3700.00       1.35703E-09
   3710.00       1.36825E-09
   3720.00       1.37949E-09
   3730.00       1.39074E-09
   3740.00       1.40202E-09
   3750.00       1.41332E-09
   3760.00       1.42463E-09
   3770.00       1.43597E-09
   3780.00       1.44732E-09
   3790.00       1.45869E-09
   3800.00       1.47008E-09
   3810.00       1.48148E-09
   3820.00       1.49290E-09
   3830.00       1.50433E-09
   3840.00       1.51578E-09
   3850.00       1.52725E-09
   3860.00       1.53873E-09
   3870.00       1.55023E-09
   3880.00       1.56174E-09
   3890.00       1.57326E-09
   3900.00       1.58479E-09
   3910.00       1.59634E-09
   3920.00       1.60790E-09
   3930.00       1.61948E-09
   3940.00       1.63106E-09
   3950.00       1.64266E-09
   3960.00       1.65427E-09
   3970.00       1.66589E-09
   3980.00       1.67752E-09
   3990.00       1.68916E-09
   4000.00       1.70081E-09
   4010.00       1.71247E-09
   4020.00       1.72414E-09
   4030.00       1.73581E-09
   4040.00       1.74750E-09
   4050.00       1.75919E-09
   4060.00       1.77089E-09
   4070.00       1.78260E-09
   4080.00       1.79432E-09
   4090.00       1.80604E-09
   4100.00       1.81777E-09
   4110.00       1.82950E-09
   4120.00       1.84124E-09
   4130.00       1.85299E-09
   4140.00       1.86474E-09
   4150.00       1.87650E-09
   4160.00       1.88826E-09
   4170.00       1.90002E-09
   4180.00       1.91179E-09
   4190.00       1.92356E-09
   4200.00       1.93534E-09
   4210.00       1.94712E-09
   4220.00       1.95890E-09
   4230.00       1.97068E-09
   4240.00       1.98247E-09
   4250.00       1.99426E-09
   4260.00       2.00605E-09
   4270.00       2.01784E-09
   4280.00       2.02963E-09
   4290.00       2.04143E-09
   4300.00       2.05322E-09
   4310.00       2.06501E-09
   4320.00       2.07681E-09
   4330.00       2.08860E-09
   4340.00       2.10039E-09
   4350.00       2.11218E-09
   4360.00       2.12397E-09
   4370.00       2.13576E-09
   4380.00       2.14755E-09
   4390.00       2.15933E-09
   4400.00       2.17112E-09
   4410.00       2.18290E-09
   4420.00       2.19468E-09
   4430.00       2.20645E-09
   4440.00       2.21822E-09
   4450.00       2.22999E-09
   4460.00       2.24176E-09
   4470.00       2.25352E-09
   4480.00       2.26527E-09
   4490.00       2.27703E-09
   4500.00       2.28878E-09
   4510.00       2.30052E-09
   4520.00       2.31226E-09
   4530.00       2.32399E-09
   4540.00       2.33571E-09
   4550.00       2.34744E-09
   4560.00       2.35915E-09
   4570.00       2.37086E-09
   4580.00       2.38256E-09
   4590.00       2.39426E-09
   4600.00       2.40595E-09
   4610.00       2.41763E-09
   4620.00       2.42930E-09
   4630.00       2.44097E-09
   4640.00       2.45263E-09
   4650.00       2.46429E-09
   4660.00       2.47593E-09
   4670.00       2.48756E-09
   4680.00       2.49919E-09
   4690.00       2.51081E-09
   4700.00       2.52242E-09
   4710.00       2.53402E-09
   4720.00       2.54561E-09
   4730.00       2.55719E-09
   4740.00       2.56876E-09
   4750.00       2.58033E-09
   4760.00       2.59188E-09
   4770.00       2.60342E-09
   4780.00       2.61495E-09
   4790.00       2.62648E-09
   4800.00       2.63799E-09
   4810.00       2.64949E-09
   4820.00       2.66098E-09
   4830.00       2.67245E-09
   4840.00       2.68392E-09
   4850.00       2.69538E-09
   4860.00       2.70682E-09
   4870.00       2.71825E-09
   4880.00       2.72967E-09
   4890.00       2.74108E-09
   4900.00       2.75247E-09
   4910.00       2.76385E-09
   4920.00       2.77522E-09
   4930.00       2.78658E-09
   4940.00       2.79793E-09
   4950.00       2.80926E-09
   4960.00       2.82058E-09
   4970.00       2.83188E-09
   4980.00       2.84317E-09
   4990.00       2.85445E-09
   5000.00       2.86571E-09
   5010.00       2.87696E-09
   5020.00       2.88820E-09
   5030.00       2.89942E-09
   5040.00       2.91063E-09
   5050.00       2.92182E-09
   5060.00       2.93300E-09
   5070.00       2.94416E-09
   5080.00       2.95531E-09
   5090.00       2.96644E-09
   6000.00       3.90501E-09
   7000.00       4.73948E-09
   8000.00       5.36888E-09
   9000.00       5.82145E-09
  10000.00       6.13108E-09
