    100.00       0.00000E+00
    110.00       0.00000E+00
    120.00       0.00000E+00
    130.00       0.00000E+00
    140.00       0.00000E+00
    150.00       0.00000E+00
    160.00       0.00000E+00
    170.00       0.00000E+00
    180.00       0.00000E+00
    190.00       0.00000E+00
    200.00       0.00000E+00
    210.00       0.00000E+00
    220.00       0.00000E+00
    230.00       0.00000E+00
    240.00       0.00000E+00
    250.00       0.00000E+00
    260.00       0.00000E+00
    270.00       0.00000E+00
    280.00       0.00000E+00
    290.00       0.00000E+00
    300.00       0.00000E+00
    310.00       7.43792E-38
    320.00       6.97782E-37
    330.00       5.70924E-36
    340.00       4.12387E-35
    350.00       2.65784E-34
    360.00       1.54315E-33
    370.00       8.13986E-33
    380.00       3.93062E-32
    390.00       1.74947E-31
    400.00       7.22116E-31
    410.00       2.77952E-30
    420.00       1.00271E-29
    430.00       3.40556E-29
    440.00       1.09346E-28
    450.00       3.33159E-28
    460.00       9.66553E-28
    470.00       2.67849E-27
    480.00       7.11027E-27
    490.00       1.81290E-26
    500.00       4.45040E-26
    510.00       1.05423E-25
    520.00       2.41480E-25
    530.00       5.35877E-25
    540.00       1.15414E-24
    550.00       2.41640E-24
    560.00       4.92557E-24
    570.00       9.78911E-24
    580.00       1.89930E-23
    590.00       3.60198E-23
    600.00       6.68482E-23
    610.00       1.21534E-22
    620.00       2.16671E-22
    630.00       3.79148E-22
    640.00       6.51782E-22
    650.00       1.10163E-21
    660.00       1.83210E-21
    670.00       3.00027E-21
    680.00       4.84132E-21
    690.00       7.70262E-21
    700.00       1.20906E-20
    710.00       1.87348E-20
    720.00       2.86727E-20
    730.00       4.33642E-20
    740.00       6.48409E-20
    750.00       9.59002E-20
    760.00       1.40357E-19
    770.00       2.03361E-19
    780.00       2.91804E-19
    790.00       4.14826E-19
    800.00       5.84448E-19
    810.00       8.16346E-19
    820.00       1.13081E-18
    830.00       1.55390E-18
    840.00       2.11887E-18
    850.00       2.86778E-18
    860.00       3.85359E-18
    870.00       5.14247E-18
    880.00       6.81655E-18
    890.00       8.97733E-18
    900.00       1.17493E-17
    910.00       1.52845E-17
    920.00       1.97673E-17
    930.00       2.54208E-17
    940.00       3.25123E-17
    950.00       4.13623E-17
    960.00       5.23514E-17
    970.00       6.59318E-17
    980.00       8.26351E-17
    990.00       1.03087E-16
   1000.00       1.28019E-16
   1010.00       1.58283E-16
   1020.00       1.94869E-16
   1030.00       2.38920E-16
   1040.00       2.91752E-16
   1050.00       3.54878E-16
   1060.00       4.30028E-16
   1070.00       5.19176E-16
   1080.00       6.24561E-16
   1090.00       7.48725E-16
   1100.00       8.94540E-16
   1110.00       1.06523E-15
   1120.00       1.26444E-15
   1130.00       1.49622E-15
   1140.00       1.76512E-15
   1150.00       2.07620E-15
   1160.00       2.43507E-15
   1170.00       2.84799E-15
   1180.00       3.32181E-15
   1190.00       3.86417E-15
   1200.00       4.48344E-15
   1210.00       5.18878E-15
   1220.00       5.99028E-15
   1230.00       6.89896E-15
   1240.00       7.92685E-15
   1250.00       9.08703E-15
   1260.00       1.03937E-14
   1270.00       1.18624E-14
   1280.00       1.35099E-14
   1290.00       1.53540E-14
   1300.00       1.74145E-14
   1310.00       1.97124E-14
   1320.00       2.22701E-14
   1330.00       2.51122E-14
   1340.00       2.82645E-14
   1350.00       3.17550E-14
   1360.00       3.56134E-14
   1370.00       3.98714E-14
   1380.00       4.45631E-14
   1390.00       4.97244E-14
   1400.00       5.53936E-14
   1410.00       6.16116E-14
   1420.00       6.84211E-14
   1430.00       7.58679E-14
   1440.00       8.40005E-14
   1450.00       9.28691E-14
   1460.00       1.02528E-13
   1470.00       1.13034E-13
   1480.00       1.24446E-13
   1490.00       1.36827E-13
   1500.00       1.50242E-13
   1510.00       1.64760E-13
   1520.00       1.80454E-13
   1530.00       1.97399E-13
   1540.00       2.15674E-13
   1550.00       2.35361E-13
   1560.00       2.56547E-13
   1570.00       2.79320E-13
   1580.00       3.03775E-13
   1590.00       3.30008E-13
   1600.00       3.58121E-13
   1610.00       3.88219E-13
   1620.00       4.20410E-13
   1630.00       4.54807E-13
   1640.00       4.91527E-13
   1650.00       5.30692E-13
   1660.00       5.72426E-13
   1670.00       6.16859E-13
   1680.00       6.64126E-13
   1690.00       7.14363E-13
   1700.00       7.67712E-13
   1710.00       8.24320E-13
   1720.00       8.84341E-13
   1730.00       9.47926E-13
   1740.00       1.01524E-12
   1750.00       1.08644E-12
   1760.00       1.16170E-12
   1770.00       1.24119E-12
   1780.00       1.32509E-12
   1790.00       1.41359E-12
   1800.00       1.50686E-12
   1810.00       1.60510E-12
   1820.00       1.70850E-12
   1830.00       1.81727E-12
   1840.00       1.93160E-12
   1850.00       2.05171E-12
   1860.00       2.17781E-12
   1870.00       2.31012E-12
   1880.00       2.44885E-12
   1890.00       2.59423E-12
   1900.00       2.74650E-12
   1910.00       2.90589E-12
   1920.00       3.07263E-12
   1930.00       3.24698E-12
   1940.00       3.42916E-12
   1950.00       3.61943E-12
   1960.00       3.81806E-12
   1970.00       4.02530E-12
   1980.00       4.24140E-12
   1990.00       4.46664E-12
   2000.00       4.70128E-12
   2010.00       4.94559E-12
   2020.00       5.19987E-12
   2030.00       5.46437E-12
   2040.00       5.73940E-12
   2050.00       6.02522E-12
   2060.00       6.32214E-12
   2070.00       6.63044E-12
   2080.00       6.95043E-12
   2090.00       7.28240E-12
   2100.00       7.62665E-12
   2110.00       7.98348E-12
   2120.00       8.35322E-12
   2130.00       8.73617E-12
   2140.00       9.13263E-12
   2150.00       9.54293E-12
   2160.00       9.96736E-12
   2170.00       1.04063E-11
   2180.00       1.08600E-11
   2190.00       1.13288E-11
   2200.00       1.18131E-11
   2210.00       1.23131E-11
   2220.00       1.28292E-11
   2230.00       1.33618E-11
   2240.00       1.39111E-11
   2250.00       1.44775E-11
   2260.00       1.50614E-11
   2270.00       1.56630E-11
   2280.00       1.62828E-11
   2290.00       1.69209E-11
   2300.00       1.75779E-11
   2310.00       1.82539E-11
   2320.00       1.89495E-11
   2330.00       1.96648E-11
   2340.00       2.04003E-11
   2350.00       2.11563E-11
   2360.00       2.19331E-11
   2370.00       2.27311E-11
   2380.00       2.35506E-11
   2390.00       2.43921E-11
   2400.00       2.52556E-11
   2410.00       2.61418E-11
   2420.00       2.70508E-11
   2430.00       2.79830E-11
   2440.00       2.89389E-11
   2450.00       2.99187E-11
   2460.00       3.09227E-11
   2470.00       3.19513E-11
   2480.00       3.30049E-11
   2490.00       3.40837E-11
   2500.00       3.51881E-11
   2510.00       3.63185E-11
   2520.00       3.74752E-11
   2530.00       3.86585E-11
   2540.00       3.98687E-11
   2550.00       4.11062E-11
   2560.00       4.23713E-11
   2570.00       4.36643E-11
   2580.00       4.49857E-11
   2590.00       4.63355E-11
   2600.00       4.77144E-11
   2610.00       4.91224E-11
   2620.00       5.05599E-11
   2630.00       5.20274E-11
   2640.00       5.35249E-11
   2650.00       5.50530E-11
   2660.00       5.66118E-11
   2670.00       5.82018E-11
   2680.00       5.98232E-11
   2690.00       6.14763E-11
   2700.00       6.31614E-11
   2710.00       6.48786E-11
   2720.00       6.66287E-11
   2730.00       6.84114E-11
   2740.00       7.02275E-11
   2750.00       7.20770E-11
   2760.00       7.39602E-11
   2770.00       7.58774E-11
   2780.00       7.78289E-11
   2790.00       7.98150E-11
   2800.00       8.18359E-11
   2810.00       8.38920E-11
   2820.00       8.59834E-11
   2830.00       8.81104E-11
   2840.00       9.02733E-11
   2850.00       9.24724E-11
   2860.00       9.47078E-11
   2870.00       9.69799E-11
   2880.00       9.92890E-11
   2890.00       1.01635E-10
   2900.00       1.04018E-10
   2910.00       1.06439E-10
   2920.00       1.08898E-10
   2930.00       1.11395E-10
   2940.00       1.13931E-10
   2950.00       1.16504E-10
   2960.00       1.19116E-10
   2970.00       1.21768E-10
   2980.00       1.24458E-10
   2990.00       1.27188E-10
   3000.00       1.29957E-10
   3010.00       1.32766E-10
   3020.00       1.35615E-10
   3030.00       1.38504E-10
   3040.00       1.41433E-10
   3050.00       1.44403E-10
   3060.00       1.47413E-10
   3070.00       1.50464E-10
   3080.00       1.53557E-10
   3090.00       1.56690E-10
   3100.00       1.59865E-10
   3110.00       1.63081E-10
   3120.00       1.66339E-10
   3130.00       1.69638E-10
   3140.00       1.72980E-10
   3150.00       1.76363E-10
   3160.00       1.79789E-10
   3170.00       1.83257E-10
   3180.00       1.86767E-10
   3190.00       1.90320E-10
   3200.00       1.93916E-10
   3210.00       1.97555E-10
   3220.00       2.01236E-10
   3230.00       2.04961E-10
   3240.00       2.08729E-10
   3250.00       2.12540E-10
   3260.00       2.16394E-10
   3270.00       2.20292E-10
   3280.00       2.24233E-10
   3290.00       2.28218E-10
   3300.00       2.32247E-10
   3310.00       2.36320E-10
   3320.00       2.40436E-10
   3330.00       2.44596E-10
   3340.00       2.48801E-10
   3350.00       2.53049E-10
   3360.00       2.57342E-10
   3370.00       2.61679E-10
   3380.00       2.66060E-10
   3390.00       2.70485E-10
   3400.00       2.74955E-10
   3410.00       2.79469E-10
   3420.00       2.84027E-10
   3430.00       2.88630E-10
   3440.00       2.93278E-10
   3450.00       2.97970E-10
   3460.00       3.02706E-10
   3470.00       3.07488E-10
   3480.00       3.12313E-10
   3490.00       3.17184E-10
   3500.00       3.22099E-10
   3510.00       3.27058E-10
   3520.00       3.32062E-10
   3530.00       3.37111E-10
   3540.00       3.42204E-10
   3550.00       3.47342E-10
   3560.00       3.52525E-10
   3570.00       3.57752E-10
   3580.00       3.63024E-10
   3590.00       3.68340E-10
   3600.00       3.73701E-10
   3610.00       3.79106E-10
   3620.00       3.84556E-10
   3630.00       3.90050E-10
   3640.00       3.95589E-10
   3650.00       4.01172E-10
   3660.00       4.06799E-10
   3670.00       4.12470E-10
   3680.00       4.18186E-10
   3690.00       4.23947E-10
   3700.00       4.29750E-10
   3710.00       4.35599E-10
   3720.00       4.41491E-10
   3730.00       4.47427E-10
   3740.00       4.53407E-10
   3750.00       4.59431E-10
   3760.00       4.65499E-10
   3770.00       4.71609E-10
   3780.00       4.77765E-10
   3790.00       4.83963E-10
   3800.00       4.90205E-10
   3810.00       4.96490E-10
   3820.00       5.02819E-10
   3830.00       5.09190E-10
   3840.00       5.15604E-10
   3850.00       5.22062E-10
   3860.00       5.28563E-10
   3870.00       5.35106E-10
   3880.00       5.41693E-10
   3890.00       5.48321E-10
   3900.00       5.54992E-10
   3910.00       5.61706E-10
   3920.00       5.68462E-10
   3930.00       5.75260E-10
   3940.00       5.82100E-10
   3950.00       5.88982E-10
   3960.00       5.95905E-10
   3970.00       6.02871E-10
   3980.00       6.09878E-10
   3990.00       6.16926E-10
   4000.00       6.24016E-10
   4010.00       6.31147E-10
   4020.00       6.38319E-10
   4030.00       6.45532E-10
   4040.00       6.52786E-10
   4050.00       6.60080E-10
   4060.00       6.67415E-10
   4070.00       6.74790E-10
   4080.00       6.82205E-10
   4090.00       6.89661E-10
   4100.00       6.97156E-10
   4110.00       7.04692E-10
   4120.00       7.12266E-10
   4130.00       7.19880E-10
   4140.00       7.27534E-10
   4150.00       7.35227E-10
   4160.00       7.42959E-10
   4170.00       7.50730E-10
   4180.00       7.58539E-10
   4190.00       7.66387E-10
   4200.00       7.74273E-10
   4210.00       7.82198E-10
   4220.00       7.90160E-10
   4230.00       7.98161E-10
   4240.00       8.06199E-10
   4250.00       8.14275E-10
   4260.00       8.22389E-10
   4270.00       8.30539E-10
   4280.00       8.38727E-10
   4290.00       8.46951E-10
   4300.00       8.55212E-10
   4310.00       8.63510E-10
   4320.00       8.71843E-10
   4330.00       8.80214E-10
   4340.00       8.88619E-10
   4350.00       8.97062E-10
   4360.00       9.05539E-10
   4370.00       9.14052E-10
   4380.00       9.22600E-10
   4390.00       9.31184E-10
   4400.00       9.39802E-10
   4410.00       9.48454E-10
   4420.00       9.57142E-10
   4430.00       9.65863E-10
   4440.00       9.74619E-10
   4450.00       9.83410E-10
   4460.00       9.92232E-10
   4470.00       1.00109E-09
   4480.00       1.00998E-09
   4490.00       1.01890E-09
   4500.00       1.02786E-09
   4510.00       1.03685E-09
   4520.00       1.04587E-09
   4530.00       1.05493E-09
   4540.00       1.06402E-09
   4550.00       1.07313E-09
   4560.00       1.08229E-09
   4570.00       1.09147E-09
   4580.00       1.10068E-09
   4590.00       1.10993E-09
   4600.00       1.11920E-09
   4610.00       1.12851E-09
   4620.00       1.13785E-09
   4630.00       1.14722E-09
   4640.00       1.15661E-09
   4650.00       1.16604E-09
   4660.00       1.17550E-09
   4670.00       1.18499E-09
   4680.00       1.19451E-09
   4690.00       1.20405E-09
   4700.00       1.21363E-09
   4710.00       1.22323E-09
   4720.00       1.23286E-09
   4730.00       1.24253E-09
   4740.00       1.25222E-09
   4750.00       1.26193E-09
   4760.00       1.27168E-09
   4770.00       1.28145E-09
   4780.00       1.29125E-09
   4790.00       1.30108E-09
   4800.00       1.31094E-09
   4810.00       1.32082E-09
   4820.00       1.33072E-09
   4830.00       1.34066E-09
   4840.00       1.35062E-09
   4850.00       1.36061E-09
   4860.00       1.37062E-09
   4870.00       1.38066E-09
   4880.00       1.39072E-09
   4890.00       1.40081E-09
   4900.00       1.41092E-09
   4910.00       1.42106E-09
   4920.00       1.43122E-09
   4930.00       1.44141E-09
   4940.00       1.45162E-09
   4950.00       1.46186E-09
   4960.00       1.47212E-09
   4970.00       1.48240E-09
   4980.00       1.49270E-09
   4990.00       1.50303E-09
   5000.00       1.51338E-09
   5010.00       1.52376E-09
   5020.00       1.53416E-09
   5030.00       1.54458E-09
   5040.00       1.55502E-09
   5050.00       1.56548E-09
   5060.00       1.57597E-09
   5070.00       1.58647E-09
   5080.00       1.59700E-09
   5090.00       1.60755E-09
   6000.00       2.63079E-09
   7000.00       3.79953E-09
   8000.00       4.90244E-09
   9000.00       5.87964E-09
  10000.00       6.70959E-09
