    100.00       1.42770E-11
    110.00       3.57108E-11
    120.00       7.59853E-11
    130.00       1.42957E-10
    140.00       2.44414E-10
    150.00       3.87400E-10
    160.00       5.77760E-10
    170.00       8.19924E-10
    180.00       1.11688E-09
    190.00       1.47024E-09
    200.00       1.88046E-09
    210.00       2.34697E-09
    220.00       2.86841E-09
    230.00       3.44284E-09
    240.00       4.06787E-09
    250.00       4.74085E-09
    260.00       5.45892E-09
    270.00       6.21917E-09
    280.00       7.01868E-09
    290.00       7.85458E-09
    300.00       8.72403E-09
    310.00       9.62435E-09
    320.00       1.05529E-08
    330.00       1.15073E-08
    340.00       1.24851E-08
    350.00       1.34841E-08
    360.00       1.45021E-08
    370.00       1.55372E-08
    380.00       1.65874E-08
    390.00       1.76509E-08
    400.00       1.87260E-08
    410.00       1.98109E-08
    420.00       2.09042E-08
    430.00       2.20043E-08
    440.00       2.31097E-08
    450.00       2.42192E-08
    460.00       2.53313E-08
    470.00       2.64449E-08
    480.00       2.75587E-08
    490.00       2.86716E-08
    500.00       2.97826E-08
    510.00       3.08906E-08
    520.00       3.19946E-08
    530.00       3.30937E-08
    540.00       3.41870E-08
    550.00       3.52738E-08
    560.00       3.63532E-08
    570.00       3.74245E-08
    580.00       3.84870E-08
    590.00       3.95401E-08
    600.00       4.05831E-08
    610.00       4.16156E-08
    620.00       4.26370E-08
    630.00       4.36469E-08
    640.00       4.46448E-08
    650.00       4.56302E-08
    660.00       4.66029E-08
    670.00       4.75625E-08
    680.00       4.85087E-08
    690.00       4.94412E-08
    700.00       5.03598E-08
    710.00       5.12643E-08
    720.00       5.21546E-08
    730.00       5.30304E-08
    740.00       5.38916E-08
    750.00       5.47382E-08
    760.00       5.55700E-08
    770.00       5.63871E-08
    780.00       5.71892E-08
    790.00       5.79764E-08
    800.00       5.87488E-08
    810.00       5.95063E-08
    820.00       6.02489E-08
    830.00       6.09767E-08
    840.00       6.16897E-08
    850.00       6.23881E-08
    860.00       6.30718E-08
    870.00       6.37410E-08
    880.00       6.43958E-08
    890.00       6.50363E-08
    900.00       6.56625E-08
    910.00       6.62747E-08
    920.00       6.68729E-08
    930.00       6.74574E-08
    940.00       6.80281E-08
    950.00       6.85854E-08
    960.00       6.91292E-08
    970.00       6.96600E-08
    980.00       7.01776E-08
    990.00       7.06824E-08
   1000.00       7.11744E-08
   1010.00       7.16540E-08
   1020.00       7.21212E-08
   1030.00       7.25762E-08
   1040.00       7.30193E-08
   1050.00       7.34505E-08
   1060.00       7.38700E-08
   1070.00       7.42781E-08
   1080.00       7.46749E-08
   1090.00       7.50607E-08
   1100.00       7.54355E-08
   1110.00       7.57995E-08
   1120.00       7.61530E-08
   1130.00       7.64962E-08
   1140.00       7.68291E-08
   1150.00       7.71520E-08
   1160.00       7.74651E-08
   1170.00       7.77685E-08
   1180.00       7.80624E-08
   1190.00       7.83470E-08
   1200.00       7.86224E-08
   1210.00       7.88889E-08
   1220.00       7.91465E-08
   1230.00       7.93954E-08
   1240.00       7.96360E-08
   1250.00       7.98682E-08
   1260.00       8.00922E-08
   1270.00       8.03082E-08
   1280.00       8.05164E-08
   1290.00       8.07169E-08
   1300.00       8.09098E-08
   1310.00       8.10954E-08
   1320.00       8.12737E-08
   1330.00       8.14449E-08
   1340.00       8.16092E-08
   1350.00       8.17667E-08
   1360.00       8.19175E-08
   1370.00       8.20617E-08
   1380.00       8.21996E-08
   1390.00       8.23312E-08
   1400.00       8.24567E-08
   1410.00       8.25762E-08
   1420.00       8.26897E-08
   1430.00       8.27975E-08
   1440.00       8.28998E-08
   1450.00       8.29965E-08
   1460.00       8.30877E-08
   1470.00       8.31738E-08
   1480.00       8.32546E-08
   1490.00       8.33304E-08
   1500.00       8.34013E-08
   1510.00       8.34673E-08
   1520.00       8.35286E-08
   1530.00       8.35853E-08
   1540.00       8.36375E-08
   1550.00       8.36852E-08
   1560.00       8.37286E-08
   1570.00       8.37678E-08
   1580.00       8.38028E-08
   1590.00       8.38338E-08
   1600.00       8.38609E-08
   1610.00       8.38841E-08
   1620.00       8.39035E-08
   1630.00       8.39193E-08
   1640.00       8.39314E-08
   1650.00       8.39400E-08
   1660.00       8.39452E-08
   1670.00       8.39470E-08
   1680.00       8.39455E-08
   1690.00       8.39408E-08
   1700.00       8.39331E-08
   1710.00       8.39221E-08
   1720.00       8.39083E-08
   1730.00       8.38915E-08
   1740.00       8.38719E-08
   1750.00       8.38495E-08
   1760.00       8.38243E-08
   1770.00       8.37966E-08
   1780.00       8.37662E-08
   1790.00       8.37333E-08
   1800.00       8.36980E-08
   1810.00       8.36602E-08
   1820.00       8.36201E-08
   1830.00       8.35778E-08
   1840.00       8.35331E-08
   1850.00       8.34863E-08
   1860.00       8.34374E-08
   1870.00       8.33864E-08
   1880.00       8.33334E-08
   1890.00       8.32784E-08
   1900.00       8.32215E-08
   1910.00       8.31627E-08
   1920.00       8.31021E-08
   1930.00       8.30398E-08
   1940.00       8.29756E-08
   1950.00       8.29099E-08
   1960.00       8.28424E-08
   1970.00       8.27733E-08
   1980.00       8.27027E-08
   1990.00       8.26306E-08
   2000.00       8.25571E-08
   2010.00       8.24819E-08
   2020.00       8.24055E-08
   2030.00       8.23277E-08
   2040.00       8.22486E-08
   2050.00       8.21681E-08
   2060.00       8.20864E-08
   2070.00       8.20035E-08
   2080.00       8.19194E-08
   2090.00       8.18342E-08
   2100.00       8.17478E-08
   2110.00       8.16604E-08
   2120.00       8.15718E-08
   2130.00       8.14823E-08
   2140.00       8.13917E-08
   2150.00       8.13002E-08
   2160.00       8.12078E-08
   2170.00       8.11144E-08
   2180.00       8.10201E-08
   2190.00       8.09250E-08
   2200.00       8.08291E-08
   2210.00       8.07323E-08
   2220.00       8.06347E-08
   2230.00       8.05364E-08
   2240.00       8.04374E-08
   2250.00       8.03376E-08
   2260.00       8.02372E-08
   2270.00       8.01360E-08
   2280.00       8.00343E-08
   2290.00       7.99319E-08
   2300.00       7.98289E-08
   2310.00       7.97253E-08
   2320.00       7.96212E-08
   2330.00       7.95166E-08
   2340.00       7.94114E-08
   2350.00       7.93056E-08
   2360.00       7.91995E-08
   2370.00       7.90928E-08
   2380.00       7.89857E-08
   2390.00       7.88782E-08
   2400.00       7.87702E-08
   2410.00       7.86619E-08
   2420.00       7.85531E-08
   2430.00       7.84440E-08
   2440.00       7.83346E-08
   2450.00       7.82248E-08
   2460.00       7.81146E-08
   2470.00       7.80042E-08
   2480.00       7.78935E-08
   2490.00       7.77825E-08
   2500.00       7.76713E-08
   2510.00       7.75597E-08
   2520.00       7.74480E-08
   2530.00       7.73360E-08
   2540.00       7.72238E-08
   2550.00       7.71114E-08
   2560.00       7.69988E-08
   2570.00       7.68860E-08
   2580.00       7.67730E-08
   2590.00       7.66599E-08
   2600.00       7.65467E-08
   2610.00       7.64333E-08
   2620.00       7.63198E-08
   2630.00       7.62062E-08
   2640.00       7.60924E-08
   2650.00       7.59786E-08
   2660.00       7.58646E-08
   2670.00       7.57506E-08
   2680.00       7.56366E-08
   2690.00       7.55225E-08
   2700.00       7.54083E-08
   2710.00       7.52940E-08
   2720.00       7.51798E-08
   2730.00       7.50655E-08
   2740.00       7.49512E-08
   2750.00       7.48369E-08
   2760.00       7.47225E-08
   2770.00       7.46082E-08
   2780.00       7.44939E-08
   2790.00       7.43796E-08
   2800.00       7.42653E-08
   2810.00       7.41510E-08
   2820.00       7.40369E-08
   2830.00       7.39227E-08
   2840.00       7.38086E-08
   2850.00       7.36945E-08
   2860.00       7.35805E-08
   2870.00       7.34666E-08
   2880.00       7.33527E-08
   2890.00       7.32389E-08
   2900.00       7.31252E-08
   2910.00       7.30116E-08
   2920.00       7.28981E-08
   2930.00       7.27846E-08
   2940.00       7.26713E-08
   2950.00       7.25581E-08
   2960.00       7.24450E-08
   2970.00       7.23320E-08
   2980.00       7.22191E-08
   2990.00       7.21063E-08
   3000.00       7.19938E-08
   3010.00       7.18813E-08
   3020.00       7.17689E-08
   3030.00       7.16567E-08
   3040.00       7.15447E-08
   3050.00       7.14327E-08
   3060.00       7.13210E-08
   3070.00       7.12094E-08
   3080.00       7.10979E-08
   3090.00       7.09866E-08
   3100.00       7.08755E-08
   3110.00       7.07645E-08
   3120.00       7.06537E-08
   3130.00       7.05431E-08
   3140.00       7.04327E-08
   3150.00       7.03224E-08
   3160.00       7.02124E-08
   3170.00       7.01025E-08
   3180.00       6.99928E-08
   3190.00       6.98833E-08
   3200.00       6.97739E-08
   3210.00       6.96648E-08
   3220.00       6.95559E-08
   3230.00       6.94471E-08
   3240.00       6.93386E-08
   3250.00       6.92303E-08
   3260.00       6.91221E-08
   3270.00       6.90142E-08
   3280.00       6.89065E-08
   3290.00       6.87990E-08
   3300.00       6.86917E-08
   3310.00       6.85846E-08
   3320.00       6.84777E-08
   3330.00       6.83711E-08
   3340.00       6.82646E-08
   3350.00       6.81584E-08
   3360.00       6.80524E-08
   3370.00       6.79467E-08
   3380.00       6.78411E-08
   3390.00       6.77358E-08
   3400.00       6.76307E-08
   3410.00       6.75258E-08
   3420.00       6.74212E-08
   3430.00       6.73168E-08
   3440.00       6.72126E-08
   3450.00       6.71087E-08
   3460.00       6.70049E-08
   3470.00       6.69015E-08
   3480.00       6.67982E-08
   3490.00       6.66952E-08
   3500.00       6.65924E-08
   3510.00       6.64899E-08
   3520.00       6.63876E-08
   3530.00       6.62855E-08
   3540.00       6.61837E-08
   3550.00       6.60821E-08
   3560.00       6.59808E-08
   3570.00       6.58796E-08
   3580.00       6.57788E-08
   3590.00       6.56782E-08
   3600.00       6.55778E-08
   3610.00       6.54776E-08
   3620.00       6.53778E-08
   3630.00       6.52781E-08
   3640.00       6.51787E-08
   3650.00       6.50795E-08
   3660.00       6.49806E-08
   3670.00       6.48819E-08
   3680.00       6.47835E-08
   3690.00       6.46853E-08
   3700.00       6.45874E-08
   3710.00       6.44897E-08
   3720.00       6.43922E-08
   3730.00       6.42951E-08
   3740.00       6.41981E-08
   3750.00       6.41014E-08
   3760.00       6.40049E-08
   3770.00       6.39087E-08
   3780.00       6.38127E-08
   3790.00       6.37170E-08
   3800.00       6.36215E-08
   3810.00       6.35263E-08
   3820.00       6.34313E-08
   3830.00       6.33366E-08
   3840.00       6.32421E-08
   3850.00       6.31479E-08
   3860.00       6.30539E-08
   3870.00       6.29601E-08
   3880.00       6.28666E-08
   3890.00       6.27734E-08
   3900.00       6.26803E-08
   3910.00       6.25875E-08
   3920.00       6.24950E-08
   3930.00       6.24027E-08
   3940.00       6.23107E-08
   3950.00       6.22189E-08
   3960.00       6.21274E-08
   3970.00       6.20361E-08
   3980.00       6.19450E-08
   3990.00       6.18542E-08
   4000.00       6.17636E-08
   4010.00       6.16733E-08
   4020.00       6.15832E-08
   4030.00       6.14934E-08
   4040.00       6.14038E-08
   4050.00       6.13144E-08
   4060.00       6.12253E-08
   4070.00       6.11364E-08
   4080.00       6.10478E-08
   4090.00       6.09594E-08
   4100.00       6.08712E-08
   4110.00       6.07833E-08
   4120.00       6.06956E-08
   4130.00       6.06081E-08
   4140.00       6.05209E-08
   4150.00       6.04340E-08
   4160.00       6.03472E-08
   4170.00       6.02608E-08
   4180.00       6.01745E-08
   4190.00       6.00885E-08
   4200.00       6.00027E-08
   4210.00       5.99171E-08
   4220.00       5.98318E-08
   4230.00       5.97467E-08
   4240.00       5.96619E-08
   4250.00       5.95772E-08
   4260.00       5.94928E-08
   4270.00       5.94087E-08
   4280.00       5.93248E-08
   4290.00       5.92411E-08
   4300.00       5.91576E-08
   4310.00       5.90744E-08
   4320.00       5.89914E-08
   4330.00       5.89086E-08
   4340.00       5.88260E-08
   4350.00       5.87437E-08
   4360.00       5.86616E-08
   4370.00       5.85798E-08
   4380.00       5.84981E-08
   4390.00       5.84167E-08
   4400.00       5.83355E-08
   4410.00       5.82545E-08
   4420.00       5.81737E-08
   4430.00       5.80932E-08
   4440.00       5.80129E-08
   4450.00       5.79328E-08
   4460.00       5.78530E-08
   4470.00       5.77733E-08
   4480.00       5.76939E-08
   4490.00       5.76147E-08
   4500.00       5.75357E-08
   4510.00       5.74570E-08
   4520.00       5.73784E-08
   4530.00       5.73001E-08
   4540.00       5.72219E-08
   4550.00       5.71440E-08
   4560.00       5.70664E-08
   4570.00       5.69889E-08
   4580.00       5.69116E-08
   4590.00       5.68346E-08
   4600.00       5.67577E-08
   4610.00       5.66811E-08
   4620.00       5.66047E-08
   4630.00       5.65285E-08
   4640.00       5.64525E-08
   4650.00       5.63768E-08
   4660.00       5.63012E-08
   4670.00       5.62258E-08
   4680.00       5.61506E-08
   4690.00       5.60757E-08
   4700.00       5.60009E-08
   4710.00       5.59264E-08
   4720.00       5.58520E-08
   4730.00       5.57779E-08
   4740.00       5.57040E-08
   4750.00       5.56303E-08
   4760.00       5.55567E-08
   4770.00       5.54834E-08
   4780.00       5.54103E-08
   4790.00       5.53374E-08
   4800.00       5.52646E-08
   4810.00       5.51921E-08
   4820.00       5.51198E-08
   4830.00       5.50477E-08
   4840.00       5.49757E-08
   4850.00       5.49040E-08
   4860.00       5.48324E-08
   4870.00       5.47611E-08
   4880.00       5.46899E-08
   4890.00       5.46190E-08
   4900.00       5.45482E-08
   4910.00       5.44777E-08
   4920.00       5.44073E-08
   4930.00       5.43371E-08
   4940.00       5.42671E-08
   4950.00       5.41973E-08
   4960.00       5.41277E-08
   4970.00       5.40582E-08
   4980.00       5.39890E-08
   4990.00       5.39199E-08
   5000.00       5.38511E-08
   5010.00       5.37824E-08
   5020.00       5.37139E-08
   5030.00       5.36456E-08
   5040.00       5.35774E-08
   5050.00       5.35095E-08
   5060.00       5.34417E-08
   5070.00       5.33742E-08
   5080.00       5.33067E-08
   5090.00       5.32395E-08
   6000.00       4.78040E-08
   7000.00       4.30746E-08
   8000.00       3.92715E-08
   9000.00       3.61348E-08
  10000.00       3.34916E-08
