    100.00       0.00000E+00
    110.00       0.00000E+00
    120.00       0.00000E+00
    130.00       0.00000E+00
    140.00       0.00000E+00
    150.00       0.00000E+00
    160.00       0.00000E+00
    170.00       0.00000E+00
    180.00       0.00000E+00
    190.00       0.00000E+00
    200.00       0.00000E+00
    210.00       0.00000E+00
    220.00       0.00000E+00
    230.00       0.00000E+00
    240.00       0.00000E+00
    250.00       0.00000E+00
    260.00       0.00000E+00
    270.00       0.00000E+00
    280.00       0.00000E+00
    290.00       0.00000E+00
    300.00       0.00000E+00
    310.00       0.00000E+00
    320.00       0.00000E+00
    330.00       0.00000E+00
    340.00       0.00000E+00
    350.00       0.00000E+00
    360.00       0.00000E+00
    370.00       0.00000E+00
    380.00       0.00000E+00
    390.00       0.00000E+00
    400.00       0.00000E+00
    410.00       0.00000E+00
    420.00       0.00000E+00
    430.00       0.00000E+00
    440.00       0.00000E+00
    450.00       0.00000E+00
    460.00       0.00000E+00
    470.00       0.00000E+00
    480.00       0.00000E+00
    490.00       0.00000E+00
    500.00       0.00000E+00
    510.00       0.00000E+00
    520.00       0.00000E+00
    530.00       0.00000E+00
    540.00       0.00000E+00
    550.00       0.00000E+00
    560.00       1.76932E-38
    570.00       6.75179E-38
    580.00       2.45926E-37
    590.00       8.57019E-37
    600.00       2.86388E-36
    610.00       9.19561E-36
    620.00       2.84262E-35
    630.00       8.47533E-35
    640.00       2.44134E-34
    650.00       6.80498E-34
    660.00       1.83824E-33
    670.00       4.81917E-33
    680.00       1.22774E-32
    690.00       3.04334E-32
    700.00       7.34873E-32
    710.00       1.73055E-31
    720.00       3.97842E-31
    730.00       8.93762E-31
    740.00       1.96396E-30
    750.00       4.22498E-30
    760.00       8.90560E-30
    770.00       1.84077E-29
    780.00       3.73384E-29
    790.00       7.43773E-29
    800.00       1.45599E-28
    810.00       2.80277E-28
    820.00       5.30875E-28
    830.00       9.89995E-28
    840.00       1.81865E-27
    850.00       3.29287E-27
    860.00       5.87929E-27
    870.00       1.03565E-26
    880.00       1.80070E-26
    890.00       3.09172E-26
    900.00       5.24411E-26
    910.00       8.79086E-26
    920.00       1.45696E-25
    930.00       2.38825E-25
    940.00       3.87330E-25
    950.00       6.21725E-25
    960.00       9.88031E-25
    970.00       1.55503E-24
    980.00       2.42452E-24
    990.00       3.74595E-24
   1000.00       5.73668E-24
   1010.00       8.71039E-24
   1020.00       1.31161E-23
   1030.00       1.95915E-23
   1040.00       2.90352E-23
   1050.00       4.27050E-23
   1060.00       6.23475E-23
   1070.00       9.03736E-23
   1080.00       1.30085E-22
   1090.00       1.85978E-22
   1100.00       2.64138E-22
   1110.00       3.72738E-22
   1120.00       5.22712E-22
   1130.00       7.28586E-22
   1140.00       1.00954E-21
   1150.00       1.39078E-21
   1160.00       1.90527E-21
   1170.00       2.59582E-21
   1180.00       3.51780E-21
   1190.00       4.74256E-21
   1200.00       6.36144E-21
   1210.00       8.49081E-21
   1220.00       1.12784E-20
   1230.00       1.49109E-20
   1240.00       1.96233E-20
   1250.00       2.57094E-20
   1260.00       3.35364E-20
   1270.00       4.35597E-20
   1280.00       5.63440E-20
   1290.00       7.25839E-20
   1300.00       9.31345E-20
   1310.00       1.19040E-19
   1320.00       1.51575E-19
   1330.00       1.92288E-19
   1340.00       2.43056E-19
   1350.00       3.06140E-19
   1360.00       3.84262E-19
   1370.00       4.80690E-19
   1380.00       5.99328E-19
   1390.00       7.44827E-19
   1400.00       9.22716E-19
   1410.00       1.13956E-18
   1420.00       1.40308E-18
   1430.00       1.72242E-18
   1440.00       2.10829E-18
   1450.00       2.57325E-18
   1460.00       3.13202E-18
   1470.00       3.80172E-18
   1480.00       4.60224E-18
   1490.00       5.55676E-18
   1500.00       6.69200E-18
   1510.00       8.03889E-18
   1520.00       9.63307E-18
   1530.00       1.15155E-17
   1540.00       1.37332E-17
   1550.00       1.63398E-17
   1560.00       1.93969E-17
   1570.00       2.29745E-17
   1580.00       2.71522E-17
   1590.00       3.20206E-17
   1600.00       3.76824E-17
   1610.00       4.42533E-17
   1620.00       5.18645E-17
   1630.00       6.06633E-17
   1640.00       7.08161E-17
   1650.00       8.25093E-17
   1660.00       9.59519E-17
   1670.00       1.11378E-16
   1680.00       1.29049E-16
   1690.00       1.49256E-16
   1700.00       1.72324E-16
   1710.00       1.98614E-16
   1720.00       2.28528E-16
   1730.00       2.62510E-16
   1740.00       3.01052E-16
   1750.00       3.44697E-16
   1760.00       3.94046E-16
   1770.00       4.49762E-16
   1780.00       5.12572E-16
   1790.00       5.83278E-16
   1800.00       6.62758E-16
   1810.00       7.51975E-16
   1820.00       8.51986E-16
   1830.00       9.63945E-16
   1840.00       1.08911E-15
   1850.00       1.22886E-15
   1860.00       1.38469E-15
   1870.00       1.55823E-15
   1880.00       1.75125E-15
   1890.00       1.96568E-15
   1900.00       2.20361E-15
   1910.00       2.46729E-15
   1920.00       2.75917E-15
   1930.00       3.08193E-15
   1940.00       3.43837E-15
   1950.00       3.83160E-15
   1960.00       4.26495E-15
   1970.00       4.74200E-15
   1980.00       5.26657E-15
   1990.00       5.84282E-15
   2000.00       6.47519E-15
   2010.00       7.16842E-15
   2020.00       7.92763E-15
   2030.00       8.75829E-15
   2040.00       9.66623E-15
   2050.00       1.06577E-14
   2060.00       1.17394E-14
   2070.00       1.29184E-14
   2080.00       1.42022E-14
   2090.00       1.55991E-14
   2100.00       1.71176E-14
   2110.00       1.87668E-14
   2120.00       2.05564E-14
   2130.00       2.24968E-14
   2140.00       2.45989E-14
   2150.00       2.68743E-14
   2160.00       2.93353E-14
   2170.00       3.19950E-14
   2180.00       3.48671E-14
   2190.00       3.79661E-14
   2200.00       4.13076E-14
   2210.00       4.49074E-14
   2220.00       4.87831E-14
   2230.00       5.29525E-14
   2240.00       5.74347E-14
   2250.00       6.22498E-14
   2260.00       6.74188E-14
   2270.00       7.29638E-14
   2280.00       7.89081E-14
   2290.00       8.52762E-14
   2300.00       9.20939E-14
   2310.00       9.93877E-14
   2320.00       1.07187E-13
   2330.00       1.15519E-13
   2340.00       1.24418E-13
   2350.00       1.33913E-13
   2360.00       1.44040E-13
   2370.00       1.54835E-13
   2380.00       1.66332E-13
   2390.00       1.78574E-13
   2400.00       1.91598E-13
   2410.00       2.05447E-13
   2420.00       2.20166E-13
   2430.00       2.35798E-13
   2440.00       2.52394E-13
   2450.00       2.70003E-13
   2460.00       2.88674E-13
   2470.00       3.08463E-13
   2480.00       3.29426E-13
   2490.00       3.51620E-13
   2500.00       3.75106E-13
   2510.00       3.99946E-13
   2520.00       4.26206E-13
   2530.00       4.53952E-13
   2540.00       4.83254E-13
   2550.00       5.14186E-13
   2560.00       5.46821E-13
   2570.00       5.81237E-13
   2580.00       6.17515E-13
   2590.00       6.55737E-13
   2600.00       6.95992E-13
   2610.00       7.38366E-13
   2620.00       7.82950E-13
   2630.00       8.29842E-13
   2640.00       8.79136E-13
   2650.00       9.30939E-13
   2660.00       9.85347E-13
   2670.00       1.04248E-12
   2680.00       1.10243E-12
   2690.00       1.16533E-12
   2700.00       1.23129E-12
   2710.00       1.30043E-12
   2720.00       1.37288E-12
   2730.00       1.44876E-12
   2740.00       1.52821E-12
   2750.00       1.61137E-12
   2760.00       1.69836E-12
   2770.00       1.78935E-12
   2780.00       1.88446E-12
   2790.00       1.98387E-12
   2800.00       2.08771E-12
   2810.00       2.19616E-12
   2820.00       2.30938E-12
   2830.00       2.42752E-12
   2840.00       2.55078E-12
   2850.00       2.67931E-12
   2860.00       2.81331E-12
   2870.00       2.95296E-12
   2880.00       3.09846E-12
   2890.00       3.24999E-12
   2900.00       3.40775E-12
   2910.00       3.57195E-12
   2920.00       3.74280E-12
   2930.00       3.92051E-12
   2940.00       4.10531E-12
   2950.00       4.29740E-12
   2960.00       4.49702E-12
   2970.00       4.70440E-12
   2980.00       4.91980E-12
   2990.00       5.14343E-12
   3000.00       5.37557E-12
   3010.00       5.61646E-12
   3020.00       5.86632E-12
   3030.00       6.12550E-12
   3040.00       6.39417E-12
   3050.00       6.67270E-12
   3060.00       6.96129E-12
   3070.00       7.26027E-12
   3080.00       7.56992E-12
   3090.00       7.89052E-12
   3100.00       8.22240E-12
   3110.00       8.56584E-12
   3120.00       8.92119E-12
   3130.00       9.28871E-12
   3140.00       9.66880E-12
   3150.00       1.00617E-11
   3160.00       1.04678E-11
   3170.00       1.08875E-11
   3180.00       1.13210E-11
   3190.00       1.17687E-11
   3200.00       1.22310E-11
   3210.00       1.27083E-11
   3220.00       1.32009E-11
   3230.00       1.37092E-11
   3240.00       1.42336E-11
   3250.00       1.47744E-11
   3260.00       1.53320E-11
   3270.00       1.59070E-11
   3280.00       1.64995E-11
   3290.00       1.71102E-11
   3300.00       1.77393E-11
   3310.00       1.83873E-11
   3320.00       1.90546E-11
   3330.00       1.97417E-11
   3340.00       2.04490E-11
   3350.00       2.11769E-11
   3360.00       2.19259E-11
   3370.00       2.26965E-11
   3380.00       2.34890E-11
   3390.00       2.43041E-11
   3400.00       2.51421E-11
   3410.00       2.60035E-11
   3420.00       2.68888E-11
   3430.00       2.77986E-11
   3440.00       2.87332E-11
   3450.00       2.96933E-11
   3460.00       3.06792E-11
   3470.00       3.16916E-11
   3480.00       3.27309E-11
   3490.00       3.37977E-11
   3500.00       3.48925E-11
   3510.00       3.60157E-11
   3520.00       3.71682E-11
   3530.00       3.83502E-11
   3540.00       3.95623E-11
   3550.00       4.08053E-11
   3560.00       4.20795E-11
   3570.00       4.33856E-11
   3580.00       4.47241E-11
   3590.00       4.60957E-11
   3600.00       4.75008E-11
   3610.00       4.89402E-11
   3620.00       5.04143E-11
   3630.00       5.19237E-11
   3640.00       5.34693E-11
   3650.00       5.50514E-11
   3660.00       5.66708E-11
   3670.00       5.83279E-11
   3680.00       6.00236E-11
   3690.00       6.17584E-11
   3700.00       6.35329E-11
   3710.00       6.53477E-11
   3720.00       6.72037E-11
   3730.00       6.91013E-11
   3740.00       7.10413E-11
   3750.00       7.30241E-11
   3760.00       7.50506E-11
   3770.00       7.71214E-11
   3780.00       7.92373E-11
   3790.00       8.13989E-11
   3800.00       8.36068E-11
   3810.00       8.58617E-11
   3820.00       8.81644E-11
   3830.00       9.05155E-11
   3840.00       9.29155E-11
   3850.00       9.53657E-11
   3860.00       9.78663E-11
   3870.00       1.00418E-10
   3880.00       1.03022E-10
   3890.00       1.05678E-10
   3900.00       1.08388E-10
   3910.00       1.11152E-10
   3920.00       1.13971E-10
   3930.00       1.16845E-10
   3940.00       1.19776E-10
   3950.00       1.22764E-10
   3960.00       1.25809E-10
   3970.00       1.28914E-10
   3980.00       1.32077E-10
   3990.00       1.35301E-10
   4000.00       1.38585E-10
   4010.00       1.41931E-10
   4020.00       1.45339E-10
   4030.00       1.48810E-10
   4040.00       1.52346E-10
   4050.00       1.55946E-10
   4060.00       1.59611E-10
   4070.00       1.63342E-10
   4080.00       1.67141E-10
   4090.00       1.71007E-10
   4100.00       1.74942E-10
   4110.00       1.78946E-10
   4120.00       1.83020E-10
   4130.00       1.87165E-10
   4140.00       1.91381E-10
   4150.00       1.95671E-10
   4160.00       2.00033E-10
   4170.00       2.04470E-10
   4180.00       2.08981E-10
   4190.00       2.13568E-10
   4200.00       2.18231E-10
   4210.00       2.22972E-10
   4220.00       2.27791E-10
   4230.00       2.32689E-10
   4240.00       2.37666E-10
   4250.00       2.42724E-10
   4260.00       2.47864E-10
   4270.00       2.53085E-10
   4280.00       2.58389E-10
   4290.00       2.63777E-10
   4300.00       2.69250E-10
   4310.00       2.74808E-10
   4320.00       2.80452E-10
   4330.00       2.86183E-10
   4340.00       2.92002E-10
   4350.00       2.97910E-10
   4360.00       3.03907E-10
   4370.00       3.09995E-10
   4380.00       3.16173E-10
   4390.00       3.22444E-10
   4400.00       3.28807E-10
   4410.00       3.35263E-10
   4420.00       3.41814E-10
   4430.00       3.48461E-10
   4440.00       3.55203E-10
   4450.00       3.62043E-10
   4460.00       3.68979E-10
   4470.00       3.76014E-10
   4480.00       3.83149E-10
   4490.00       3.90383E-10
   4500.00       3.97719E-10
   4510.00       4.05157E-10
   4520.00       4.12696E-10
   4530.00       4.20339E-10
   4540.00       4.28087E-10
   4550.00       4.35939E-10
   4560.00       4.43897E-10
   4570.00       4.51962E-10
   4580.00       4.60133E-10
   4590.00       4.68414E-10
   4600.00       4.76803E-10
   4610.00       4.85302E-10
   4620.00       4.93911E-10
   4630.00       5.02633E-10
   4640.00       5.11466E-10
   4650.00       5.20412E-10
   4660.00       5.29472E-10
   4670.00       5.38647E-10
   4680.00       5.47938E-10
   4690.00       5.57344E-10
   4700.00       5.66867E-10
   4710.00       5.76509E-10
   4720.00       5.86267E-10
   4730.00       5.96146E-10
   4740.00       6.06145E-10
   4750.00       6.16266E-10
   4760.00       6.26506E-10
   4770.00       6.36870E-10
   4780.00       6.47358E-10
   4790.00       6.57969E-10
   4800.00       6.68705E-10
   4810.00       6.79566E-10
   4820.00       6.90554E-10
   4830.00       7.01669E-10
   4840.00       7.12911E-10
   4850.00       7.24281E-10
   4860.00       7.35781E-10
   4870.00       7.47412E-10
   4880.00       7.59172E-10
   4890.00       7.71064E-10
   4900.00       7.83090E-10
   4910.00       7.95247E-10
   4920.00       8.07537E-10
   4930.00       8.19963E-10
   4940.00       8.32523E-10
   4950.00       8.45220E-10
   4960.00       8.58054E-10
   4970.00       8.71024E-10
   4980.00       8.84133E-10
   4990.00       8.97379E-10
   5000.00       9.10766E-10
   5010.00       9.24293E-10
   5020.00       9.37960E-10
   5030.00       9.51769E-10
   5040.00       9.65720E-10
   5050.00       9.79814E-10
   5060.00       9.94051E-10
   5070.00       1.00843E-09
   5080.00       1.02296E-09
   5090.00       1.03763E-09
   6000.00       3.05441E-09
   7000.00       7.01647E-09
   8000.00       1.27717E-08
   9000.00       1.99578E-08
  10000.00       2.80789E-08
