    100.00       2.76343E-12
    110.00       6.93417E-12
    120.00       1.48169E-11
    130.00       2.80227E-11
    140.00       4.82078E-11
    150.00       7.69464E-11
    160.00       1.15637E-10
    170.00       1.65446E-10
    180.00       2.27278E-10
    190.00       3.01769E-10
    200.00       3.89298E-10
    210.00       4.89999E-10
    220.00       6.03794E-10
    230.00       7.30413E-10
    240.00       8.69427E-10
    250.00       1.02028E-09
    260.00       1.18230E-09
    270.00       1.35474E-09
    280.00       1.53682E-09
    290.00       1.72768E-09
    300.00       1.92648E-09
    310.00       2.13236E-09
    320.00       2.34446E-09
    330.00       2.56196E-09
    340.00       2.78405E-09
    350.00       3.00995E-09
    360.00       3.23894E-09
    370.00       3.47031E-09
    380.00       3.70343E-09
    390.00       3.93768E-09
    400.00       4.17250E-09
    410.00       4.40737E-09
    420.00       4.64182E-09
    430.00       4.87542E-09
    440.00       5.10777E-09
    450.00       5.33852E-09
    460.00       5.56735E-09
    470.00       5.79398E-09
    480.00       6.01817E-09
    490.00       6.23969E-09
    500.00       6.45835E-09
    510.00       6.67399E-09
    520.00       6.88647E-09
    530.00       7.09567E-09
    540.00       7.30149E-09
    550.00       7.50387E-09
    560.00       7.70272E-09
    570.00       7.89803E-09
    580.00       8.08974E-09
    590.00       8.27785E-09
    600.00       8.46234E-09
    610.00       8.64323E-09
    620.00       8.82052E-09
    630.00       8.99424E-09
    640.00       9.16442E-09
    650.00       9.33108E-09
    660.00       9.49428E-09
    670.00       9.65406E-09
    680.00       9.81045E-09
    690.00       9.96353E-09
    700.00       1.01133E-08
    710.00       1.02599E-08
    720.00       1.04034E-08
    730.00       1.05438E-08
    740.00       1.06811E-08
    750.00       1.08155E-08
    760.00       1.09470E-08
    770.00       1.10757E-08
    780.00       1.12016E-08
    790.00       1.13248E-08
    800.00       1.14454E-08
    810.00       1.15634E-08
    820.00       1.16789E-08
    830.00       1.17920E-08
    840.00       1.19027E-08
    850.00       1.20111E-08
    860.00       1.21172E-08
    870.00       1.22210E-08
    880.00       1.23228E-08
    890.00       1.24224E-08
    900.00       1.25201E-08
    910.00       1.26157E-08
    920.00       1.27094E-08
    930.00       1.28012E-08
    940.00       1.28912E-08
    950.00       1.29794E-08
    960.00       1.30659E-08
    970.00       1.31507E-08
    980.00       1.32339E-08
    990.00       1.33154E-08
   1000.00       1.33954E-08
   1010.00       1.34738E-08
   1020.00       1.35508E-08
   1030.00       1.36263E-08
   1040.00       1.37004E-08
   1050.00       1.37732E-08
   1060.00       1.38446E-08
   1070.00       1.39147E-08
   1080.00       1.39836E-08
   1090.00       1.40512E-08
   1100.00       1.41175E-08
   1110.00       1.41827E-08
   1120.00       1.42468E-08
   1130.00       1.43097E-08
   1140.00       1.43716E-08
   1150.00       1.44323E-08
   1160.00       1.44920E-08
   1170.00       1.45507E-08
   1180.00       1.46084E-08
   1190.00       1.46651E-08
   1200.00       1.47209E-08
   1210.00       1.47757E-08
   1220.00       1.48296E-08
   1230.00       1.48826E-08
   1240.00       1.49348E-08
   1250.00       1.49860E-08
   1260.00       1.50365E-08
   1270.00       1.50861E-08
   1280.00       1.51349E-08
   1290.00       1.51830E-08
   1300.00       1.52302E-08
   1310.00       1.52767E-08
   1320.00       1.53225E-08
   1330.00       1.53675E-08
   1340.00       1.54119E-08
   1350.00       1.54555E-08
   1360.00       1.54984E-08
   1370.00       1.55407E-08
   1380.00       1.55823E-08
   1390.00       1.56232E-08
   1400.00       1.56636E-08
   1410.00       1.57033E-08
   1420.00       1.57423E-08
   1430.00       1.57808E-08
   1440.00       1.58187E-08
   1450.00       1.58560E-08
   1460.00       1.58928E-08
   1470.00       1.59289E-08
   1480.00       1.59645E-08
   1490.00       1.59996E-08
   1500.00       1.60342E-08
   1510.00       1.60682E-08
   1520.00       1.61017E-08
   1530.00       1.61347E-08
   1540.00       1.61672E-08
   1550.00       1.61992E-08
   1560.00       1.62307E-08
   1570.00       1.62617E-08
   1580.00       1.62923E-08
   1590.00       1.63224E-08
   1600.00       1.63521E-08
   1610.00       1.63812E-08
   1620.00       1.64100E-08
   1630.00       1.64383E-08
   1640.00       1.64662E-08
   1650.00       1.64937E-08
   1660.00       1.65208E-08
   1670.00       1.65474E-08
   1680.00       1.65737E-08
   1690.00       1.65995E-08
   1700.00       1.66250E-08
   1710.00       1.66501E-08
   1720.00       1.66748E-08
   1730.00       1.66991E-08
   1740.00       1.67230E-08
   1750.00       1.67466E-08
   1760.00       1.67699E-08
   1770.00       1.67927E-08
   1780.00       1.68153E-08
   1790.00       1.68374E-08
   1800.00       1.68593E-08
   1810.00       1.68808E-08
   1820.00       1.69020E-08
   1830.00       1.69228E-08
   1840.00       1.69434E-08
   1850.00       1.69636E-08
   1860.00       1.69835E-08
   1870.00       1.70031E-08
   1880.00       1.70224E-08
   1890.00       1.70414E-08
   1900.00       1.70601E-08
   1910.00       1.70785E-08
   1920.00       1.70966E-08
   1930.00       1.71145E-08
   1940.00       1.71320E-08
   1950.00       1.71493E-08
   1960.00       1.71663E-08
   1970.00       1.71831E-08
   1980.00       1.71996E-08
   1990.00       1.72158E-08
   2000.00       1.72318E-08
   2010.00       1.72475E-08
   2020.00       1.72629E-08
   2030.00       1.72782E-08
   2040.00       1.72931E-08
   2050.00       1.73079E-08
   2060.00       1.73224E-08
   2070.00       1.73366E-08
   2080.00       1.73507E-08
   2090.00       1.73645E-08
   2100.00       1.73781E-08
   2110.00       1.73914E-08
   2120.00       1.74046E-08
   2130.00       1.74175E-08
   2140.00       1.74302E-08
   2150.00       1.74427E-08
   2160.00       1.74550E-08
   2170.00       1.74671E-08
   2180.00       1.74790E-08
   2190.00       1.74907E-08
   2200.00       1.75022E-08
   2210.00       1.75135E-08
   2220.00       1.75246E-08
   2230.00       1.75356E-08
   2240.00       1.75463E-08
   2250.00       1.75569E-08
   2260.00       1.75673E-08
   2270.00       1.75775E-08
   2280.00       1.75875E-08
   2290.00       1.75974E-08
   2300.00       1.76071E-08
   2310.00       1.76166E-08
   2320.00       1.76260E-08
   2330.00       1.76352E-08
   2340.00       1.76442E-08
   2350.00       1.76531E-08
   2360.00       1.76618E-08
   2370.00       1.76703E-08
   2380.00       1.76788E-08
   2390.00       1.76870E-08
   2400.00       1.76951E-08
   2410.00       1.77031E-08
   2420.00       1.77109E-08
   2430.00       1.77186E-08
   2440.00       1.77262E-08
   2450.00       1.77336E-08
   2460.00       1.77408E-08
   2470.00       1.77480E-08
   2480.00       1.77550E-08
   2490.00       1.77619E-08
   2500.00       1.77686E-08
   2510.00       1.77752E-08
   2520.00       1.77817E-08
   2530.00       1.77881E-08
   2540.00       1.77943E-08
   2550.00       1.78005E-08
   2560.00       1.78065E-08
   2570.00       1.78124E-08
   2580.00       1.78182E-08
   2590.00       1.78238E-08
   2600.00       1.78294E-08
   2610.00       1.78349E-08
   2620.00       1.78402E-08
   2630.00       1.78454E-08
   2640.00       1.78506E-08
   2650.00       1.78556E-08
   2660.00       1.78605E-08
   2670.00       1.78653E-08
   2680.00       1.78701E-08
   2690.00       1.78747E-08
   2700.00       1.78793E-08
   2710.00       1.78837E-08
   2720.00       1.78880E-08
   2730.00       1.78923E-08
   2740.00       1.78965E-08
   2750.00       1.79005E-08
   2760.00       1.79045E-08
   2770.00       1.79084E-08
   2780.00       1.79122E-08
   2790.00       1.79160E-08
   2800.00       1.79196E-08
   2810.00       1.79232E-08
   2820.00       1.79267E-08
   2830.00       1.79301E-08
   2840.00       1.79334E-08
   2850.00       1.79367E-08
   2860.00       1.79399E-08
   2870.00       1.79430E-08
   2880.00       1.79460E-08
   2890.00       1.79489E-08
   2900.00       1.79518E-08
   2910.00       1.79547E-08
   2920.00       1.79574E-08
   2930.00       1.79601E-08
   2940.00       1.79627E-08
   2950.00       1.79653E-08
   2960.00       1.79677E-08
   2970.00       1.79701E-08
   2980.00       1.79725E-08
   2990.00       1.79748E-08
   3000.00       1.79770E-08
   3010.00       1.79792E-08
   3020.00       1.79813E-08
   3030.00       1.79834E-08
   3040.00       1.79854E-08
   3050.00       1.79873E-08
   3060.00       1.79892E-08
   3070.00       1.79910E-08
   3080.00       1.79928E-08
   3090.00       1.79945E-08
   3100.00       1.79962E-08
   3110.00       1.79979E-08
   3120.00       1.79994E-08
   3130.00       1.80009E-08
   3140.00       1.80024E-08
   3150.00       1.80038E-08
   3160.00       1.80052E-08
   3170.00       1.80066E-08
   3180.00       1.80078E-08
   3190.00       1.80091E-08
   3200.00       1.80103E-08
   3210.00       1.80114E-08
   3220.00       1.80125E-08
   3230.00       1.80136E-08
   3240.00       1.80146E-08
   3250.00       1.80156E-08
   3260.00       1.80166E-08
   3270.00       1.80175E-08
   3280.00       1.80183E-08
   3290.00       1.80191E-08
   3300.00       1.80199E-08
   3310.00       1.80207E-08
   3320.00       1.80214E-08
   3330.00       1.80221E-08
   3340.00       1.80227E-08
   3350.00       1.80233E-08
   3360.00       1.80239E-08
   3370.00       1.80244E-08
   3380.00       1.80249E-08
   3390.00       1.80254E-08
   3400.00       1.80258E-08
   3410.00       1.80262E-08
   3420.00       1.80266E-08
   3430.00       1.80269E-08
   3440.00       1.80273E-08
   3450.00       1.80275E-08
   3460.00       1.80278E-08
   3470.00       1.80280E-08
   3480.00       1.80282E-08
   3490.00       1.80284E-08
   3500.00       1.80285E-08
   3510.00       1.80286E-08
   3520.00       1.80287E-08
   3530.00       1.80288E-08
   3540.00       1.80288E-08
   3550.00       1.80288E-08
   3560.00       1.80288E-08
   3570.00       1.80288E-08
   3580.00       1.80287E-08
   3590.00       1.80286E-08
   3600.00       1.80285E-08
   3610.00       1.80284E-08
   3620.00       1.80282E-08
   3630.00       1.80281E-08
   3640.00       1.80279E-08
   3650.00       1.80276E-08
   3660.00       1.80274E-08
   3670.00       1.80271E-08
   3680.00       1.80268E-08
   3690.00       1.80265E-08
   3700.00       1.80262E-08
   3710.00       1.80259E-08
   3720.00       1.80255E-08
   3730.00       1.80251E-08
   3740.00       1.80247E-08
   3750.00       1.80243E-08
   3760.00       1.80239E-08
   3770.00       1.80234E-08
   3780.00       1.80229E-08
   3790.00       1.80224E-08
   3800.00       1.80219E-08
   3810.00       1.80214E-08
   3820.00       1.80209E-08
   3830.00       1.80203E-08
   3840.00       1.80197E-08
   3850.00       1.80192E-08
   3860.00       1.80186E-08
   3870.00       1.80179E-08
   3880.00       1.80173E-08
   3890.00       1.80167E-08
   3900.00       1.80160E-08
   3910.00       1.80153E-08
   3920.00       1.80146E-08
   3930.00       1.80139E-08
   3940.00       1.80132E-08
   3950.00       1.80125E-08
   3960.00       1.80117E-08
   3970.00       1.80110E-08
   3980.00       1.80102E-08
   3990.00       1.80094E-08
   4000.00       1.80086E-08
   4010.00       1.80078E-08
   4020.00       1.80070E-08
   4030.00       1.80062E-08
   4040.00       1.80053E-08
   4050.00       1.80045E-08
   4060.00       1.80036E-08
   4070.00       1.80027E-08
   4080.00       1.80019E-08
   4090.00       1.80010E-08
   4100.00       1.80000E-08
   4110.00       1.79991E-08
   4120.00       1.79982E-08
   4130.00       1.79973E-08
   4140.00       1.79963E-08
   4150.00       1.79954E-08
   4160.00       1.79944E-08
   4170.00       1.79934E-08
   4180.00       1.79924E-08
   4190.00       1.79914E-08
   4200.00       1.79904E-08
   4210.00       1.79894E-08
   4220.00       1.79884E-08
   4230.00       1.79874E-08
   4240.00       1.79863E-08
   4250.00       1.79853E-08
   4260.00       1.79842E-08
   4270.00       1.79831E-08
   4280.00       1.79821E-08
   4290.00       1.79810E-08
   4300.00       1.79799E-08
   4310.00       1.79788E-08
   4320.00       1.79777E-08
   4330.00       1.79766E-08
   4340.00       1.79755E-08
   4350.00       1.79743E-08
   4360.00       1.79732E-08
   4370.00       1.79721E-08
   4380.00       1.79709E-08
   4390.00       1.79698E-08
   4400.00       1.79686E-08
   4410.00       1.79674E-08
   4420.00       1.79662E-08
   4430.00       1.79651E-08
   4440.00       1.79639E-08
   4450.00       1.79627E-08
   4460.00       1.79615E-08
   4470.00       1.79603E-08
   4480.00       1.79590E-08
   4490.00       1.79578E-08
   4500.00       1.79566E-08
   4510.00       1.79554E-08
   4520.00       1.79541E-08
   4530.00       1.79529E-08
   4540.00       1.79516E-08
   4550.00       1.79504E-08
   4560.00       1.79491E-08
   4570.00       1.79478E-08
   4580.00       1.79465E-08
   4590.00       1.79453E-08
   4600.00       1.79440E-08
   4610.00       1.79427E-08
   4620.00       1.79414E-08
   4630.00       1.79401E-08
   4640.00       1.79388E-08
   4650.00       1.79375E-08
   4660.00       1.79361E-08
   4670.00       1.79348E-08
   4680.00       1.79335E-08
   4690.00       1.79322E-08
   4700.00       1.79308E-08
   4710.00       1.79295E-08
   4720.00       1.79281E-08
   4730.00       1.79268E-08
   4740.00       1.79254E-08
   4750.00       1.79241E-08
   4760.00       1.79227E-08
   4770.00       1.79213E-08
   4780.00       1.79199E-08
   4790.00       1.79185E-08
   4800.00       1.79172E-08
   4810.00       1.79158E-08
   4820.00       1.79144E-08
   4830.00       1.79130E-08
   4840.00       1.79116E-08
   4850.00       1.79102E-08
   4860.00       1.79087E-08
   4870.00       1.79073E-08
   4880.00       1.79059E-08
   4890.00       1.79045E-08
   4900.00       1.79030E-08
   4910.00       1.79016E-08
   4920.00       1.79001E-08
   4930.00       1.78987E-08
   4940.00       1.78972E-08
   4950.00       1.78958E-08
   4960.00       1.78943E-08
   4970.00       1.78929E-08
   4980.00       1.78914E-08
   4990.00       1.78899E-08
   5000.00       1.78884E-08
   5010.00       1.78870E-08
   5020.00       1.78855E-08
   5030.00       1.78840E-08
   5040.00       1.78825E-08
   5050.00       1.78810E-08
   5060.00       1.78795E-08
   5070.00       1.78780E-08
   5080.00       1.78765E-08
   5090.00       1.78750E-08
   6000.00       1.77205E-08
   7000.00       1.75105E-08
   8000.00       1.72550E-08
   9000.00       1.69560E-08
  10000.00       1.66199E-08
