    100.00       0.00000E+00
    110.00       0.00000E+00
    120.00       0.00000E+00
    130.00       0.00000E+00
    140.00       0.00000E+00
    150.00       0.00000E+00
    160.00       0.00000E+00
    170.00       0.00000E+00
    180.00       0.00000E+00
    190.00       0.00000E+00
    200.00       0.00000E+00
    210.00       0.00000E+00
    220.00       0.00000E+00
    230.00       0.00000E+00
    240.00       0.00000E+00
    250.00       0.00000E+00
    260.00       0.00000E+00
    270.00       0.00000E+00
    280.00       0.00000E+00
    290.00       0.00000E+00
    300.00       0.00000E+00
    310.00       0.00000E+00
    320.00       0.00000E+00
    330.00       0.00000E+00
    340.00       0.00000E+00
    350.00       0.00000E+00
    360.00       0.00000E+00
    370.00       0.00000E+00
    380.00       0.00000E+00
    390.00       0.00000E+00
    400.00       0.00000E+00
    410.00       0.00000E+00
    420.00       0.00000E+00
    430.00       0.00000E+00
    440.00       0.00000E+00
    450.00       0.00000E+00
    460.00       0.00000E+00
    470.00       0.00000E+00
    480.00       0.00000E+00
    490.00       0.00000E+00
    500.00       0.00000E+00
    510.00       0.00000E+00
    520.00       0.00000E+00
    530.00       0.00000E+00
    540.00       0.00000E+00
    550.00       0.00000E+00
    560.00       0.00000E+00
    570.00       0.00000E+00
    580.00       0.00000E+00
    590.00       0.00000E+00
    600.00       0.00000E+00
    610.00       0.00000E+00
    620.00       0.00000E+00
    630.00       0.00000E+00
    640.00       0.00000E+00
    650.00       0.00000E+00
    660.00       0.00000E+00
    670.00       0.00000E+00
    680.00       0.00000E+00
    690.00       0.00000E+00
    700.00       0.00000E+00
    710.00       0.00000E+00
    720.00       0.00000E+00
    730.00       0.00000E+00
    740.00       0.00000E+00
    750.00       0.00000E+00
    760.00       0.00000E+00
    770.00       0.00000E+00
    780.00       0.00000E+00
    790.00       0.00000E+00
    800.00       0.00000E+00
    810.00       0.00000E+00
    820.00       0.00000E+00
    830.00       0.00000E+00
    840.00       0.00000E+00
    850.00       0.00000E+00
    860.00       0.00000E+00
    870.00       0.00000E+00
    880.00       0.00000E+00
    890.00       0.00000E+00
    900.00       0.00000E+00
    910.00       0.00000E+00
    920.00       0.00000E+00
    930.00       0.00000E+00
    940.00       0.00000E+00
    950.00       0.00000E+00
    960.00       0.00000E+00
    970.00       0.00000E+00
    980.00       0.00000E+00
    990.00       0.00000E+00
   1000.00       0.00000E+00
   1010.00       0.00000E+00
   1020.00       0.00000E+00
   1030.00       0.00000E+00
   1040.00       0.00000E+00
   1050.00       0.00000E+00
   1060.00       0.00000E+00
   1070.00       0.00000E+00
   1080.00       0.00000E+00
   1090.00       0.00000E+00
   1100.00       0.00000E+00
   1110.00       0.00000E+00
   1120.00       0.00000E+00
   1130.00       0.00000E+00
   1140.00       0.00000E+00
   1150.00       0.00000E+00
   1160.00       0.00000E+00
   1170.00       0.00000E+00
   1180.00       0.00000E+00
   1190.00       0.00000E+00
   1200.00       0.00000E+00
   1210.00       0.00000E+00
   1220.00       0.00000E+00
   1230.00       0.00000E+00
   1240.00       0.00000E+00
   1250.00       0.00000E+00
   1260.00       0.00000E+00
   1270.00       0.00000E+00
   1280.00       0.00000E+00
   1290.00       0.00000E+00
   1300.00       0.00000E+00
   1310.00       0.00000E+00
   1320.00       0.00000E+00
   1330.00       0.00000E+00
   1340.00       0.00000E+00
   1350.00       0.00000E+00
   1360.00       0.00000E+00
   1370.00       0.00000E+00
   1380.00       0.00000E+00
   1390.00       0.00000E+00
   1400.00       0.00000E+00
   1410.00       0.00000E+00
   1420.00       0.00000E+00
   1430.00       0.00000E+00
   1440.00       0.00000E+00
   1450.00       0.00000E+00
   1460.00       0.00000E+00
   1470.00       0.00000E+00
   1480.00       0.00000E+00
   1490.00       0.00000E+00
   1500.00       0.00000E+00
   1510.00       0.00000E+00
   1520.00       0.00000E+00
   1530.00       0.00000E+00
   1540.00       0.00000E+00
   1550.00       0.00000E+00
   1560.00       0.00000E+00
   1570.00       0.00000E+00
   1580.00       0.00000E+00
   1590.00       0.00000E+00
   1600.00       0.00000E+00
   1610.00       0.00000E+00
   1620.00       0.00000E+00
   1630.00       0.00000E+00
   1640.00       0.00000E+00
   1650.00       0.00000E+00
   1660.00       0.00000E+00
   1670.00       0.00000E+00
   1680.00       0.00000E+00
   1690.00       0.00000E+00
   1700.00       0.00000E+00
   1710.00       0.00000E+00
   1720.00       0.00000E+00
   1730.00       0.00000E+00
   1740.00       0.00000E+00
   1750.00       0.00000E+00
   1760.00       0.00000E+00
   1770.00       0.00000E+00
   1780.00       0.00000E+00
   1790.00       0.00000E+00
   1800.00       0.00000E+00
   1810.00       0.00000E+00
   1820.00       0.00000E+00
   1830.00       0.00000E+00
   1840.00       0.00000E+00
   1850.00       0.00000E+00
   1860.00       0.00000E+00
   1870.00       0.00000E+00
   1880.00       0.00000E+00
   1890.00       0.00000E+00
   1900.00       0.00000E+00
   1910.00       0.00000E+00
   1920.00       0.00000E+00
   1930.00       0.00000E+00
   1940.00       0.00000E+00
   1950.00       0.00000E+00
   1960.00       0.00000E+00
   1970.00       0.00000E+00
   1980.00       0.00000E+00
   1990.00       0.00000E+00
   2000.00       0.00000E+00
   2010.00       0.00000E+00
   2020.00       0.00000E+00
   2030.00       0.00000E+00
   2040.00       0.00000E+00
   2050.00       0.00000E+00
   2060.00       0.00000E+00
   2070.00       0.00000E+00
   2080.00       0.00000E+00
   2090.00       0.00000E+00
   2100.00       0.00000E+00
   2110.00       0.00000E+00
   2120.00       0.00000E+00
   2130.00       0.00000E+00
   2140.00       0.00000E+00
   2150.00       0.00000E+00
   2160.00       0.00000E+00
   2170.00       0.00000E+00
   2180.00       0.00000E+00
   2190.00       0.00000E+00
   2200.00       0.00000E+00
   2210.00       0.00000E+00
   2220.00       0.00000E+00
   2230.00       0.00000E+00
   2240.00       0.00000E+00
   2250.00       0.00000E+00
   2260.00       0.00000E+00
   2270.00       0.00000E+00
   2280.00       0.00000E+00
   2290.00       0.00000E+00
   2300.00       0.00000E+00
   2310.00       0.00000E+00
   2320.00       0.00000E+00
   2330.00       0.00000E+00
   2340.00       0.00000E+00
   2350.00       0.00000E+00
   2360.00       0.00000E+00
   2370.00       0.00000E+00
   2380.00       0.00000E+00
   2390.00       0.00000E+00
   2400.00       0.00000E+00
   2410.00       0.00000E+00
   2420.00       0.00000E+00
   2430.00       0.00000E+00
   2440.00       0.00000E+00
   2450.00       0.00000E+00
   2460.00       0.00000E+00
   2470.00       0.00000E+00
   2480.00       0.00000E+00
   2490.00       0.00000E+00
   2500.00       0.00000E+00
   2510.00       0.00000E+00
   2520.00       0.00000E+00
   2530.00       0.00000E+00
   2540.00       0.00000E+00
   2550.00       0.00000E+00
   2560.00       0.00000E+00
   2570.00       0.00000E+00
   2580.00       0.00000E+00
   2590.00       0.00000E+00
   2600.00       0.00000E+00
   2610.00       0.00000E+00
   2620.00       0.00000E+00
   2630.00       1.44670E-38
   2640.00       1.86221E-38
   2650.00       2.39255E-38
   2660.00       3.06811E-38
   2670.00       3.92717E-38
   2680.00       5.01757E-38
   2690.00       6.39903E-38
   2700.00       8.14632E-38
   2710.00       1.03521E-37
   2720.00       1.31324E-37
   2730.00       1.66302E-37
   2740.00       2.10238E-37
   2750.00       2.65332E-37
   2760.00       3.34297E-37
   2770.00       4.20490E-37
   2780.00       5.28038E-37
   2790.00       6.62015E-37
   2800.00       8.28649E-37
   2810.00       1.03559E-36
   2820.00       1.29217E-36
   2830.00       1.60979E-36
   2840.00       2.00243E-36
   2850.00       2.48701E-36
   2860.00       3.08422E-36
   2870.00       3.81912E-36
   2880.00       4.72218E-36
   2890.00       5.83019E-36
   2900.00       7.18776E-36
   2910.00       8.84883E-36
   2920.00       1.08783E-35
   2930.00       1.33544E-35
   2940.00       1.63716E-35
   2950.00       2.00426E-35
   2960.00       2.45034E-35
   2970.00       2.99167E-35
   2980.00       3.64777E-35
   2990.00       4.44182E-35
   3000.00       5.40171E-35
   3010.00       6.56057E-35
   3020.00       7.95769E-35
   3030.00       9.64030E-35
   3040.00       1.16638E-34
   3050.00       1.40948E-34
   3060.00       1.70111E-34
   3070.00       2.05062E-34
   3080.00       2.46894E-34
   3090.00       2.96902E-34
   3100.00       3.56620E-34
   3110.00       4.27844E-34
   3120.00       5.12702E-34
   3130.00       6.13677E-34
   3140.00       7.33710E-34
   3150.00       8.76223E-34
   3160.00       1.04525E-33
   3170.00       1.24551E-33
   3180.00       1.48250E-33
   3190.00       1.76267E-33
   3200.00       2.09354E-33
   3210.00       2.48387E-33
   3220.00       2.94384E-33
   3230.00       3.48534E-33
   3240.00       4.12220E-33
   3250.00       4.87040E-33
   3260.00       5.74853E-33
   3270.00       6.77818E-33
   3280.00       7.98421E-33
   3290.00       9.39563E-33
   3300.00       1.10456E-32
   3310.00       1.29727E-32
   3320.00       1.52214E-32
   3330.00       1.78428E-32
   3340.00       2.08958E-32
   3350.00       2.44484E-32
   3360.00       2.85783E-32
   3370.00       3.33751E-32
   3380.00       3.89415E-32
   3390.00       4.53947E-32
   3400.00       5.28707E-32
   3410.00       6.15224E-32
   3420.00       7.15272E-32
   3430.00       8.30861E-32
   3440.00       9.64295E-32
   3450.00       1.11820E-31
   3460.00       1.29555E-31
   3470.00       1.49978E-31
   3480.00       1.73475E-31
   3490.00       2.00486E-31
   3500.00       2.31513E-31
   3510.00       2.67122E-31
   3520.00       3.07961E-31
   3530.00       3.54759E-31
   3540.00       4.08343E-31
   3550.00       4.69651E-31
   3560.00       5.39739E-31
   3570.00       6.19808E-31
   3580.00       7.11211E-31
   3590.00       8.15469E-31
   3600.00       9.34303E-31
   3610.00       1.06965E-30
   3620.00       1.22370E-30
   3630.00       1.39889E-30
   3640.00       1.59801E-30
   3650.00       1.82414E-30
   3660.00       2.08079E-30
   3670.00       2.37182E-30
   3680.00       2.70167E-30
   3690.00       3.07525E-30
   3700.00       3.49801E-30
   3710.00       3.97615E-30
   3720.00       4.51660E-30
   3730.00       5.12696E-30
   3740.00       5.81594E-30
   3750.00       6.59303E-30
   3760.00       7.46903E-30
   3770.00       8.45581E-30
   3780.00       9.56681E-30
   3790.00       1.08167E-29
   3800.00       1.22221E-29
   3810.00       1.38012E-29
   3820.00       1.55745E-29
   3830.00       1.75647E-29
   3840.00       1.97967E-29
   3850.00       2.22988E-29
   3860.00       2.51017E-29
   3870.00       2.82396E-29
   3880.00       3.17506E-29
   3890.00       3.56768E-29
   3900.00       4.00647E-29
   3910.00       4.49654E-29
   3920.00       5.04365E-29
   3930.00       5.65404E-29
   3940.00       6.33464E-29
   3950.00       7.09309E-29
   3960.00       7.93785E-29
   3970.00       8.87823E-29
   3980.00       9.92446E-29
   3990.00       1.10878E-28
   4000.00       1.23807E-28
   4010.00       1.38168E-28
   4020.00       1.54111E-28
   4030.00       1.71801E-28
   4040.00       1.91420E-28
   4050.00       2.13166E-28
   4060.00       2.37256E-28
   4070.00       2.63931E-28
   4080.00       2.93454E-28
   4090.00       3.26111E-28
   4100.00       3.62216E-28
   4110.00       4.02115E-28
   4120.00       4.46185E-28
   4130.00       4.94832E-28
   4140.00       5.48515E-28
   4150.00       6.07722E-28
   4160.00       6.72988E-28
   4170.00       7.44906E-28
   4180.00       8.24107E-28
   4190.00       9.11290E-28
   4200.00       1.00722E-27
   4210.00       1.11272E-27
   4220.00       1.22870E-27
   4230.00       1.35613E-27
   4240.00       1.49608E-27
   4250.00       1.64973E-27
   4260.00       1.81833E-27
   4270.00       2.00323E-27
   4280.00       2.20597E-27
   4290.00       2.42812E-27
   4300.00       2.67148E-27
   4310.00       2.93793E-27
   4320.00       3.22951E-27
   4330.00       3.54852E-27
   4340.00       3.89735E-27
   4350.00       4.27865E-27
   4360.00       4.69523E-27
   4370.00       5.15024E-27
   4380.00       5.64693E-27
   4390.00       6.18896E-27
   4400.00       6.78023E-27
   4410.00       7.42487E-27
   4420.00       8.12754E-27
   4430.00       8.89307E-27
   4440.00       9.72682E-27
   4450.00       1.06345E-26
   4460.00       1.16222E-26
   4470.00       1.26967E-26
   4480.00       1.38650E-26
   4490.00       1.51350E-26
   4500.00       1.65149E-26
   4510.00       1.80137E-26
   4520.00       1.96410E-26
   4530.00       2.14071E-26
   4540.00       2.33234E-26
   4550.00       2.54016E-26
   4560.00       2.76548E-26
   4570.00       3.00966E-26
   4580.00       3.27420E-26
   4590.00       3.56072E-26
   4600.00       3.87088E-26
   4610.00       4.20656E-26
   4620.00       4.56968E-26
   4630.00       4.96244E-26
   4640.00       5.38703E-26
   4650.00       5.84587E-26
   4660.00       6.34162E-26
   4670.00       6.87700E-26
   4680.00       7.45508E-26
   4690.00       8.07892E-26
   4700.00       8.75204E-26
   4710.00       9.47803E-26
   4720.00       1.02607E-25
   4730.00       1.11044E-25
   4740.00       1.20135E-25
   4750.00       1.29928E-25
   4760.00       1.40472E-25
   4770.00       1.51823E-25
   4780.00       1.64040E-25
   4790.00       1.77181E-25
   4800.00       1.91315E-25
   4810.00       2.06509E-25
   4820.00       2.22842E-25
   4830.00       2.40390E-25
   4840.00       2.59240E-25
   4850.00       2.79480E-25
   4860.00       3.01209E-25
   4870.00       3.24530E-25
   4880.00       3.49548E-25
   4890.00       3.76381E-25
   4900.00       4.05157E-25
   4910.00       4.35997E-25
   4920.00       4.69048E-25
   4930.00       5.04457E-25
   4940.00       5.42379E-25
   4950.00       5.82983E-25
   4960.00       6.26448E-25
   4970.00       6.72958E-25
   4980.00       7.22715E-25
   4990.00       7.75929E-25
   5000.00       8.32828E-25
   5010.00       8.93649E-25
   5020.00       9.58644E-25
   5030.00       1.02808E-24
   5040.00       1.10224E-24
   5050.00       1.18143E-24
   5060.00       1.26597E-24
   5070.00       1.35619E-24
   5080.00       1.45243E-24
   5090.00       1.55511E-24
   6000.00       3.02122E-22
   7000.00       2.06058E-20
   8000.00       4.93665E-19
   9000.00       5.88133E-18
  10000.00       4.29332E-17
