    100.00       0.00000E+00
    110.00       0.00000E+00
    120.00       0.00000E+00
    130.00       0.00000E+00
    140.00       0.00000E+00
    150.00       0.00000E+00
    160.00       1.04090E-36
    170.00       5.50765E-35
    180.00       1.86841E-33
    190.00       4.36047E-32
    200.00       7.40691E-31
    210.00       9.58463E-30
    220.00       9.80703E-29
    230.00       8.18261E-28
    240.00       5.71174E-27
    250.00       3.40813E-26
    260.00       1.77024E-25
    270.00       8.12914E-25
    280.00       3.34441E-24
    290.00       1.24688E-23
    300.00       4.25463E-23
    310.00       1.34020E-22
    320.00       3.92673E-22
    330.00       1.07725E-21
    340.00       2.78335E-21
    350.00       6.80811E-21
    360.00       1.58378E-20
    370.00       3.51838E-20
    380.00       7.49146E-20
    390.00       1.53390E-19
    400.00       3.02906E-19
    410.00       5.78448E-19
    420.00       1.07081E-18
    430.00       1.92576E-18
    440.00       3.37128E-18
    450.00       5.75540E-18
    460.00       9.59755E-18
    470.00       1.56570E-17
    480.00       2.50216E-17
    490.00       3.92226E-17
    500.00       6.03779E-17
    510.00       9.13702E-17
    520.00       1.36066E-16
    530.00       1.99576E-16
    540.00       2.88571E-16
    550.00       4.11645E-16
    560.00       5.79739E-16
    570.00       8.06643E-16
    580.00       1.10953E-15
    590.00       1.50960E-15
    600.00       2.03279E-15
    610.00       2.71049E-15
    620.00       3.58045E-15
    630.00       4.68767E-15
    640.00       6.08539E-15
    650.00       7.83613E-15
    660.00       1.00129E-14
    670.00       1.27003E-14
    680.00       1.59957E-14
    690.00       2.00107E-14
    700.00       2.48724E-14
    710.00       3.07250E-14
    720.00       3.77306E-14
    730.00       4.60710E-14
    740.00       5.59496E-14
    750.00       6.75921E-14
    760.00       8.12483E-14
    770.00       9.71938E-14
    780.00       1.15730E-13
    790.00       1.37188E-13
    800.00       1.61928E-13
    810.00       1.90341E-13
    820.00       2.22850E-13
    830.00       2.59912E-13
    840.00       3.02017E-13
    850.00       3.49692E-13
    860.00       4.03500E-13
    870.00       4.64042E-13
    880.00       5.31954E-13
    890.00       6.07915E-13
    900.00       6.92641E-13
    910.00       7.86888E-13
    920.00       8.91453E-13
    930.00       1.00717E-12
    940.00       1.13492E-12
    950.00       1.27563E-12
    960.00       1.43024E-12
    970.00       1.59976E-12
    980.00       1.78523E-12
    990.00       1.98773E-12
   1000.00       2.20838E-12
   1010.00       2.44833E-12
   1020.00       2.70879E-12
   1030.00       2.99099E-12
   1040.00       3.29619E-12
   1050.00       3.62571E-12
   1060.00       3.98089E-12
   1070.00       4.36311E-12
   1080.00       4.77377E-12
   1090.00       5.21431E-12
   1100.00       5.68621E-12
   1110.00       6.19095E-12
   1120.00       6.73008E-12
   1130.00       7.30515E-12
   1140.00       7.91773E-12
   1150.00       8.56942E-12
   1160.00       9.26185E-12
   1170.00       9.99666E-12
   1180.00       1.07755E-11
   1190.00       1.16001E-11
   1200.00       1.24721E-11
   1210.00       1.33932E-11
   1220.00       1.43652E-11
   1230.00       1.53897E-11
   1240.00       1.64686E-11
   1250.00       1.76035E-11
   1260.00       1.87963E-11
   1270.00       2.00486E-11
   1280.00       2.13623E-11
   1290.00       2.27391E-11
   1300.00       2.41807E-11
   1310.00       2.56890E-11
   1320.00       2.72656E-11
   1330.00       2.89124E-11
   1340.00       3.06310E-11
   1350.00       3.24232E-11
   1360.00       3.42907E-11
   1370.00       3.62353E-11
   1380.00       3.82586E-11
   1390.00       4.03623E-11
   1400.00       4.25481E-11
   1410.00       4.48177E-11
   1420.00       4.71727E-11
   1430.00       4.96147E-11
   1440.00       5.21453E-11
   1450.00       5.47661E-11
   1460.00       5.74786E-11
   1470.00       6.02846E-11
   1480.00       6.31852E-11
   1490.00       6.61821E-11
   1500.00       6.92769E-11
   1510.00       7.24708E-11
   1520.00       7.57653E-11
   1530.00       7.91618E-11
   1540.00       8.26619E-11
   1550.00       8.62664E-11
   1560.00       8.99770E-11
   1570.00       9.37948E-11
   1580.00       9.77210E-11
   1590.00       1.01757E-10
   1600.00       1.05904E-10
   1610.00       1.10163E-10
   1620.00       1.14535E-10
   1630.00       1.19021E-10
   1640.00       1.23622E-10
   1650.00       1.28340E-10
   1660.00       1.33175E-10
   1670.00       1.38128E-10
   1680.00       1.43200E-10
   1690.00       1.48392E-10
   1700.00       1.53705E-10
   1710.00       1.59139E-10
   1720.00       1.64697E-10
   1730.00       1.70377E-10
   1740.00       1.76181E-10
   1750.00       1.82109E-10
   1760.00       1.88163E-10
   1770.00       1.94342E-10
   1780.00       2.00648E-10
   1790.00       2.07081E-10
   1800.00       2.13641E-10
   1810.00       2.20329E-10
   1820.00       2.27145E-10
   1830.00       2.34091E-10
   1840.00       2.41165E-10
   1850.00       2.48368E-10
   1860.00       2.55702E-10
   1870.00       2.63165E-10
   1880.00       2.70759E-10
   1890.00       2.78483E-10
   1900.00       2.86339E-10
   1910.00       2.94324E-10
   1920.00       3.02441E-10
   1930.00       3.10689E-10
   1940.00       3.19068E-10
   1950.00       3.27579E-10
   1960.00       3.36220E-10
   1970.00       3.44993E-10
   1980.00       3.53897E-10
   1990.00       3.62932E-10
   2000.00       3.72098E-10
   2010.00       3.81395E-10
   2020.00       3.90822E-10
   2030.00       4.00381E-10
   2040.00       4.10069E-10
   2050.00       4.19887E-10
   2060.00       4.29836E-10
   2070.00       4.39914E-10
   2080.00       4.50121E-10
   2090.00       4.60458E-10
   2100.00       4.70923E-10
   2110.00       4.81516E-10
   2120.00       4.92237E-10
   2130.00       5.03086E-10
   2140.00       5.14062E-10
   2150.00       5.25164E-10
   2160.00       5.36392E-10
   2170.00       5.47746E-10
   2180.00       5.59226E-10
   2190.00       5.70830E-10
   2200.00       5.82558E-10
   2210.00       5.94410E-10
   2220.00       6.06384E-10
   2230.00       6.18481E-10
   2240.00       6.30700E-10
   2250.00       6.43040E-10
   2260.00       6.55500E-10
   2270.00       6.68081E-10
   2280.00       6.80781E-10
   2290.00       6.93598E-10
   2300.00       7.06534E-10
   2310.00       7.19587E-10
   2320.00       7.32757E-10
   2330.00       7.46042E-10
   2340.00       7.59442E-10
   2350.00       7.72956E-10
   2360.00       7.86583E-10
   2370.00       8.00324E-10
   2380.00       8.14176E-10
   2390.00       8.28140E-10
   2400.00       8.42213E-10
   2410.00       8.56396E-10
   2420.00       8.70688E-10
   2430.00       8.85087E-10
   2440.00       8.99593E-10
   2450.00       9.14206E-10
   2460.00       9.28923E-10
   2470.00       9.43745E-10
   2480.00       9.58671E-10
   2490.00       9.73699E-10
   2500.00       9.88829E-10
   2510.00       1.00406E-09
   2520.00       1.01939E-09
   2530.00       1.03482E-09
   2540.00       1.05035E-09
   2550.00       1.06597E-09
   2560.00       1.08170E-09
   2570.00       1.09751E-09
   2580.00       1.11343E-09
   2590.00       1.12943E-09
   2600.00       1.14553E-09
   2610.00       1.16172E-09
   2620.00       1.17800E-09
   2630.00       1.19437E-09
   2640.00       1.21083E-09
   2650.00       1.22738E-09
   2660.00       1.24401E-09
   2670.00       1.26073E-09
   2680.00       1.27754E-09
   2690.00       1.29443E-09
   2700.00       1.31140E-09
   2710.00       1.32846E-09
   2720.00       1.34560E-09
   2730.00       1.36281E-09
   2740.00       1.38011E-09
   2750.00       1.39749E-09
   2760.00       1.41494E-09
   2770.00       1.43247E-09
   2780.00       1.45008E-09
   2790.00       1.46776E-09
   2800.00       1.48551E-09
   2810.00       1.50334E-09
   2820.00       1.52124E-09
   2830.00       1.53921E-09
   2840.00       1.55726E-09
   2850.00       1.57537E-09
   2860.00       1.59354E-09
   2870.00       1.61179E-09
   2880.00       1.63010E-09
   2890.00       1.64848E-09
   2900.00       1.66692E-09
   2910.00       1.68543E-09
   2920.00       1.70400E-09
   2930.00       1.72263E-09
   2940.00       1.74132E-09
   2950.00       1.76008E-09
   2960.00       1.77889E-09
   2970.00       1.79776E-09
   2980.00       1.81668E-09
   2990.00       1.83567E-09
   3000.00       1.85470E-09
   3010.00       1.87380E-09
   3020.00       1.89294E-09
   3030.00       1.91215E-09
   3040.00       1.93140E-09
   3050.00       1.95070E-09
   3060.00       1.97006E-09
   3070.00       1.98946E-09
   3080.00       2.00891E-09
   3090.00       2.02841E-09
   3100.00       2.04796E-09
   3110.00       2.06755E-09
   3120.00       2.08719E-09
   3130.00       2.10687E-09
   3140.00       2.12659E-09
   3150.00       2.14636E-09
   3160.00       2.16617E-09
   3170.00       2.18603E-09
   3180.00       2.20592E-09
   3190.00       2.22585E-09
   3200.00       2.24582E-09
   3210.00       2.26583E-09
   3220.00       2.28587E-09
   3230.00       2.30595E-09
   3240.00       2.32607E-09
   3250.00       2.34622E-09
   3260.00       2.36641E-09
   3270.00       2.38662E-09
   3280.00       2.40687E-09
   3290.00       2.42716E-09
   3300.00       2.44747E-09
   3310.00       2.46782E-09
   3320.00       2.48819E-09
   3330.00       2.50859E-09
   3340.00       2.52902E-09
   3350.00       2.54948E-09
   3360.00       2.56996E-09
   3370.00       2.59047E-09
   3380.00       2.61101E-09
   3390.00       2.63157E-09
   3400.00       2.65215E-09
   3410.00       2.67276E-09
   3420.00       2.69339E-09
   3430.00       2.71404E-09
   3440.00       2.73471E-09
   3450.00       2.75540E-09
   3460.00       2.77611E-09
   3470.00       2.79684E-09
   3480.00       2.81759E-09
   3490.00       2.83836E-09
   3500.00       2.85914E-09
   3510.00       2.87994E-09
   3520.00       2.90076E-09
   3530.00       2.92159E-09
   3540.00       2.94244E-09
   3550.00       2.96330E-09
   3560.00       2.98417E-09
   3570.00       3.00506E-09
   3580.00       3.02595E-09
   3590.00       3.04686E-09
   3600.00       3.06779E-09
   3610.00       3.08872E-09
   3620.00       3.10966E-09
   3630.00       3.13061E-09
   3640.00       3.15157E-09
   3650.00       3.17253E-09
   3660.00       3.19351E-09
   3670.00       3.21449E-09
   3680.00       3.23548E-09
   3690.00       3.25647E-09
   3700.00       3.27747E-09
   3710.00       3.29848E-09
   3720.00       3.31949E-09
   3730.00       3.34050E-09
   3740.00       3.36152E-09
   3750.00       3.38253E-09
   3760.00       3.40355E-09
   3770.00       3.42457E-09
   3780.00       3.44560E-09
   3790.00       3.46662E-09
   3800.00       3.48765E-09
   3810.00       3.50867E-09
   3820.00       3.52970E-09
   3830.00       3.55072E-09
   3840.00       3.57174E-09
   3850.00       3.59276E-09
   3860.00       3.61378E-09
   3870.00       3.63479E-09
   3880.00       3.65580E-09
   3890.00       3.67681E-09
   3900.00       3.69781E-09
   3910.00       3.71881E-09
   3920.00       3.73980E-09
   3930.00       3.76079E-09
   3940.00       3.78177E-09
   3950.00       3.80274E-09
   3960.00       3.82371E-09
   3970.00       3.84467E-09
   3980.00       3.86562E-09
   3990.00       3.88657E-09
   4000.00       3.90750E-09
   4010.00       3.92843E-09
   4020.00       3.94935E-09
   4030.00       3.97026E-09
   4040.00       3.99115E-09
   4050.00       4.01204E-09
   4060.00       4.03292E-09
   4070.00       4.05378E-09
   4080.00       4.07464E-09
   4090.00       4.09549E-09
   4100.00       4.11631E-09
   4110.00       4.13714E-09
   4120.00       4.15794E-09
   4130.00       4.17873E-09
   4140.00       4.19951E-09
   4150.00       4.22028E-09
   4160.00       4.24103E-09
   4170.00       4.26176E-09
   4180.00       4.28248E-09
   4190.00       4.30319E-09
   4200.00       4.32388E-09
   4210.00       4.34456E-09
   4220.00       4.36522E-09
   4230.00       4.38586E-09
   4240.00       4.40649E-09
   4250.00       4.42710E-09
   4260.00       4.44769E-09
   4270.00       4.46826E-09
   4280.00       4.48882E-09
   4290.00       4.50936E-09
   4300.00       4.52988E-09
   4310.00       4.55038E-09
   4320.00       4.57086E-09
   4330.00       4.59133E-09
   4340.00       4.61177E-09
   4350.00       4.63220E-09
   4360.00       4.65260E-09
   4370.00       4.67298E-09
   4380.00       4.69335E-09
   4390.00       4.71369E-09
   4400.00       4.73401E-09
   4410.00       4.75431E-09
   4420.00       4.77459E-09
   4430.00       4.79485E-09
   4440.00       4.81508E-09
   4450.00       4.83530E-09
   4460.00       4.85549E-09
   4470.00       4.87566E-09
   4480.00       4.89581E-09
   4490.00       4.91593E-09
   4500.00       4.93603E-09
   4510.00       4.95611E-09
   4520.00       4.97616E-09
   4530.00       4.99619E-09
   4540.00       5.01620E-09
   4550.00       5.03618E-09
   4560.00       5.05613E-09
   4570.00       5.07607E-09
   4580.00       5.09597E-09
   4590.00       5.11586E-09
   4600.00       5.13571E-09
   4610.00       5.15554E-09
   4620.00       5.17535E-09
   4630.00       5.19513E-09
   4640.00       5.21489E-09
   4650.00       5.23462E-09
   4660.00       5.25432E-09
   4670.00       5.27400E-09
   4680.00       5.29364E-09
   4690.00       5.31327E-09
   4700.00       5.33286E-09
   4710.00       5.35244E-09
   4720.00       5.37197E-09
   4730.00       5.39149E-09
   4740.00       5.41098E-09
   4750.00       5.43044E-09
   4760.00       5.44987E-09
   4770.00       5.46927E-09
   4780.00       5.48865E-09
   4790.00       5.50800E-09
   4800.00       5.52732E-09
   4810.00       5.54661E-09
   4820.00       5.56587E-09
   4830.00       5.58510E-09
   4840.00       5.60431E-09
   4850.00       5.62348E-09
   4860.00       5.64263E-09
   4870.00       5.66175E-09
   4880.00       5.68084E-09
   4890.00       5.69989E-09
   4900.00       5.71893E-09
   4910.00       5.73793E-09
   4920.00       5.75689E-09
   4930.00       5.77583E-09
   4940.00       5.79474E-09
   4950.00       5.81362E-09
   4960.00       5.83248E-09
   4970.00       5.85130E-09
   4980.00       5.87009E-09
   4990.00       5.88884E-09
   5000.00       5.90757E-09
   5010.00       5.92627E-09
   5020.00       5.94494E-09
   5030.00       5.96357E-09
   5040.00       5.98218E-09
   5050.00       6.00075E-09
   5060.00       6.01930E-09
   5070.00       6.03781E-09
   5080.00       6.05629E-09
   5090.00       6.07474E-09
   6000.00       7.61640E-09
   7000.00       8.99573E-09
   8000.00       1.00760E-08
   9000.00       1.09035E-08
  10000.00       1.15231E-08
