    100.00       0.00000E+00
    110.00       0.00000E+00
    120.00       0.00000E+00
    130.00       0.00000E+00
    140.00       0.00000E+00
    150.00       0.00000E+00
    160.00       0.00000E+00
    170.00       0.00000E+00
    180.00       0.00000E+00
    190.00       0.00000E+00
    200.00       0.00000E+00
    210.00       0.00000E+00
    220.00       0.00000E+00
    230.00       0.00000E+00
    240.00       0.00000E+00
    250.00       0.00000E+00
    260.00       0.00000E+00
    270.00       0.00000E+00
    280.00       0.00000E+00
    290.00       9.88540E-38
    300.00       1.54669E-36
    310.00       2.02324E-35
    320.00       2.25034E-34
    330.00       2.15983E-33
    340.00       1.81237E-32
    350.00       1.34500E-31
    360.00       8.91933E-31
    370.00       5.33381E-30
    380.00       2.89999E-29
    390.00       1.44416E-28
    400.00       6.63051E-28
    410.00       2.82353E-27
    420.00       1.12124E-26
    430.00       4.17242E-26
    440.00       1.46147E-25
    450.00       4.83805E-25
    460.00       1.51925E-24
    470.00       4.54091E-24
    480.00       1.29584E-23
    490.00       3.54077E-23
    500.00       9.28785E-23
    510.00       2.34452E-22
    520.00       5.70792E-22
    530.00       1.34302E-21
    540.00       3.05985E-21
    550.00       6.76229E-21
    560.00       1.45202E-20
    570.00       3.03394E-20
    580.00       6.17740E-20
    590.00       1.22728E-19
    600.00       2.38214E-19
    610.00       4.52233E-19
    620.00       8.40639E-19
    630.00       1.53158E-18
    640.00       2.73759E-18
    650.00       4.80483E-18
    660.00       8.28766E-18
    670.00       1.40596E-17
    680.00       2.34758E-17
    690.00       3.86077E-17
    700.00       6.25774E-17
    710.00       1.00029E-16
    720.00       1.57778E-16
    730.00       2.45708E-16
    740.00       3.77985E-16
    750.00       5.74677E-16
    760.00       8.63910E-16
    770.00       1.28472E-15
    780.00       1.89067E-15
    790.00       2.75467E-15
    800.00       3.97499E-15
    810.00       5.68288E-15
    820.00       8.05222E-15
    830.00       1.13115E-14
    840.00       1.57587E-14
    850.00       2.17791E-14
    860.00       2.98676E-14
    870.00       4.06558E-14
    880.00       5.49431E-14
    890.00       7.37367E-14
    900.00       9.82954E-14
    910.00       1.30185E-13
    920.00       1.71338E-13
    930.00       2.24135E-13
    940.00       2.91478E-13
    950.00       3.76902E-13
    960.00       4.84677E-13
    970.00       6.19951E-13
    980.00       7.88877E-13
    990.00       9.98806E-13
   1000.00       1.25845E-12
   1010.00       1.57813E-12
   1020.00       1.96996E-12
   1030.00       2.44816E-12
   1040.00       3.02931E-12
   1050.00       3.73274E-12
   1060.00       4.58081E-12
   1070.00       5.59937E-12
   1080.00       6.81808E-12
   1090.00       8.27107E-12
   1100.00       9.99729E-12
   1110.00       1.20411E-11
   1120.00       1.44528E-11
   1130.00       1.72897E-11
   1140.00       2.06160E-11
   1150.00       2.45044E-11
   1160.00       2.90362E-11
   1170.00       3.43027E-11
   1180.00       4.04055E-11
   1190.00       4.74585E-11
   1200.00       5.55876E-11
   1210.00       6.49322E-11
   1220.00       7.56470E-11
   1230.00       8.79026E-11
   1240.00       1.01887E-10
   1250.00       1.17806E-10
   1260.00       1.35885E-10
   1270.00       1.56372E-10
   1280.00       1.79538E-10
   1290.00       2.05676E-10
   1300.00       2.35105E-10
   1310.00       2.68174E-10
   1320.00       3.05257E-10
   1330.00       3.46764E-10
   1340.00       3.93132E-10
   1350.00       4.44836E-10
   1360.00       5.02385E-10
   1370.00       5.66325E-10
   1380.00       6.37247E-10
   1390.00       7.15778E-10
   1400.00       8.02589E-10
   1410.00       8.98406E-10
   1420.00       1.00399E-09
   1430.00       1.12015E-09
   1440.00       1.24776E-09
   1450.00       1.38775E-09
   1460.00       1.54108E-09
   1470.00       1.70880E-09
   1480.00       1.89200E-09
   1490.00       2.09184E-09
   1500.00       2.30953E-09
   1510.00       2.54637E-09
   1520.00       2.80370E-09
   1530.00       3.08297E-09
   1540.00       3.38566E-09
   1550.00       3.71334E-09
   1560.00       4.06767E-09
   1570.00       4.45036E-09
   1580.00       4.86321E-09
   1590.00       5.30812E-09
   1600.00       5.78707E-09
   1610.00       6.30209E-09
   1620.00       6.85533E-09
   1630.00       7.44903E-09
   1640.00       8.08548E-09
   1650.00       8.76712E-09
   1660.00       9.49643E-09
   1670.00       1.02760E-08
   1680.00       1.11086E-08
   1690.00       1.19969E-08
   1700.00       1.29439E-08
   1710.00       1.39524E-08
   1720.00       1.50257E-08
   1730.00       1.61668E-08
   1740.00       1.73792E-08
   1750.00       1.86661E-08
   1760.00       2.00310E-08
   1770.00       2.14776E-08
   1780.00       2.30095E-08
   1790.00       2.46306E-08
   1800.00       2.63447E-08
   1810.00       2.81558E-08
   1820.00       3.00682E-08
   1830.00       3.20859E-08
   1840.00       3.42133E-08
   1850.00       3.64548E-08
   1860.00       3.88151E-08
   1870.00       4.12986E-08
   1880.00       4.39102E-08
   1890.00       4.66547E-08
   1900.00       4.95370E-08
   1910.00       5.25622E-08
   1920.00       5.57354E-08
   1930.00       5.90621E-08
   1940.00       6.25472E-08
   1950.00       6.61965E-08
   1960.00       7.00154E-08
   1970.00       7.40096E-08
   1980.00       7.81849E-08
   1990.00       8.25470E-08
   2000.00       8.71018E-08
   2010.00       9.18556E-08
   2020.00       9.68141E-08
   2030.00       1.01984E-07
   2040.00       1.07371E-07
   2050.00       1.12982E-07
   2060.00       1.18823E-07
   2070.00       1.24900E-07
   2080.00       1.31222E-07
   2090.00       1.37793E-07
   2100.00       1.44621E-07
   2110.00       1.51712E-07
   2120.00       1.59074E-07
   2130.00       1.66714E-07
   2140.00       1.74639E-07
   2150.00       1.82855E-07
   2160.00       1.91369E-07
   2170.00       2.00190E-07
   2180.00       2.09324E-07
   2190.00       2.18779E-07
   2200.00       2.28563E-07
   2210.00       2.38681E-07
   2220.00       2.49143E-07
   2230.00       2.59956E-07
   2240.00       2.71126E-07
   2250.00       2.82663E-07
   2260.00       2.94573E-07
   2270.00       3.06865E-07
   2280.00       3.19546E-07
   2290.00       3.32622E-07
   2300.00       3.46104E-07
   2310.00       3.59998E-07
   2320.00       3.74313E-07
   2330.00       3.89056E-07
   2340.00       4.04235E-07
   2350.00       4.19857E-07
   2360.00       4.35931E-07
   2370.00       4.52466E-07
   2380.00       4.69468E-07
   2390.00       4.86946E-07
   2400.00       5.04908E-07
   2410.00       5.23361E-07
   2420.00       5.42313E-07
   2430.00       5.61772E-07
   2440.00       5.81748E-07
   2450.00       6.02248E-07
   2460.00       6.23277E-07
   2470.00       6.44846E-07
   2480.00       6.66963E-07
   2490.00       6.89634E-07
   2500.00       7.12869E-07
   2510.00       7.36673E-07
   2520.00       7.61057E-07
   2530.00       7.86027E-07
   2540.00       8.11589E-07
   2550.00       8.37755E-07
   2560.00       8.64530E-07
   2570.00       8.91920E-07
   2580.00       9.19937E-07
   2590.00       9.48584E-07
   2600.00       9.77872E-07
   2610.00       1.00781E-06
   2620.00       1.03840E-06
   2630.00       1.06965E-06
   2640.00       1.10157E-06
   2650.00       1.13417E-06
   2660.00       1.16745E-06
   2670.00       1.20142E-06
   2680.00       1.23609E-06
   2690.00       1.27146E-06
   2700.00       1.30755E-06
   2710.00       1.34436E-06
   2720.00       1.38189E-06
   2730.00       1.42015E-06
   2740.00       1.45916E-06
   2750.00       1.49891E-06
   2760.00       1.53941E-06
   2770.00       1.58067E-06
   2780.00       1.62270E-06
   2790.00       1.66549E-06
   2800.00       1.70907E-06
   2810.00       1.75343E-06
   2820.00       1.79859E-06
   2830.00       1.84453E-06
   2840.00       1.89128E-06
   2850.00       1.93884E-06
   2860.00       1.98722E-06
   2870.00       2.03641E-06
   2880.00       2.08643E-06
   2890.00       2.13728E-06
   2900.00       2.18896E-06
   2910.00       2.24149E-06
   2920.00       2.29487E-06
   2930.00       2.34909E-06
   2940.00       2.40418E-06
   2950.00       2.46013E-06
   2960.00       2.51695E-06
   2970.00       2.57463E-06
   2980.00       2.63320E-06
   2990.00       2.69264E-06
   3000.00       2.75298E-06
   3010.00       2.81420E-06
   3020.00       2.87632E-06
   3030.00       2.93934E-06
   3040.00       3.00326E-06
   3050.00       3.06809E-06
   3060.00       3.13383E-06
   3070.00       3.20049E-06
   3080.00       3.26806E-06
   3090.00       3.33656E-06
   3100.00       3.40599E-06
   3110.00       3.47634E-06
   3120.00       3.54763E-06
   3130.00       3.61985E-06
   3140.00       3.69302E-06
   3150.00       3.76713E-06
   3160.00       3.84218E-06
   3170.00       3.91819E-06
   3180.00       3.99514E-06
   3190.00       4.07305E-06
   3200.00       4.15192E-06
   3210.00       4.23175E-06
   3220.00       4.31253E-06
   3230.00       4.39428E-06
   3240.00       4.47701E-06
   3250.00       4.56069E-06
   3260.00       4.64535E-06
   3270.00       4.73098E-06
   3280.00       4.81759E-06
   3290.00       4.90517E-06
   3300.00       4.99373E-06
   3310.00       5.08327E-06
   3320.00       5.17379E-06
   3330.00       5.26529E-06
   3340.00       5.35778E-06
   3350.00       5.45125E-06
   3360.00       5.54571E-06
   3370.00       5.64115E-06
   3380.00       5.73759E-06
   3390.00       5.83500E-06
   3400.00       5.93342E-06
   3410.00       6.03281E-06
   3420.00       6.13320E-06
   3430.00       6.23458E-06
   3440.00       6.33695E-06
   3450.00       6.44032E-06
   3460.00       6.54467E-06
   3470.00       6.65002E-06
   3480.00       6.75636E-06
   3490.00       6.86369E-06
   3500.00       6.97201E-06
   3510.00       7.08131E-06
   3520.00       7.19162E-06
   3530.00       7.30292E-06
   3540.00       7.41520E-06
   3550.00       7.52847E-06
   3560.00       7.64273E-06
   3570.00       7.75798E-06
   3580.00       7.87422E-06
   3590.00       7.99144E-06
   3600.00       8.10965E-06
   3610.00       8.22884E-06
   3620.00       8.34901E-06
   3630.00       8.47016E-06
   3640.00       8.59231E-06
   3650.00       8.71542E-06
   3660.00       8.83952E-06
   3670.00       8.96458E-06
   3680.00       9.09063E-06
   3690.00       9.21765E-06
   3700.00       9.34563E-06
   3710.00       9.47458E-06
   3720.00       9.60452E-06
   3730.00       9.73541E-06
   3740.00       9.86726E-06
   3750.00       1.00001E-05
   3760.00       1.01338E-05
   3770.00       1.02686E-05
   3780.00       1.04043E-05
   3790.00       1.05409E-05
   3800.00       1.06785E-05
   3810.00       1.08170E-05
   3820.00       1.09565E-05
   3830.00       1.10969E-05
   3840.00       1.12383E-05
   3850.00       1.13806E-05
   3860.00       1.15238E-05
   3870.00       1.16680E-05
   3880.00       1.18131E-05
   3890.00       1.19591E-05
   3900.00       1.21060E-05
   3910.00       1.22539E-05
   3920.00       1.24027E-05
   3930.00       1.25524E-05
   3940.00       1.27030E-05
   3950.00       1.28545E-05
   3960.00       1.30069E-05
   3970.00       1.31602E-05
   3980.00       1.33144E-05
   3990.00       1.34695E-05
   4000.00       1.36255E-05
   4010.00       1.37823E-05
   4020.00       1.39401E-05
   4030.00       1.40987E-05
   4040.00       1.42582E-05
   4050.00       1.44186E-05
   4060.00       1.45799E-05
   4070.00       1.47420E-05
   4080.00       1.49050E-05
   4090.00       1.50688E-05
   4100.00       1.52335E-05
   4110.00       1.53990E-05
   4120.00       1.55654E-05
   4130.00       1.57326E-05
   4140.00       1.59006E-05
   4150.00       1.60695E-05
   4160.00       1.62392E-05
   4170.00       1.64098E-05
   4180.00       1.65811E-05
   4190.00       1.67533E-05
   4200.00       1.69263E-05
   4210.00       1.71001E-05
   4220.00       1.72746E-05
   4230.00       1.74500E-05
   4240.00       1.76262E-05
   4250.00       1.78032E-05
   4260.00       1.79809E-05
   4270.00       1.81594E-05
   4280.00       1.83388E-05
   4290.00       1.85188E-05
   4300.00       1.86997E-05
   4310.00       1.88813E-05
   4320.00       1.90636E-05
   4330.00       1.92468E-05
   4340.00       1.94306E-05
   4350.00       1.96152E-05
   4360.00       1.98006E-05
   4370.00       1.99867E-05
   4380.00       2.01735E-05
   4390.00       2.03610E-05
   4400.00       2.05493E-05
   4410.00       2.07382E-05
   4420.00       2.09279E-05
   4430.00       2.11183E-05
   4440.00       2.13093E-05
   4450.00       2.15011E-05
   4460.00       2.16936E-05
   4470.00       2.18867E-05
   4480.00       2.20806E-05
   4490.00       2.22751E-05
   4500.00       2.24703E-05
   4510.00       2.26661E-05
   4520.00       2.28626E-05
   4530.00       2.30598E-05
   4540.00       2.32576E-05
   4550.00       2.34560E-05
   4560.00       2.36552E-05
   4570.00       2.38549E-05
   4580.00       2.40552E-05
   4590.00       2.42563E-05
   4600.00       2.44578E-05
   4610.00       2.46601E-05
   4620.00       2.48629E-05
   4630.00       2.50664E-05
   4640.00       2.52704E-05
   4650.00       2.54750E-05
   4660.00       2.56803E-05
   4670.00       2.58861E-05
   4680.00       2.60925E-05
   4690.00       2.62995E-05
   4700.00       2.65070E-05
   4710.00       2.67151E-05
   4720.00       2.69237E-05
   4730.00       2.71330E-05
   4740.00       2.73428E-05
   4750.00       2.75531E-05
   4760.00       2.77639E-05
   4770.00       2.79753E-05
   4780.00       2.81872E-05
   4790.00       2.83997E-05
   4800.00       2.86127E-05
   4810.00       2.88261E-05
   4820.00       2.90401E-05
   4830.00       2.92546E-05
   4840.00       2.94696E-05
   4850.00       2.96851E-05
   4860.00       2.99010E-05
   4870.00       3.01175E-05
   4880.00       3.03344E-05
   4890.00       3.05518E-05
   4900.00       3.07697E-05
   4910.00       3.09881E-05
   4920.00       3.12068E-05
   4930.00       3.14261E-05
   4940.00       3.16458E-05
   4950.00       3.18659E-05
   4960.00       3.20866E-05
   4970.00       3.23076E-05
   4980.00       3.25290E-05
   4990.00       3.27509E-05
   5000.00       3.29732E-05
   5010.00       3.31959E-05
   5020.00       3.34190E-05
   5030.00       3.36425E-05
   5040.00       3.38664E-05
   5050.00       3.40907E-05
   5060.00       3.43154E-05
   5070.00       3.45405E-05
   5080.00       3.47659E-05
   5090.00       3.49918E-05
   6000.00       5.65161E-05
   7000.00       8.01199E-05
   8000.00       1.01331E-04
   9000.00       1.19126E-04
  10000.00       1.33342E-04
