    100.00       0.00000E+00
    110.00       0.00000E+00
    120.00       0.00000E+00
    130.00       0.00000E+00
    140.00       0.00000E+00
    150.00       0.00000E+00
    160.00       0.00000E+00
    170.00       0.00000E+00
    180.00       0.00000E+00
    190.00       0.00000E+00
    200.00       0.00000E+00
    210.00       0.00000E+00
    220.00       0.00000E+00
    230.00       0.00000E+00
    240.00       0.00000E+00
    250.00       0.00000E+00
    260.00       0.00000E+00
    270.00       0.00000E+00
    280.00       0.00000E+00
    290.00       0.00000E+00
    300.00       0.00000E+00
    310.00       0.00000E+00
    320.00       0.00000E+00
    330.00       0.00000E+00
    340.00       0.00000E+00
    350.00       0.00000E+00
    360.00       0.00000E+00
    370.00       0.00000E+00
    380.00       2.72140E-38
    390.00       1.67010E-37
    400.00       9.35675E-37
    410.00       4.81780E-36
    420.00       2.29374E-35
    430.00       1.01527E-34
    440.00       4.19877E-34
    450.00       1.62983E-33
    460.00       5.96260E-33
    470.00       2.06373E-32
    480.00       6.78097E-32
    490.00       2.12202E-31
    500.00       6.34295E-31
    510.00       1.81590E-30
    520.00       4.99155E-30
    530.00       1.32045E-29
    540.00       3.36886E-29
    550.00       8.30570E-29
    560.00       1.98241E-28
    570.00       4.58868E-28
    580.00       1.03167E-27
    590.00       2.25630E-27
    600.00       4.80690E-27
    610.00       9.98840E-27
    620.00       2.02686E-26
    630.00       4.02102E-26
    640.00       7.80719E-26
    650.00       1.48501E-25
    660.00       2.76981E-25
    670.00       5.07039E-25
    680.00       9.11708E-25
    690.00       1.61152E-24
    700.00       2.80219E-24
    710.00       4.79677E-24
    720.00       8.08856E-24
    730.00       1.34440E-23
    740.00       2.20386E-23
    750.00       3.56509E-23
    760.00       5.69403E-23
    770.00       8.98364E-23
    780.00       1.40076E-22
    790.00       2.15951E-22
    800.00       3.29314E-22
    810.00       4.96940E-22
    820.00       7.42340E-22
    830.00       1.09817E-21
    840.00       1.60936E-21
    850.00       2.33722E-21
    860.00       3.36469E-21
    870.00       4.80309E-21
    880.00       6.80066E-21
    890.00       9.55342E-21
    900.00       1.33186E-20
    910.00       1.84313E-20
    920.00       2.53254E-20
    930.00       3.45592E-20
    940.00       4.68457E-20
    950.00       6.30913E-20
    960.00       8.44396E-20
    970.00       1.12329E-19
    980.00       1.48552E-19
    990.00       1.95340E-19
   1000.00       2.55447E-19
   1010.00       3.32260E-19
   1020.00       4.29926E-19
   1030.00       5.53495E-19
   1040.00       7.09087E-19
   1050.00       9.04097E-19
   1060.00       1.14741E-18
   1070.00       1.44965E-18
   1080.00       1.82351E-18
   1090.00       2.28404E-18
   1100.00       2.84906E-18
   1110.00       3.53954E-18
   1120.00       4.38017E-18
   1130.00       5.39981E-18
   1140.00       6.63212E-18
   1150.00       8.11621E-18
   1160.00       9.89747E-18
   1170.00       1.20283E-17
   1180.00       1.45689E-17
   1190.00       1.75888E-17
   1200.00       2.11674E-17
   1210.00       2.53950E-17
   1220.00       3.03750E-17
   1230.00       3.62245E-17
   1240.00       4.30764E-17
   1250.00       5.10806E-17
   1260.00       6.04062E-17
   1270.00       7.12432E-17
   1280.00       8.38054E-17
   1290.00       9.83309E-17
   1300.00       1.15087E-16
   1310.00       1.34370E-16
   1320.00       1.56511E-16
   1330.00       1.81876E-16
   1340.00       2.10873E-16
   1350.00       2.43949E-16
   1360.00       2.81600E-16
   1370.00       3.24370E-16
   1380.00       3.72860E-16
   1390.00       4.27728E-16
   1400.00       4.89692E-16
   1410.00       5.59544E-16
   1420.00       6.38138E-16
   1430.00       7.26415E-16
   1440.00       8.25393E-16
   1450.00       9.36176E-16
   1460.00       1.05997E-15
   1470.00       1.19808E-15
   1480.00       1.35190E-15
   1490.00       1.52295E-15
   1500.00       1.71288E-15
   1510.00       1.92345E-15
   1520.00       2.15655E-15
   1530.00       2.41423E-15
   1540.00       2.69867E-15
   1550.00       3.01221E-15
   1560.00       3.35736E-15
   1570.00       3.73680E-15
   1580.00       4.15337E-15
   1590.00       4.61014E-15
   1600.00       5.11036E-15
   1610.00       5.65747E-15
   1620.00       6.25514E-15
   1630.00       6.90727E-15
   1640.00       7.61799E-15
   1650.00       8.39169E-15
   1660.00       9.23299E-15
   1670.00       1.01468E-14
   1680.00       1.11383E-14
   1690.00       1.22129E-14
   1700.00       1.33763E-14
   1710.00       1.46347E-14
   1720.00       1.59945E-14
   1730.00       1.74622E-14
   1740.00       1.90450E-14
   1750.00       2.07503E-14
   1760.00       2.25857E-14
   1770.00       2.45595E-14
   1780.00       2.66801E-14
   1790.00       2.89564E-14
   1800.00       3.13978E-14
   1810.00       3.40139E-14
   1820.00       3.68149E-14
   1830.00       3.98113E-14
   1840.00       4.30141E-14
   1850.00       4.64350E-14
   1860.00       5.00858E-14
   1870.00       5.39788E-14
   1880.00       5.81270E-14
   1890.00       6.25440E-14
   1900.00       6.72435E-14
   1910.00       7.22399E-14
   1920.00       7.75483E-14
   1930.00       8.31846E-14
   1940.00       8.91640E-14
   1950.00       9.55038E-14
   1960.00       1.02221E-13
   1970.00       1.09333E-13
   1980.00       1.16859E-13
   1990.00       1.24817E-13
   2000.00       1.33227E-13
   2010.00       1.42109E-13
   2020.00       1.51485E-13
   2030.00       1.61374E-13
   2040.00       1.71800E-13
   2050.00       1.82785E-13
   2060.00       1.94353E-13
   2070.00       2.06527E-13
   2080.00       2.19332E-13
   2090.00       2.32793E-13
   2100.00       2.46937E-13
   2110.00       2.61790E-13
   2120.00       2.77379E-13
   2130.00       2.93733E-13
   2140.00       3.10880E-13
   2150.00       3.28850E-13
   2160.00       3.47673E-13
   2170.00       3.67379E-13
   2180.00       3.88001E-13
   2190.00       4.09570E-13
   2200.00       4.32120E-13
   2210.00       4.55684E-13
   2220.00       4.80297E-13
   2230.00       5.05994E-13
   2240.00       5.32811E-13
   2250.00       5.60784E-13
   2260.00       5.89951E-13
   2270.00       6.20350E-13
   2280.00       6.52020E-13
   2290.00       6.84998E-13
   2300.00       7.19329E-13
   2310.00       7.55049E-13
   2320.00       7.92204E-13
   2330.00       8.30834E-13
   2340.00       8.70984E-13
   2350.00       9.12694E-13
   2360.00       9.56010E-13
   2370.00       1.00098E-12
   2380.00       1.04765E-12
   2390.00       1.09607E-12
   2400.00       1.14627E-12
   2410.00       1.19832E-12
   2420.00       1.25225E-12
   2430.00       1.30813E-12
   2440.00       1.36599E-12
   2450.00       1.42590E-12
   2460.00       1.48789E-12
   2470.00       1.55203E-12
   2480.00       1.61836E-12
   2490.00       1.68695E-12
   2500.00       1.75784E-12
   2510.00       1.83108E-12
   2520.00       1.90674E-12
   2530.00       1.98488E-12
   2540.00       2.06553E-12
   2550.00       2.14878E-12
   2560.00       2.23466E-12
   2570.00       2.32324E-12
   2580.00       2.41459E-12
   2590.00       2.50875E-12
   2600.00       2.60580E-12
   2610.00       2.70578E-12
   2620.00       2.80876E-12
   2630.00       2.91481E-12
   2640.00       3.02398E-12
   2650.00       3.13635E-12
   2660.00       3.25195E-12
   2670.00       3.37089E-12
   2680.00       3.49320E-12
   2690.00       3.61895E-12
   2700.00       3.74822E-12
   2710.00       3.88106E-12
   2720.00       4.01755E-12
   2730.00       4.15773E-12
   2740.00       4.30171E-12
   2750.00       4.44952E-12
   2760.00       4.60125E-12
   2770.00       4.75695E-12
   2780.00       4.91670E-12
   2790.00       5.08058E-12
   2800.00       5.24863E-12
   2810.00       5.42095E-12
   2820.00       5.59760E-12
   2830.00       5.77863E-12
   2840.00       5.96414E-12
   2850.00       6.15419E-12
   2860.00       6.34885E-12
   2870.00       6.54819E-12
   2880.00       6.75229E-12
   2890.00       6.96121E-12
   2900.00       7.17503E-12
   2910.00       7.39382E-12
   2920.00       7.61765E-12
   2930.00       7.84660E-12
   2940.00       8.08076E-12
   2950.00       8.32015E-12
   2960.00       8.56489E-12
   2970.00       8.81504E-12
   2980.00       9.07068E-12
   2990.00       9.33187E-12
   3000.00       9.59870E-12
   3010.00       9.87124E-12
   3020.00       1.01495E-11
   3030.00       1.04337E-11
   3040.00       1.07238E-11
   3050.00       1.10199E-11
   3060.00       1.13221E-11
   3070.00       1.16304E-11
   3080.00       1.19450E-11
   3090.00       1.22658E-11
   3100.00       1.25931E-11
   3110.00       1.29267E-11
   3120.00       1.32670E-11
   3130.00       1.36137E-11
   3140.00       1.39672E-11
   3150.00       1.43275E-11
   3160.00       1.46945E-11
   3170.00       1.50685E-11
   3180.00       1.54494E-11
   3190.00       1.58373E-11
   3200.00       1.62324E-11
   3210.00       1.66347E-11
   3220.00       1.70442E-11
   3230.00       1.74611E-11
   3240.00       1.78854E-11
   3250.00       1.83172E-11
   3260.00       1.87565E-11
   3270.00       1.92035E-11
   3280.00       1.96581E-11
   3290.00       2.01206E-11
   3300.00       2.05908E-11
   3310.00       2.10690E-11
   3320.00       2.15552E-11
   3330.00       2.20495E-11
   3340.00       2.25519E-11
   3350.00       2.30625E-11
   3360.00       2.35814E-11
   3370.00       2.41086E-11
   3380.00       2.46442E-11
   3390.00       2.51883E-11
   3400.00       2.57410E-11
   3410.00       2.63023E-11
   3420.00       2.68723E-11
   3430.00       2.74510E-11
   3440.00       2.80386E-11
   3450.00       2.86351E-11
   3460.00       2.92405E-11
   3470.00       2.98549E-11
   3480.00       3.04785E-11
   3490.00       3.11112E-11
   3500.00       3.17532E-11
   3510.00       3.24044E-11
   3520.00       3.30650E-11
   3530.00       3.37351E-11
   3540.00       3.44146E-11
   3550.00       3.51037E-11
   3560.00       3.58023E-11
   3570.00       3.65107E-11
   3580.00       3.72288E-11
   3590.00       3.79567E-11
   3600.00       3.86945E-11
   3610.00       3.94422E-11
   3620.00       4.01999E-11
   3630.00       4.09675E-11
   3640.00       4.17454E-11
   3650.00       4.25334E-11
   3660.00       4.33317E-11
   3670.00       4.41401E-11
   3680.00       4.49590E-11
   3690.00       4.57882E-11
   3700.00       4.66279E-11
   3710.00       4.74781E-11
   3720.00       4.83389E-11
   3730.00       4.92103E-11
   3740.00       5.00924E-11
   3750.00       5.09851E-11
   3760.00       5.18887E-11
   3770.00       5.28031E-11
   3780.00       5.37284E-11
   3790.00       5.46646E-11
   3800.00       5.56119E-11
   3810.00       5.65702E-11
   3820.00       5.75395E-11
   3830.00       5.85200E-11
   3840.00       5.95117E-11
   3850.00       6.05147E-11
   3860.00       6.15289E-11
   3870.00       6.25545E-11
   3880.00       6.35915E-11
   3890.00       6.46398E-11
   3900.00       6.56997E-11
   3910.00       6.67709E-11
   3920.00       6.78539E-11
   3930.00       6.89485E-11
   3940.00       7.00547E-11
   3950.00       7.11726E-11
   3960.00       7.23022E-11
   3970.00       7.34436E-11
   3980.00       7.45968E-11
   3990.00       7.57619E-11
   4000.00       7.69389E-11
   4010.00       7.81279E-11
   4020.00       7.93288E-11
   4030.00       8.05416E-11
   4040.00       8.17667E-11
   4050.00       8.30038E-11
   4060.00       8.42529E-11
   4070.00       8.55142E-11
   4080.00       8.67878E-11
   4090.00       8.80736E-11
   4100.00       8.93717E-11
   4110.00       9.06821E-11
   4120.00       9.20048E-11
   4130.00       9.33397E-11
   4140.00       9.46872E-11
   4150.00       9.60471E-11
   4160.00       9.74194E-11
   4170.00       9.88043E-11
   4180.00       1.00202E-10
   4190.00       1.01611E-10
   4200.00       1.03034E-10
   4210.00       1.04469E-10
   4220.00       1.05917E-10
   4230.00       1.07377E-10
   4240.00       1.08850E-10
   4250.00       1.10336E-10
   4260.00       1.11834E-10
   4270.00       1.13345E-10
   4280.00       1.14869E-10
   4290.00       1.16406E-10
   4300.00       1.17956E-10
   4310.00       1.19518E-10
   4320.00       1.21093E-10
   4330.00       1.22682E-10
   4340.00       1.24283E-10
   4350.00       1.25897E-10
   4360.00       1.27524E-10
   4370.00       1.29164E-10
   4380.00       1.30816E-10
   4390.00       1.32482E-10
   4400.00       1.34161E-10
   4410.00       1.35853E-10
   4420.00       1.37558E-10
   4430.00       1.39276E-10
   4440.00       1.41007E-10
   4450.00       1.42751E-10
   4460.00       1.44508E-10
   4470.00       1.46279E-10
   4480.00       1.48062E-10
   4490.00       1.49859E-10
   4500.00       1.51669E-10
   4510.00       1.53491E-10
   4520.00       1.55327E-10
   4530.00       1.57177E-10
   4540.00       1.59039E-10
   4550.00       1.60915E-10
   4560.00       1.62803E-10
   4570.00       1.64705E-10
   4580.00       1.66620E-10
   4590.00       1.68549E-10
   4600.00       1.70490E-10
   4610.00       1.72445E-10
   4620.00       1.74413E-10
   4630.00       1.76394E-10
   4640.00       1.78389E-10
   4650.00       1.80396E-10
   4660.00       1.82417E-10
   4670.00       1.84451E-10
   4680.00       1.86499E-10
   4690.00       1.88559E-10
   4700.00       1.90633E-10
   4710.00       1.92721E-10
   4720.00       1.94821E-10
   4730.00       1.96934E-10
   4740.00       1.99061E-10
   4750.00       2.01201E-10
   4760.00       2.03354E-10
   4770.00       2.05521E-10
   4780.00       2.07700E-10
   4790.00       2.09893E-10
   4800.00       2.12099E-10
   4810.00       2.14319E-10
   4820.00       2.16551E-10
   4830.00       2.18797E-10
   4840.00       2.21056E-10
   4850.00       2.23328E-10
   4860.00       2.25613E-10
   4870.00       2.27911E-10
   4880.00       2.30223E-10
   4890.00       2.32547E-10
   4900.00       2.34885E-10
   4910.00       2.37236E-10
   4920.00       2.39600E-10
   4930.00       2.41977E-10
   4940.00       2.44368E-10
   4950.00       2.46771E-10
   4960.00       2.49187E-10
   4970.00       2.51617E-10
   4980.00       2.54059E-10
   4990.00       2.56515E-10
   5000.00       2.58983E-10
   5010.00       2.61465E-10
   5020.00       2.63959E-10
   5030.00       2.66467E-10
   5040.00       2.68987E-10
   5050.00       2.71521E-10
   5060.00       2.74067E-10
   5070.00       2.76626E-10
   5080.00       2.79198E-10
   5090.00       2.81783E-10
   6000.00       5.67661E-10
   7000.00       9.75994E-10
   8000.00       1.44355E-09
   9000.00       1.93275E-09
  10000.00       2.41490E-09
