         0.16635E+02          0.00000E+00
         0.16645E+02          0.00000E+00
         0.16655E+02          0.00000E+00
         0.16665E+02          0.00000E+00
         0.16675E+02          0.00000E+00
         0.16685E+02          0.00000E+00
         0.16695E+02          0.00000E+00
         0.16705E+02          0.00000E+00
         0.16715E+02          0.00000E+00
         0.16725E+02          0.00000E+00
         0.16735E+02          0.00000E+00
         0.16745E+02          0.00000E+00
         0.16755E+02          0.00000E+00
         0.16765E+02          0.00000E+00
         0.16775E+02          0.00000E+00
         0.16785E+02          0.00000E+00
         0.16795E+02          0.00000E+00
         0.16805E+02          0.00000E+00
         0.16815E+02          0.00000E+00
         0.16825E+02          0.00000E+00
         0.16835E+02          0.00000E+00
         0.16845E+02          0.00000E+00
         0.16855E+02          0.00000E+00
         0.16865E+02          0.00000E+00
         0.16875E+02          0.00000E+00
         0.16885E+02          0.00000E+00
         0.16895E+02          0.00000E+00
         0.16905E+02          0.00000E+00
         0.16915E+02          0.00000E+00
         0.16925E+02          0.00000E+00
         0.16935E+02          0.00000E+00
         0.16945E+02          0.00000E+00
         0.16955E+02          0.00000E+00
         0.16965E+02          0.00000E+00
         0.16975E+02          0.00000E+00
         0.16985E+02          0.00000E+00
         0.16995E+02          0.00000E+00
         0.17005E+02          0.00000E+00
         0.17015E+02          0.00000E+00
         0.17025E+02          0.00000E+00
         0.17035E+02          0.00000E+00
         0.17045E+02          0.00000E+00
         0.17055E+02          0.00000E+00
         0.17065E+02          0.00000E+00
         0.17075E+02          0.00000E+00
         0.17085E+02          0.00000E+00
         0.17095E+02          0.00000E+00
         0.17105E+02          0.00000E+00
         0.17115E+02          0.00000E+00
         0.17125E+02          0.00000E+00
         0.17135E+02          0.00000E+00
         0.17145E+02          0.00000E+00
         0.17155E+02          0.00000E+00
         0.17165E+02          0.00000E+00
         0.17175E+02          0.00000E+00
         0.17185E+02          0.00000E+00
         0.17195E+02          0.00000E+00
         0.17205E+02          0.00000E+00
         0.17215E+02          0.00000E+00
         0.17225E+02          0.00000E+00
         0.17235E+02          0.00000E+00
         0.17245E+02          0.00000E+00
         0.17255E+02          0.00000E+00
         0.17265E+02          0.00000E+00
         0.17275E+02          0.00000E+00
         0.17285E+02          0.00000E+00
         0.17295E+02          0.00000E+00
         0.17305E+02          0.00000E+00
         0.17315E+02          0.00000E+00
         0.17325E+02          0.00000E+00
         0.17335E+02          0.00000E+00
         0.17345E+02          0.00000E+00
         0.17355E+02          0.00000E+00
         0.17365E+02          0.00000E+00
         0.17375E+02          0.00000E+00
         0.17385E+02          0.00000E+00
         0.17395E+02          0.00000E+00
         0.17405E+02          0.00000E+00
         0.17415E+02          0.00000E+00
         0.17425E+02          0.00000E+00
         0.17435E+02          0.00000E+00
         0.17445E+02          0.00000E+00
         0.17455E+02          0.00000E+00
         0.17465E+02          0.00000E+00
         0.17475E+02          0.00000E+00
         0.17485E+02          0.00000E+00
         0.17495E+02          0.00000E+00
         0.17505E+02          0.00000E+00
         0.17515E+02          0.00000E+00
         0.17525E+02          0.00000E+00
         0.17535E+02          0.00000E+00
         0.17545E+02          0.00000E+00
         0.17555E+02          0.00000E+00
         0.17565E+02          0.00000E+00
         0.17575E+02          0.00000E+00
         0.17585E+02          0.00000E+00
         0.17595E+02          0.00000E+00
         0.17605E+02          0.00000E+00
         0.17615E+02          0.00000E+00
         0.17625E+02          0.00000E+00
         0.17635E+02          0.00000E+00
         0.17645E+02          0.00000E+00
         0.17655E+02          0.00000E+00
         0.17665E+02          0.00000E+00
         0.17675E+02          0.00000E+00
         0.17685E+02          0.00000E+00
         0.17695E+02          0.00000E+00
         0.17705E+02          0.00000E+00
         0.17715E+02          0.00000E+00
         0.17725E+02          0.00000E+00
         0.17735E+02          0.00000E+00
         0.17745E+02          0.00000E+00
         0.17755E+02          0.00000E+00
         0.17765E+02          0.00000E+00
         0.17775E+02          0.00000E+00
         0.17785E+02          0.00000E+00
         0.17795E+02          0.00000E+00
         0.17805E+02          0.00000E+00
         0.17815E+02          0.00000E+00
         0.17825E+02          0.00000E+00
         0.17835E+02          0.00000E+00
         0.17845E+02          0.00000E+00
         0.17855E+02          0.00000E+00
         0.17865E+02          0.00000E+00
         0.17875E+02          0.00000E+00
         0.17885E+02          0.00000E+00
         0.17895E+02          0.00000E+00
         0.17905E+02          0.00000E+00
         0.17915E+02          0.00000E+00
         0.17925E+02          0.00000E+00
         0.17935E+02          0.00000E+00
         0.17945E+02          0.00000E+00
         0.17955E+02          0.00000E+00
         0.17965E+02          0.00000E+00
         0.17975E+02          0.00000E+00
         0.17985E+02          0.00000E+00
         0.17995E+02          0.00000E+00
         0.18005E+02          0.00000E+00
         0.18015E+02          0.00000E+00
         0.18025E+02          0.00000E+00
         0.18035E+02          0.00000E+00
         0.18045E+02          0.00000E+00
         0.18055E+02          0.00000E+00
         0.18065E+02          0.00000E+00
         0.18075E+02          0.00000E+00
         0.18085E+02          0.00000E+00
         0.18095E+02          0.00000E+00
         0.18105E+02          0.00000E+00
         0.18115E+02          0.00000E+00
         0.18125E+02          0.00000E+00
         0.18135E+02          0.00000E+00
         0.18145E+02          0.00000E+00
         0.18155E+02          0.00000E+00
         0.18165E+02          0.00000E+00
         0.18175E+02          0.00000E+00
         0.18185E+02          0.00000E+00
         0.18195E+02          0.00000E+00
         0.18205E+02          0.00000E+00
         0.18215E+02          0.00000E+00
         0.18225E+02          0.00000E+00
         0.18235E+02          0.00000E+00
         0.18245E+02          0.00000E+00
         0.18255E+02          0.00000E+00
         0.18265E+02          0.00000E+00
         0.18275E+02          0.00000E+00
         0.18285E+02          0.00000E+00
         0.18295E+02          0.00000E+00
         0.18305E+02          0.00000E+00
         0.18315E+02          0.00000E+00
         0.18325E+02          0.00000E+00
         0.18335E+02          0.00000E+00
         0.18345E+02          0.00000E+00
         0.18355E+02          0.00000E+00
         0.18365E+02          0.00000E+00
         0.18375E+02          0.00000E+00
         0.18385E+02          0.00000E+00
         0.18395E+02          0.00000E+00
         0.18405E+02          0.00000E+00
         0.18415E+02          0.00000E+00
         0.18425E+02          0.00000E+00
         0.18435E+02          0.00000E+00
         0.18445E+02          0.00000E+00
         0.18455E+02          0.00000E+00
         0.18465E+02          0.00000E+00
         0.18475E+02          0.00000E+00
         0.18485E+02          0.00000E+00
         0.18495E+02          0.00000E+00
         0.18505E+02          0.00000E+00
         0.18515E+02          0.00000E+00
         0.18525E+02          0.00000E+00
         0.18535E+02          0.00000E+00
         0.18545E+02          0.00000E+00
         0.18555E+02          0.00000E+00
         0.18565E+02          0.00000E+00
         0.18575E+02          0.00000E+00
         0.18585E+02          0.00000E+00
         0.18595E+02          0.00000E+00
         0.18605E+02          0.00000E+00
         0.18615E+02          0.00000E+00
         0.18625E+02          0.00000E+00
         0.18635E+02          0.00000E+00
         0.18645E+02          0.00000E+00
         0.18655E+02          0.00000E+00
         0.18665E+02          0.00000E+00
         0.18675E+02          0.00000E+00
         0.18685E+02          0.00000E+00
         0.18695E+02          0.00000E+00
         0.18705E+02          0.00000E+00
         0.18715E+02          0.00000E+00
         0.18725E+02          0.00000E+00
         0.18735E+02          0.00000E+00
         0.18745E+02          0.00000E+00
         0.18755E+02          0.00000E+00
         0.18765E+02          0.00000E+00
         0.18775E+02          0.00000E+00
         0.18785E+02          0.00000E+00
         0.18795E+02          0.00000E+00
         0.18805E+02          0.00000E+00
         0.18815E+02          0.00000E+00
         0.18825E+02          0.00000E+00
         0.18835E+02          0.00000E+00
         0.18845E+02          0.00000E+00
         0.18855E+02          0.00000E+00
         0.18865E+02          0.00000E+00
         0.18875E+02          0.00000E+00
         0.18885E+02          0.00000E+00
         0.18895E+02          0.00000E+00
         0.18905E+02          0.00000E+00
         0.18915E+02          0.00000E+00
         0.18925E+02          0.00000E+00
         0.18935E+02          0.00000E+00
         0.18945E+02          0.00000E+00
         0.18955E+02          0.00000E+00
         0.18965E+02          0.00000E+00
         0.18975E+02          0.00000E+00
         0.18985E+02          0.00000E+00
         0.18995E+02          0.00000E+00
         0.19005E+02          0.00000E+00
         0.19015E+02          0.00000E+00
         0.19025E+02          0.00000E+00
         0.19035E+02          0.00000E+00
         0.19045E+02          0.00000E+00
         0.19055E+02          0.00000E+00
         0.19065E+02          0.00000E+00
         0.19075E+02          0.00000E+00
         0.19085E+02          0.00000E+00
         0.19095E+02          0.00000E+00
         0.19105E+02          0.00000E+00
         0.19115E+02          0.00000E+00
         0.19125E+02          0.00000E+00
         0.19135E+02          0.00000E+00
         0.19145E+02          0.00000E+00
         0.19155E+02          0.00000E+00
         0.19165E+02          0.00000E+00
         0.19175E+02          0.00000E+00
         0.19185E+02          0.00000E+00
         0.19195E+02          0.00000E+00
         0.19205E+02          0.00000E+00
         0.19215E+02          0.00000E+00
         0.19225E+02          0.00000E+00
         0.19235E+02          0.00000E+00
         0.19245E+02          0.00000E+00
         0.19255E+02          0.00000E+00
         0.19265E+02          0.00000E+00
         0.19275E+02          0.00000E+00
         0.19285E+02          0.00000E+00
         0.19295E+02          0.00000E+00
         0.19305E+02          0.00000E+00
         0.19315E+02          0.00000E+00
         0.19325E+02          0.00000E+00
         0.19335E+02          0.00000E+00
         0.19345E+02          0.00000E+00
         0.19355E+02          0.00000E+00
         0.19365E+02          0.00000E+00
         0.19375E+02          0.00000E+00
         0.19385E+02          0.00000E+00
         0.19395E+02          0.00000E+00
         0.19405E+02          0.00000E+00
         0.19415E+02          0.00000E+00
         0.19425E+02          0.00000E+00
         0.19435E+02          0.00000E+00
         0.19445E+02          0.00000E+00
         0.19455E+02          0.00000E+00
         0.19465E+02          0.00000E+00
         0.19475E+02          0.00000E+00
         0.19485E+02          0.00000E+00
         0.19495E+02          0.00000E+00
         0.19505E+02          0.00000E+00
         0.19515E+02          0.00000E+00
         0.19525E+02          0.00000E+00
         0.19535E+02          0.00000E+00
         0.19545E+02          0.00000E+00
         0.19555E+02          0.00000E+00
         0.19565E+02          0.00000E+00
         0.19575E+02          0.00000E+00
         0.19585E+02          0.00000E+00
         0.19595E+02          0.00000E+00
         0.19605E+02          0.00000E+00
         0.19615E+02          0.00000E+00
         0.19625E+02          0.00000E+00
         0.19635E+02          0.00000E+00
         0.19645E+02          0.00000E+00
         0.19655E+02          0.00000E+00
         0.19665E+02          0.00000E+00
         0.19675E+02          0.00000E+00
         0.19685E+02          0.00000E+00
         0.19695E+02          0.00000E+00
         0.19705E+02          0.00000E+00
         0.19715E+02          0.00000E+00
         0.19725E+02          0.00000E+00
         0.19735E+02          0.00000E+00
         0.19745E+02          0.00000E+00
         0.19755E+02          0.00000E+00
         0.19765E+02          0.00000E+00
         0.19775E+02          0.00000E+00
         0.19785E+02          0.00000E+00
         0.19795E+02          0.00000E+00
         0.19805E+02          0.00000E+00
         0.19815E+02          0.00000E+00
         0.19825E+02          0.00000E+00
         0.19835E+02          0.00000E+00
         0.19845E+02          0.00000E+00
         0.19855E+02          0.00000E+00
         0.19865E+02          0.00000E+00
         0.19875E+02          0.00000E+00
         0.19885E+02          0.00000E+00
         0.19895E+02          0.00000E+00
         0.19905E+02          0.00000E+00
         0.19915E+02          0.00000E+00
         0.19925E+02          0.00000E+00
         0.19935E+02          0.00000E+00
         0.19945E+02          0.00000E+00
         0.19955E+02          0.00000E+00
         0.19965E+02          0.00000E+00
         0.19975E+02          0.00000E+00
         0.19985E+02          0.00000E+00
         0.19995E+02          0.00000E+00
         0.20005E+02          0.00000E+00
         0.20015E+02          0.00000E+00
         0.20025E+02          0.00000E+00
         0.20035E+02          0.00000E+00
         0.20045E+02          0.00000E+00
         0.20055E+02          0.00000E+00
         0.20065E+02          0.00000E+00
         0.20075E+02          0.00000E+00
         0.20085E+02          0.00000E+00
         0.20095E+02          0.00000E+00
         0.20105E+02          0.00000E+00
         0.20115E+02          0.00000E+00
         0.20125E+02          0.00000E+00
         0.20135E+02          0.00000E+00
         0.20145E+02          0.00000E+00
         0.20155E+02          0.00000E+00
         0.20165E+02          0.00000E+00
         0.20175E+02          0.00000E+00
         0.20185E+02          0.00000E+00
         0.20195E+02          0.00000E+00
         0.20205E+02          0.00000E+00
         0.20215E+02          0.00000E+00
         0.20225E+02          0.00000E+00
         0.20235E+02          0.00000E+00
         0.20245E+02          0.00000E+00
         0.20255E+02          0.00000E+00
         0.20265E+02          0.00000E+00
         0.20275E+02          0.00000E+00
         0.20285E+02          0.00000E+00
         0.20295E+02          0.00000E+00
         0.20305E+02          0.00000E+00
         0.20315E+02          0.00000E+00
         0.20325E+02          0.00000E+00
         0.20335E+02          0.00000E+00
         0.20345E+02          0.00000E+00
         0.20355E+02          0.00000E+00
         0.20365E+02          0.00000E+00
         0.20375E+02          0.00000E+00
         0.20385E+02          0.00000E+00
         0.20395E+02          0.00000E+00
         0.20405E+02          0.00000E+00
         0.20415E+02          0.00000E+00
         0.20425E+02          0.00000E+00
         0.20435E+02          0.00000E+00
         0.20445E+02          0.00000E+00
         0.20455E+02          0.00000E+00
         0.20465E+02          0.00000E+00
         0.20475E+02          0.00000E+00
         0.20485E+02          0.00000E+00
         0.20495E+02          0.00000E+00
         0.20505E+02          0.00000E+00
         0.20515E+02          0.00000E+00
         0.20525E+02          0.00000E+00
         0.20535E+02          0.00000E+00
         0.20545E+02          0.00000E+00
         0.20555E+02          0.00000E+00
         0.20565E+02          0.00000E+00
         0.20575E+02          0.00000E+00
         0.20585E+02          0.00000E+00
         0.20595E+02          0.00000E+00
         0.20605E+02          0.00000E+00
         0.20615E+02          0.00000E+00
         0.20625E+02          0.00000E+00
         0.20635E+02          0.00000E+00
         0.20645E+02          0.00000E+00
         0.20655E+02          0.00000E+00
         0.20665E+02          0.00000E+00
         0.20675E+02          0.00000E+00
         0.20685E+02          0.00000E+00
         0.20695E+02          0.00000E+00
         0.20705E+02          0.00000E+00
         0.20715E+02          0.00000E+00
         0.20725E+02          0.00000E+00
         0.20735E+02          0.00000E+00
         0.20745E+02          0.00000E+00
         0.20755E+02          0.00000E+00
         0.20765E+02          0.00000E+00
         0.20775E+02          0.00000E+00
         0.20785E+02          0.00000E+00
         0.20795E+02          0.00000E+00
         0.20805E+02          0.00000E+00
         0.20815E+02          0.00000E+00
         0.20825E+02          0.00000E+00
         0.20835E+02          0.00000E+00
         0.20845E+02          0.00000E+00
         0.20855E+02          0.00000E+00
         0.20865E+02          0.00000E+00
         0.20875E+02          0.00000E+00
         0.20885E+02          0.00000E+00
         0.20895E+02          0.00000E+00
         0.20905E+02          0.00000E+00
         0.20915E+02          0.00000E+00
         0.20925E+02          0.00000E+00
         0.20935E+02          0.00000E+00
         0.20945E+02          0.00000E+00
         0.20955E+02          0.00000E+00
         0.20965E+02          0.00000E+00
         0.20975E+02          0.00000E+00
         0.20985E+02          0.00000E+00
         0.20995E+02          0.00000E+00
         0.21005E+02          0.00000E+00
         0.21015E+02          0.00000E+00
         0.21025E+02          0.00000E+00
         0.21035E+02          0.00000E+00
         0.21045E+02          0.00000E+00
         0.21055E+02          0.00000E+00
         0.21065E+02          0.00000E+00
         0.21075E+02          0.00000E+00
         0.21085E+02          0.00000E+00
         0.21095E+02          0.00000E+00
         0.21105E+02          0.00000E+00
         0.21115E+02          0.00000E+00
         0.21125E+02          0.00000E+00
         0.21135E+02          0.00000E+00
         0.21145E+02          0.00000E+00
         0.21155E+02          0.00000E+00
         0.21165E+02          0.00000E+00
         0.21175E+02          0.00000E+00
         0.21185E+02          0.00000E+00
         0.21195E+02          0.00000E+00
         0.21205E+02          0.00000E+00
         0.21215E+02          0.00000E+00
         0.21225E+02          0.00000E+00
         0.21235E+02          0.00000E+00
         0.21245E+02          0.00000E+00
         0.21255E+02          0.00000E+00
         0.21265E+02          0.00000E+00
         0.21275E+02          0.00000E+00
         0.21285E+02          0.00000E+00
         0.21295E+02          0.00000E+00
         0.21305E+02          0.00000E+00
         0.21315E+02          0.00000E+00
         0.21325E+02          0.00000E+00
         0.21335E+02          0.00000E+00
         0.21345E+02          0.00000E+00
         0.21355E+02          0.00000E+00
         0.21365E+02          0.00000E+00
         0.21375E+02          0.00000E+00
         0.21385E+02          0.00000E+00
         0.21395E+02          0.00000E+00
         0.21405E+02          0.00000E+00
         0.21415E+02          0.00000E+00
         0.21425E+02          0.00000E+00
         0.21435E+02          0.00000E+00
         0.21445E+02          0.00000E+00
         0.21455E+02          0.00000E+00
         0.21465E+02          0.00000E+00
         0.21475E+02          0.00000E+00
         0.21485E+02          0.00000E+00
         0.21495E+02          0.00000E+00
         0.21505E+02          0.00000E+00
         0.21515E+02          0.00000E+00
         0.21525E+02          0.00000E+00
         0.21535E+02          0.00000E+00
         0.21545E+02          0.00000E+00
         0.21555E+02          0.00000E+00
         0.21565E+02          0.00000E+00
         0.21575E+02          0.00000E+00
         0.21585E+02          0.00000E+00
         0.21595E+02          0.00000E+00
         0.21605E+02          0.00000E+00
         0.21615E+02          0.00000E+00
         0.21625E+02          0.00000E+00
         0.21635E+02          0.00000E+00
         0.21645E+02          0.00000E+00
         0.21655E+02          0.00000E+00
         0.21665E+02          0.00000E+00
         0.21675E+02          0.00000E+00
         0.21685E+02          0.00000E+00
         0.21695E+02          0.00000E+00
         0.21705E+02          0.00000E+00
         0.21715E+02          0.00000E+00
         0.21725E+02          0.00000E+00
         0.21735E+02          0.00000E+00
         0.21745E+02          0.00000E+00
         0.21755E+02          0.00000E+00
         0.21765E+02          0.00000E+00
         0.21775E+02          0.00000E+00
         0.21785E+02          0.00000E+00
         0.21795E+02          0.00000E+00
         0.21805E+02          0.00000E+00
         0.21815E+02          0.00000E+00
         0.21825E+02          0.00000E+00
         0.21835E+02          0.00000E+00
         0.21845E+02          0.00000E+00
         0.21855E+02          0.00000E+00
         0.21865E+02          0.00000E+00
         0.21875E+02          0.00000E+00
         0.21885E+02          0.00000E+00
         0.21895E+02          0.00000E+00
         0.21905E+02          0.00000E+00
         0.21915E+02          0.00000E+00
         0.21925E+02          0.00000E+00
         0.21935E+02          0.00000E+00
         0.21945E+02          0.00000E+00
         0.21955E+02          0.00000E+00
         0.21965E+02          0.00000E+00
         0.21975E+02          0.00000E+00
         0.21985E+02          0.00000E+00
         0.21995E+02          0.00000E+00
         0.22005E+02          0.00000E+00
         0.22015E+02          0.00000E+00
         0.22025E+02          0.00000E+00
         0.22035E+02          0.00000E+00
         0.22045E+02          0.00000E+00
         0.22055E+02          0.00000E+00
         0.22065E+02          0.00000E+00
         0.22075E+02          0.00000E+00
         0.22085E+02          0.00000E+00
         0.22095E+02          0.00000E+00
         0.22105E+02          0.00000E+00
         0.22115E+02          0.00000E+00
         0.22125E+02          0.00000E+00
         0.22135E+02          0.00000E+00
         0.22145E+02          0.00000E+00
         0.22155E+02          0.00000E+00
         0.22165E+02          0.00000E+00
         0.22175E+02          0.00000E+00
         0.22185E+02          0.00000E+00
         0.22195E+02          0.00000E+00
         0.22205E+02          0.00000E+00
         0.22215E+02          0.00000E+00
         0.22225E+02          0.00000E+00
         0.22235E+02          0.00000E+00
         0.22245E+02          0.00000E+00
         0.22255E+02          0.00000E+00
         0.22265E+02          0.00000E+00
         0.22275E+02          0.00000E+00
         0.22285E+02          0.00000E+00
         0.22295E+02          0.00000E+00
         0.22305E+02          0.00000E+00
         0.22315E+02          0.00000E+00
         0.22325E+02          0.00000E+00
         0.22335E+02          0.00000E+00
         0.22345E+02          0.00000E+00
         0.22355E+02          0.00000E+00
         0.22365E+02          0.00000E+00
         0.22375E+02          0.00000E+00
         0.22385E+02          0.00000E+00
         0.22395E+02          0.00000E+00
         0.22405E+02          0.00000E+00
         0.22415E+02          0.00000E+00
         0.22425E+02          0.00000E+00
         0.22435E+02          0.00000E+00
         0.22445E+02          0.00000E+00
         0.22455E+02          0.00000E+00
         0.22465E+02          0.00000E+00
         0.22475E+02          0.00000E+00
         0.22485E+02          0.00000E+00
         0.22495E+02          0.00000E+00
         0.22505E+02          0.00000E+00
         0.22515E+02          0.00000E+00
         0.22525E+02          0.00000E+00
         0.22535E+02          0.00000E+00
         0.22545E+02          0.00000E+00
         0.22555E+02          0.00000E+00
         0.22565E+02          0.00000E+00
         0.22575E+02          0.00000E+00
         0.22585E+02          0.00000E+00
         0.22595E+02          0.00000E+00
         0.22605E+02          0.00000E+00
         0.22615E+02          0.00000E+00
         0.22625E+02          0.00000E+00
         0.22635E+02          0.00000E+00
         0.22645E+02          0.00000E+00
         0.22655E+02          0.00000E+00
         0.22665E+02          0.00000E+00
         0.22675E+02          0.00000E+00
         0.22685E+02          0.00000E+00
         0.22695E+02          0.00000E+00
         0.22705E+02          0.00000E+00
         0.22715E+02          0.00000E+00
         0.22725E+02          0.00000E+00
         0.22735E+02          0.00000E+00
         0.22745E+02          0.00000E+00
         0.22755E+02          0.00000E+00
         0.22765E+02          0.00000E+00
         0.22775E+02          0.00000E+00
         0.22785E+02          0.00000E+00
         0.22795E+02          0.00000E+00
         0.22805E+02          0.00000E+00
         0.22815E+02          0.00000E+00
         0.22825E+02          0.00000E+00
         0.22835E+02          0.00000E+00
         0.22845E+02          0.00000E+00
         0.22855E+02          0.00000E+00
         0.22865E+02          0.00000E+00
         0.22875E+02          0.00000E+00
         0.22885E+02          0.00000E+00
         0.22895E+02          0.00000E+00
         0.22905E+02          0.00000E+00
         0.22915E+02          0.00000E+00
         0.22925E+02          0.00000E+00
         0.22935E+02          0.00000E+00
         0.22945E+02          0.00000E+00
         0.22955E+02          0.00000E+00
         0.22965E+02          0.00000E+00
         0.22975E+02          0.00000E+00
         0.22985E+02          0.00000E+00
         0.22995E+02          0.00000E+00
         0.23005E+02          0.00000E+00
         0.23015E+02          0.00000E+00
         0.23025E+02          0.00000E+00
         0.23035E+02          0.00000E+00
         0.23045E+02          0.00000E+00
         0.23055E+02          0.00000E+00
         0.23065E+02          0.00000E+00
         0.23075E+02          0.00000E+00
         0.23085E+02          0.00000E+00
         0.23095E+02          0.00000E+00
         0.23105E+02          0.00000E+00
         0.23115E+02          0.00000E+00
         0.23125E+02          0.00000E+00
         0.23135E+02          0.00000E+00
         0.23145E+02          0.00000E+00
         0.23155E+02          0.00000E+00
         0.23165E+02          0.00000E+00
         0.23175E+02          0.00000E+00
         0.23185E+02          0.00000E+00
         0.23195E+02          0.00000E+00
         0.23205E+02          0.00000E+00
         0.23215E+02          0.00000E+00
         0.23225E+02          0.00000E+00
         0.23235E+02          0.00000E+00
         0.23245E+02          0.00000E+00
         0.23255E+02          0.00000E+00
         0.23265E+02          0.00000E+00
         0.23275E+02          0.00000E+00
         0.23285E+02          0.00000E+00
         0.23295E+02          0.00000E+00
         0.23305E+02          0.00000E+00
         0.23315E+02          0.00000E+00
         0.23325E+02          0.00000E+00
         0.23335E+02          0.00000E+00
         0.23345E+02          0.00000E+00
         0.23355E+02          0.00000E+00
         0.23365E+02          0.00000E+00
         0.23375E+02          0.00000E+00
         0.23385E+02          0.00000E+00
         0.23395E+02          0.00000E+00
         0.23405E+02          0.00000E+00
         0.23415E+02          0.00000E+00
         0.23425E+02          0.00000E+00
         0.23435E+02          0.00000E+00
         0.23445E+02          0.00000E+00
         0.23455E+02          0.00000E+00
         0.23465E+02          0.00000E+00
         0.23475E+02          0.00000E+00
         0.23485E+02          0.00000E+00
         0.23495E+02          0.00000E+00
         0.23505E+02          0.00000E+00
         0.23515E+02          0.00000E+00
         0.23525E+02          0.00000E+00
         0.23535E+02          0.00000E+00
         0.23545E+02          0.00000E+00
         0.23555E+02          0.00000E+00
         0.23565E+02          0.00000E+00
         0.23575E+02          0.00000E+00
         0.23585E+02          0.00000E+00
         0.23595E+02          0.00000E+00
         0.23605E+02          0.00000E+00
         0.23615E+02          0.00000E+00
         0.23625E+02          0.00000E+00
         0.23635E+02          0.00000E+00
         0.23645E+02          0.00000E+00
         0.23655E+02          0.00000E+00
         0.23665E+02          0.00000E+00
         0.23675E+02          0.00000E+00
         0.23685E+02          0.00000E+00
         0.23695E+02          0.00000E+00
         0.23705E+02          0.00000E+00
         0.23715E+02          0.00000E+00
         0.23725E+02          0.00000E+00
         0.23735E+02          0.00000E+00
         0.23745E+02          0.00000E+00
         0.23755E+02          0.00000E+00
         0.23765E+02          0.00000E+00
         0.23775E+02          0.00000E+00
         0.23785E+02          0.00000E+00
         0.23795E+02          0.00000E+00
         0.23805E+02          0.00000E+00
         0.23815E+02          0.00000E+00
         0.23825E+02          0.00000E+00
         0.23835E+02          0.00000E+00
         0.23845E+02          0.00000E+00
         0.23855E+02          0.00000E+00
         0.23865E+02          0.00000E+00
         0.23875E+02          0.00000E+00
         0.23885E+02          0.00000E+00
         0.23895E+02          0.00000E+00
         0.23905E+02          0.00000E+00
         0.23915E+02          0.00000E+00
         0.23925E+02          0.00000E+00
         0.23935E+02          0.00000E+00
         0.23945E+02          0.00000E+00
         0.23955E+02          0.00000E+00
         0.23965E+02          0.00000E+00
         0.23975E+02          0.00000E+00
         0.23985E+02          0.00000E+00
         0.23995E+02          0.00000E+00
         0.24005E+02          0.00000E+00
         0.24015E+02          0.00000E+00
         0.24025E+02          0.00000E+00
         0.24035E+02          0.00000E+00
         0.24045E+02          0.00000E+00
         0.24055E+02          0.00000E+00
         0.24065E+02          0.00000E+00
         0.24075E+02          0.00000E+00
         0.24085E+02          0.00000E+00
         0.24095E+02          0.00000E+00
         0.24105E+02          0.00000E+00
         0.24115E+02          0.00000E+00
         0.24125E+02          0.00000E+00
         0.24135E+02          0.00000E+00
         0.24145E+02          0.00000E+00
         0.24155E+02          0.00000E+00
         0.24165E+02          0.00000E+00
         0.24175E+02          0.00000E+00
         0.24185E+02          0.00000E+00
         0.24195E+02          0.00000E+00
         0.24205E+02          0.00000E+00
         0.24215E+02          0.00000E+00
         0.24225E+02          0.00000E+00
         0.24235E+02          0.00000E+00
         0.24245E+02          0.00000E+00
         0.24255E+02          0.00000E+00
         0.24265E+02          0.00000E+00
         0.24275E+02          0.00000E+00
         0.24285E+02          0.00000E+00
         0.24295E+02          0.00000E+00
         0.24305E+02          0.00000E+00
         0.24315E+02          0.00000E+00
         0.24325E+02          0.00000E+00
         0.24335E+02          0.00000E+00
         0.24345E+02          0.00000E+00
         0.24355E+02          0.00000E+00
         0.24365E+02          0.00000E+00
         0.24375E+02          0.00000E+00
         0.24385E+02          0.00000E+00
         0.24395E+02          0.00000E+00
         0.24405E+02          0.00000E+00
         0.24415E+02          0.00000E+00
         0.24425E+02          0.00000E+00
         0.24435E+02          0.00000E+00
         0.24445E+02          0.00000E+00
         0.24455E+02          0.00000E+00
         0.24465E+02          0.00000E+00
         0.24475E+02          0.00000E+00
         0.24485E+02          0.00000E+00
         0.24495E+02          0.00000E+00
         0.24505E+02          0.00000E+00
         0.24515E+02          0.00000E+00
         0.24525E+02          0.00000E+00
         0.24535E+02          0.00000E+00
         0.24545E+02          0.00000E+00
         0.24555E+02          0.00000E+00
         0.24565E+02          0.00000E+00
         0.24575E+02          0.00000E+00
         0.24585E+02          0.00000E+00
         0.24595E+02          0.00000E+00
         0.24605E+02          0.00000E+00
         0.24615E+02          0.00000E+00
         0.24625E+02          0.00000E+00
         0.24635E+02          0.00000E+00
         0.24645E+02          0.00000E+00
         0.24655E+02          0.00000E+00
         0.24665E+02          0.00000E+00
         0.24675E+02          0.00000E+00
         0.24685E+02          0.00000E+00
         0.24695E+02          0.00000E+00
         0.24705E+02          0.00000E+00
         0.24715E+02          0.00000E+00
         0.24725E+02          0.00000E+00
         0.24735E+02          0.00000E+00
         0.24745E+02          0.00000E+00
         0.24755E+02          0.00000E+00
         0.24765E+02          0.00000E+00
         0.24775E+02          0.00000E+00
         0.24785E+02          0.00000E+00
         0.24795E+02          0.00000E+00
         0.24805E+02          0.00000E+00
         0.24815E+02          0.00000E+00
         0.24825E+02          0.00000E+00
         0.24835E+02          0.00000E+00
         0.24845E+02          0.00000E+00
         0.24855E+02          0.00000E+00
         0.24865E+02          0.00000E+00
         0.24875E+02          0.00000E+00
         0.24885E+02          0.00000E+00
         0.24895E+02          0.00000E+00
         0.24905E+02          0.00000E+00
         0.24915E+02          0.00000E+00
         0.24925E+02          0.00000E+00
         0.24935E+02          0.00000E+00
         0.24945E+02          0.00000E+00
         0.24955E+02          0.00000E+00
         0.24965E+02          0.00000E+00
         0.24975E+02          0.00000E+00
         0.24985E+02          0.00000E+00
         0.24995E+02          0.00000E+00
         0.25005E+02          0.00000E+00
         0.25015E+02          0.85763E-01
         0.25025E+02          0.83100E-01
         0.25035E+02          0.89104E-01
         0.25045E+02          0.88021E-01
         0.25055E+02          0.88010E-01
         0.25065E+02          0.80140E-01
         0.25075E+02          0.49210E-01
         0.25085E+02          0.82118E-01
         0.25095E+02          0.66383E-01
         0.25105E+02          0.12474E+00
         0.25115E+02          0.86311E-01
         0.25125E+02          0.89201E-01
         0.25135E+02          0.90866E-01
         0.25145E+02          0.89490E-01
         0.25155E+02          0.85232E-01
         0.25165E+02          0.88894E-01
         0.25175E+02          0.88367E-01
         0.25185E+02          0.88021E-01
         0.25195E+02          0.87751E-01
         0.25205E+02          0.87514E-01
         0.25215E+02          0.87287E-01
         0.25225E+02          0.87055E-01
         0.25235E+02          0.86805E-01
         0.25245E+02          0.86525E-01
         0.25255E+02          0.86198E-01
         0.25265E+02          0.85811E-01
         0.25275E+02          0.85388E-01
         0.25285E+02          0.84628E-01
         0.25295E+02          0.83780E-01
         0.25305E+02          0.82897E-01
         0.25315E+02          0.81037E-01
         0.25325E+02          0.78247E-01
         0.25335E+02          0.36813E+00
         0.25345E+02          0.79428E-01
         0.25355E+02          0.32363E+00
         0.25365E+02          0.81995E-01
         0.25375E+02          0.66980E-01
         0.25385E+02          0.10533E+01
         0.25395E+02          0.23287E+00
         0.25405E+02          0.15080E+00
         0.25415E+02          0.13013E+00
         0.25425E+02          0.11653E+00
         0.25435E+02          0.14797E+00
         0.25445E+02          0.12940E+00
         0.25455E+02          0.12810E+00
         0.25465E+02          0.13024E+00
         0.25475E+02          0.13478E+00
         0.25485E+02          0.14306E+00
         0.25495E+02          0.15699E+00
         0.25505E+02          0.18116E+00
         0.25515E+02          0.22556E+00
         0.25525E+02          0.30905E+00
         0.25535E+02          0.43100E+00
         0.25545E+02          0.44020E+00
         0.25555E+02          0.30177E+00
         0.25565E+02          0.19958E+00
         0.25575E+02          0.14491E+00
         0.25585E+02          0.26089E+00
         0.25595E+02          0.13052E+00
         0.25605E+02          0.11350E+00
         0.25615E+02          0.10456E+00
         0.25625E+02          0.97887E-01
         0.25635E+02          0.92575E-01
         0.25645E+02          0.82586E-01
         0.25655E+02          0.12392E+00
         0.25665E+02          0.13580E+00
         0.25675E+02          0.73402E-01
         0.25685E+02          0.96303E-01
         0.25695E+02          0.86231E-01
         0.25705E+02          0.16604E+00
         0.25715E+02          0.14118E+00
         0.25725E+02          0.12845E+00
         0.25735E+02          0.12164E+00
         0.25745E+02          0.38703E+00
         0.25755E+02          0.11610E+00
         0.25765E+02          0.11320E+00
         0.25775E+02          0.11123E+00
         0.25785E+02          0.11076E+00
         0.25795E+02          0.10461E+00
         0.25805E+02          0.99385E-01
         0.25815E+02          0.76794E-01
         0.25825E+02          0.10477E+00
         0.25835E+02          0.11200E+00
         0.25845E+02          0.15968E+00
         0.25855E+02          0.27653E+00
         0.25865E+02          0.68202E+00
         0.25875E+02          0.21590E+00
         0.25885E+02          0.11580E+00
         0.25895E+02          0.12791E+00
         0.25905E+02          0.10405E+00
         0.25915E+02          0.18028E+00
         0.25925E+02          0.17605E+00
         0.25935E+02          0.13842E+00
         0.25945E+02          0.12670E+00
         0.25955E+02          0.26204E+00
         0.25965E+02          0.82959E-01
         0.25975E+02          0.92449E-01
         0.25985E+02          0.97743E-01
         0.25995E+02          0.10905E+00
         0.26005E+02          0.14441E+00
         0.26015E+02          0.88352E-01
         0.26025E+02          0.11938E+00
         0.26035E+02          0.97688E-01
         0.26045E+02          0.58472E+00
         0.26055E+02          0.11193E+00
         0.26065E+02          0.99764E-01
         0.26075E+02          0.11694E+00
         0.26085E+02          0.93720E-01
         0.26095E+02          0.10639E+00
         0.26105E+02          0.13965E+00
         0.26115E+02          0.11584E+00
         0.26125E+02          0.11885E+00
         0.26135E+02          0.17532E+00
         0.26145E+02          0.12190E+00
         0.26155E+02          0.11770E+00
         0.26165E+02          0.12708E+00
         0.26175E+02          0.11915E+00
         0.26185E+02          0.14060E+00
         0.26195E+02          0.14956E+00
         0.26205E+02          0.11059E+00
         0.26215E+02          0.27630E+00
         0.26225E+02          0.42957E+00
         0.26235E+02          0.33240E+00
         0.26245E+02          0.22857E+00
         0.26255E+02          0.15962E+00
         0.26265E+02          0.13504E+00
         0.26275E+02          0.12315E+00
         0.26285E+02          0.11654E+00
         0.26295E+02          0.11245E+00
         0.26305E+02          0.10966E+00
         0.26315E+02          0.10753E+00
         0.26325E+02          0.10562E+00
         0.26335E+02          0.10317E+00
         0.26345E+02          0.96994E-01
         0.26355E+02          0.12069E+00
         0.26365E+02          0.11651E+00
         0.26375E+02          0.19885E+00
         0.26385E+02          0.13062E+00
         0.26395E+02          0.22065E+00
         0.26405E+02          0.12886E+00
         0.26415E+02          0.11946E+00
         0.26425E+02          0.11526E+00
         0.26435E+02          0.11295E+00
         0.26445E+02          0.11146E+00
         0.26455E+02          0.11038E+00
         0.26465E+02          0.10950E+00
         0.26475E+02          0.10869E+00
         0.26485E+02          0.10783E+00
         0.26495E+02          0.10671E+00
         0.26505E+02          0.10465E+00
         0.26515E+02          0.11166E+00
         0.26525E+02          0.11250E+00
         0.26535E+02          0.15183E+00
         0.26545E+02          0.12383E+00
         0.26555E+02          0.12218E+00
         0.26565E+02          0.11666E+00
         0.26575E+02          0.11450E+00
         0.26585E+02          0.11331E+00
         0.26595E+02          0.11249E+00
         0.26605E+02          0.11164E+00
         0.26615E+02          0.10567E+00
         0.26625E+02          0.13226E+00
         0.26635E+02          0.11775E+00
         0.26645E+02          0.11157E+00
         0.26655E+02          0.11068E+00
         0.26665E+02          0.10984E+00
         0.26675E+02          0.10785E+00
         0.26685E+02          0.11641E+00
         0.26695E+02          0.12375E+00
         0.26705E+02          0.11405E+00
         0.26715E+02          0.11374E+00
         0.26725E+02          0.10637E+00
         0.26735E+02          0.12778E+00
         0.26745E+02          0.11668E+00
         0.26755E+02          0.11963E+00
         0.26765E+02          0.98113E-01
         0.26775E+02          0.10948E+00
         0.26785E+02          0.12071E+00
         0.26795E+02          0.11628E+00
         0.26805E+02          0.12749E+00
         0.26815E+02          0.13878E+00
         0.26825E+02          0.12456E+00
         0.26835E+02          0.13000E+00
         0.26845E+02          0.15441E+00
         0.26855E+02          0.14272E+00
         0.26865E+02          0.25524E+00
         0.26875E+02          0.12034E+00
         0.26885E+02          0.12981E+00
         0.26895E+02          0.19077E+00
         0.26905E+02          0.11854E+00
         0.26915E+02          0.12342E+00
         0.26925E+02          0.12858E+00
         0.26935E+02          0.12824E+00
         0.26945E+02          0.12019E+00
         0.26955E+02          0.12280E+00
         0.26965E+02          0.12845E+00
         0.26975E+02          0.12136E+00
         0.26985E+02          0.12517E+00
         0.26995E+02          0.12117E+00
         0.27005E+02          0.14311E+00
         0.27015E+02          0.12391E+00
         0.27025E+02          0.12290E+00
         0.27035E+02          0.12497E+00
         0.27045E+02          0.11941E+00
         0.27055E+02          0.11904E+00
         0.27065E+02          0.11837E+00
         0.27075E+02          0.11598E+00
         0.27085E+02          0.11687E+00
         0.27095E+02          0.15809E+00
         0.27105E+02          0.16763E+00
         0.27115E+02          0.14451E+00
         0.27125E+02          0.13758E+00
         0.27135E+02          0.13466E+00
         0.27145E+02          0.13325E+00
         0.27155E+02          0.13259E+00
         0.27165E+02          0.13245E+00
         0.27175E+02          0.13280E+00
         0.27185E+02          0.13381E+00
         0.27195E+02          0.13608E+00
         0.27205E+02          0.14175E+00
         0.27215E+02          0.15232E+00
         0.27225E+02          0.17361E+00
         0.27235E+02          0.14912E+00
         0.27245E+02          0.15324E+00
         0.27255E+02          0.30488E+00
         0.27265E+02          0.13467E+00
         0.27275E+02          0.12582E+00
         0.27285E+02          0.12432E+00
         0.27295E+02          0.12387E+00
         0.27305E+02          0.12362E+00
         0.27315E+02          0.12334E+00
         0.27325E+02          0.12290E+00
         0.27335E+02          0.12598E+00
         0.27345E+02          0.15257E+00
         0.27355E+02          0.13570E+00
         0.27365E+02          0.12857E+00
         0.27375E+02          0.12671E+00
         0.27385E+02          0.12556E+00
         0.27395E+02          0.12423E+00
         0.27405E+02          0.12545E+00
         0.27415E+02          0.13497E+00
         0.27425E+02          0.12855E+00
         0.27435E+02          0.12648E+00
         0.27445E+02          0.12570E+00
         0.27455E+02          0.13719E+00
         0.27465E+02          0.12853E+00
         0.27475E+02          0.12533E+00
         0.27485E+02          0.13572E+00
         0.27495E+02          0.12775E+00
         0.27505E+02          0.15252E+00
         0.27515E+02          0.12776E+00
         0.27525E+02          0.13230E+00
         0.27535E+02          0.17282E+00
         0.27545E+02          0.13585E+00
         0.27555E+02          0.13971E+00
         0.27565E+02          0.12878E+00
         0.27575E+02          0.13489E+00
         0.27585E+02          0.12923E+00
         0.27595E+02          0.13334E+00
         0.27605E+02          0.14557E+00
         0.27615E+02          0.13456E+00
         0.27625E+02          0.13485E+00
         0.27635E+02          0.13516E+00
         0.27645E+02          0.13552E+00
         0.27655E+02          0.13594E+00
         0.27665E+02          0.13648E+00
         0.27675E+02          0.13722E+00
         0.27685E+02          0.13839E+00
         0.27695E+02          0.14060E+00
         0.27705E+02          0.14681E+00
         0.27715E+02          0.17828E+00
         0.27725E+02          0.16899E+00
         0.27735E+02          0.13321E+00
         0.27745E+02          0.13301E+00
         0.27755E+02          0.13351E+00
         0.27765E+02          0.13397E+00
         0.27775E+02          0.13437E+00
         0.27785E+02          0.13471E+00
         0.27795E+02          0.13502E+00
         0.27805E+02          0.13530E+00
         0.27815E+02          0.13557E+00
         0.27825E+02          0.13582E+00
         0.27835E+02          0.13608E+00
         0.27845E+02          0.13634E+00
         0.27855E+02          0.13663E+00
         0.27865E+02          0.13697E+00
         0.27875E+02          0.13757E+00
         0.27885E+02          0.15179E+00
         0.27895E+02          0.13723E+00
         0.27905E+02          0.13773E+00
         0.27915E+02          0.13824E+00
         0.27925E+02          0.13891E+00
         0.27935E+02          0.14000E+00
         0.27945E+02          0.14259E+00
         0.27955E+02          0.15992E+00
         0.27965E+02          0.14319E+00
         0.27975E+02          0.13531E+00
         0.27985E+02          0.13621E+00
         0.27995E+02          0.13685E+00
         0.28005E+02          0.13734E+00
         0.28015E+02          0.13776E+00
         0.28025E+02          0.13815E+00
         0.28035E+02          0.13859E+00
         0.28045E+02          0.13940E+00
         0.28055E+02          0.13869E+00
         0.28065E+02          0.13956E+00
         0.28075E+02          0.14055E+00
         0.28085E+02          0.14307E+00
         0.28095E+02          0.20117E+00
         0.28105E+02          0.13658E+00
         0.28115E+02          0.13791E+00
         0.28125E+02          0.13869E+00
         0.28135E+02          0.13930E+00
         0.28145E+02          0.14006E+00
         0.28155E+02          0.13988E+00
         0.28165E+02          0.14122E+00
         0.28175E+02          0.14621E+00
         0.28185E+02          0.13708E+00
         0.28195E+02          0.13901E+00
         0.28205E+02          0.13998E+00
         0.28215E+02          0.14240E+00
         0.28225E+02          0.14170E+00
         0.28235E+02          0.17108E+00
         0.28245E+02          0.13931E+00
         0.28255E+02          0.14072E+00
         0.28265E+02          0.14156E+00
         0.28275E+02          0.25078E+00
         0.28285E+02          0.14044E+00
         0.28295E+02          0.14157E+00
         0.28305E+02          0.13821E+00
         0.28315E+02          0.14186E+00
         0.28325E+02          0.14022E+00
         0.28335E+02          0.14134E+00
         0.28345E+02          0.14105E+00
         0.28355E+02          0.13990E+00
         0.28365E+02          0.14020E+00
         0.28375E+02          0.14204E+00
         0.28385E+02          0.14034E+00
         0.28395E+02          0.14508E+00
         0.28405E+02          0.14194E+00
         0.28415E+02          0.14212E+00
         0.28425E+02          0.14234E+00
         0.28435E+02          0.14509E+00
         0.28445E+02          0.14520E+00
         0.28455E+02          0.14530E+00
         0.28465E+02          0.14540E+00
         0.28475E+02          0.14550E+00
         0.28485E+02          0.14560E+00
         0.28495E+02          0.14570E+00
         0.28505E+02          0.14580E+00
         0.28515E+02          0.14590E+00
         0.28525E+02          0.14600E+00
         0.28535E+02          0.14610E+00
         0.28545E+02          0.14620E+00
         0.28555E+02          0.14630E+00
         0.28565E+02          0.14640E+00
         0.28575E+02          0.14650E+00
         0.28585E+02          0.14660E+00
         0.28595E+02          0.14670E+00
         0.28605E+02          0.14680E+00
         0.28615E+02          0.14690E+00
         0.28625E+02          0.14700E+00
         0.28635E+02          0.14710E+00
         0.28645E+02          0.14720E+00
         0.28655E+02          0.14730E+00
         0.28665E+02          0.14740E+00
         0.28675E+02          0.14750E+00
         0.28685E+02          0.14760E+00
         0.28695E+02          0.14770E+00
         0.28705E+02          0.14780E+00
         0.28715E+02          0.14789E+00
         0.28725E+02          0.14799E+00
         0.28735E+02          0.14809E+00
         0.28745E+02          0.14819E+00
         0.28755E+02          0.14829E+00
         0.28765E+02          0.14839E+00
         0.28775E+02          0.14849E+00
         0.28785E+02          0.14858E+00
         0.28795E+02          0.14868E+00
         0.28805E+02          0.14878E+00
         0.28815E+02          0.14888E+00
         0.28825E+02          0.14898E+00
         0.28835E+02          0.14908E+00
         0.28845E+02          0.14918E+00
         0.28855E+02          0.14927E+00
         0.28865E+02          0.14937E+00
         0.28875E+02          0.14947E+00
         0.28885E+02          0.14957E+00
         0.28895E+02          0.14967E+00
         0.28905E+02          0.14977E+00
         0.28915E+02          0.14986E+00
         0.28925E+02          0.14996E+00
         0.28935E+02          0.15006E+00
         0.28945E+02          0.15016E+00
         0.28955E+02          0.15026E+00
         0.28965E+02          0.15036E+00
         0.28975E+02          0.15045E+00
         0.28985E+02          0.15055E+00
         0.28995E+02          0.15065E+00
         0.29005E+02          0.15075E+00
         0.29015E+02          0.15085E+00
         0.29025E+02          0.15095E+00
         0.29035E+02          0.15105E+00
         0.29045E+02          0.15115E+00
         0.29055E+02          0.15125E+00
         0.29065E+02          0.15135E+00
         0.29075E+02          0.15145E+00
         0.29085E+02          0.15155E+00
         0.29095E+02          0.15165E+00
         0.29105E+02          0.15175E+00
         0.29115E+02          0.15185E+00
         0.29125E+02          0.15195E+00
         0.29135E+02          0.15205E+00
         0.29145E+02          0.15215E+00
         0.29155E+02          0.15225E+00
         0.29165E+02          0.15235E+00
         0.29175E+02          0.15246E+00
         0.29185E+02          0.15256E+00
         0.29195E+02          0.15266E+00
         0.29205E+02          0.15276E+00
         0.29215E+02          0.15287E+00
         0.29225E+02          0.15297E+00
         0.29235E+02          0.15308E+00
         0.29245E+02          0.15318E+00
         0.29255E+02          0.15329E+00
         0.29265E+02          0.15339E+00
         0.29275E+02          0.15350E+00
         0.29285E+02          0.15361E+00
         0.29295E+02          0.15371E+00
         0.29305E+02          0.15382E+00
         0.29315E+02          0.15393E+00
         0.29325E+02          0.15404E+00
         0.29335E+02          0.15415E+00
         0.29345E+02          0.15426E+00
         0.29355E+02          0.15438E+00
         0.29365E+02          0.15449E+00
         0.29375E+02          0.15461E+00
         0.29385E+02          0.15472E+00
         0.29395E+02          0.15484E+00
         0.29405E+02          0.15496E+00
         0.29415E+02          0.15508E+00
         0.29425E+02          0.15520E+00
         0.29435E+02          0.15532E+00
         0.29445E+02          0.15544E+00
         0.29455E+02          0.15557E+00
         0.29465E+02          0.15569E+00
         0.29475E+02          0.15582E+00
         0.29485E+02          0.15595E+00
         0.29495E+02          0.15609E+00
         0.29505E+02          0.15622E+00
         0.29515E+02          0.15636E+00
         0.29525E+02          0.15650E+00
         0.29535E+02          0.15665E+00
         0.29545E+02          0.15679E+00
         0.29555E+02          0.15694E+00
         0.29565E+02          0.15710E+00
         0.29575E+02          0.15726E+00
         0.29585E+02          0.15742E+00
         0.29595E+02          0.15758E+00
         0.29605E+02          0.15776E+00
         0.29615E+02          0.15793E+00
         0.29625E+02          0.15812E+00
         0.29635E+02          0.15831E+00
         0.29645E+02          0.15850E+00
         0.29655E+02          0.15871E+00
         0.29665E+02          0.15892E+00
         0.29675E+02          0.15915E+00
         0.29685E+02          0.15938E+00
         0.29695E+02          0.15963E+00
         0.29705E+02          0.15989E+00
         0.29715E+02          0.16017E+00
         0.29725E+02          0.16046E+00
         0.29735E+02          0.16078E+00
         0.29745E+02          0.16112E+00
         0.29755E+02          0.16148E+00
         0.29765E+02          0.16187E+00
         0.29775E+02          0.16230E+00
         0.29785E+02          0.16278E+00
         0.29795E+02          0.16330E+00
         0.29805E+02          0.16388E+00
         0.29815E+02          0.16452E+00
         0.29825E+02          0.16524E+00
         0.29835E+02          0.16605E+00
         0.29845E+02          0.16693E+00
         0.29855E+02          0.16780E+00
         0.29865E+02          0.16837E+00
         0.29875E+02          0.16724E+00
         0.29885E+02          0.15754E+00
         0.29895E+02          0.12947E+00
         0.29905E+02          0.14378E+00
         0.29915E+02          0.16245E+00
         0.29925E+02          0.17558E+00
         0.29935E+02          0.19124E+00
         0.29945E+02          0.22204E+00
         0.29955E+02          0.32898E+00
         0.29965E+02          0.33784E+00
         0.29975E+02          0.13391E+00
         0.29985E+02          0.13055E+00
         0.29995E+02          0.13483E+00
         0.30005E+02          0.13852E+00
         0.30015E+02          0.14134E+00
         0.30025E+02          0.14350E+00
         0.30035E+02          0.14521E+00
         0.30045E+02          0.14660E+00
         0.30055E+02          0.14774E+00
         0.30065E+02          0.14871E+00
         0.30075E+02          0.14954E+00
         0.30085E+02          0.15026E+00
         0.30095E+02          0.15089E+00
         0.30105E+02          0.15146E+00
         0.30115E+02          0.15197E+00
         0.30125E+02          0.15243E+00
         0.30135E+02          0.15285E+00
         0.30145E+02          0.15324E+00
         0.30155E+02          0.15359E+00
         0.30165E+02          0.15393E+00
         0.30175E+02          0.15424E+00
         0.30185E+02          0.15454E+00
         0.30195E+02          0.15481E+00
         0.30205E+02          0.15508E+00
         0.30215E+02          0.15533E+00
         0.30225E+02          0.15557E+00
         0.30235E+02          0.15580E+00
         0.30245E+02          0.15602E+00
         0.30255E+02          0.15623E+00
         0.30265E+02          0.15644E+00
         0.30275E+02          0.15664E+00
         0.30285E+02          0.15683E+00
         0.30295E+02          0.15702E+00
         0.30305E+02          0.15720E+00
         0.30315E+02          0.15738E+00
         0.30325E+02          0.15756E+00
         0.30335E+02          0.15773E+00
         0.30345E+02          0.15790E+00
         0.30355E+02          0.15807E+00
         0.30365E+02          0.15823E+00
         0.30375E+02          0.15839E+00
         0.30385E+02          0.15855E+00
         0.30395E+02          0.15871E+00
         0.30405E+02          0.15886E+00
         0.30415E+02          0.15902E+00
         0.30425E+02          0.15917E+00
         0.30435E+02          0.15932E+00
         0.30445E+02          0.15947E+00
         0.30455E+02          0.15962E+00
         0.30465E+02          0.15977E+00
         0.30475E+02          0.15991E+00
         0.30485E+02          0.16006E+00
         0.30495E+02          0.16020E+00
         0.30505E+02          0.16035E+00
         0.30515E+02          0.16049E+00
         0.30525E+02          0.16064E+00
         0.30535E+02          0.16078E+00
         0.30545E+02          0.16092E+00
         0.30555E+02          0.16107E+00
         0.30565E+02          0.16121E+00
         0.30575E+02          0.16135E+00
         0.30585E+02          0.16150E+00
         0.30595E+02          0.16164E+00
         0.30605E+02          0.16179E+00
         0.30615E+02          0.16194E+00
         0.30625E+02          0.16208E+00
         0.30635E+02          0.16223E+00
         0.30645E+02          0.16238E+00
         0.30655E+02          0.16253E+00
         0.30665E+02          0.16268E+00
         0.30675E+02          0.16284E+00
         0.30685E+02          0.16299E+00
         0.30695E+02          0.16315E+00
         0.30705E+02          0.16331E+00
         0.30715E+02          0.16347E+00
         0.30725E+02          0.16363E+00
         0.30735E+02          0.16379E+00
         0.30745E+02          0.16396E+00
         0.30755E+02          0.16413E+00
         0.30765E+02          0.16430E+00
         0.30775E+02          0.16447E+00
         0.30785E+02          0.16464E+00
         0.30795E+02          0.16482E+00
         0.30805E+02          0.16500E+00
         0.30815E+02          0.16519E+00
         0.30825E+02          0.16537E+00
         0.30835E+02          0.16557E+00
         0.30845E+02          0.16576E+00
         0.30855E+02          0.16596E+00
         0.30865E+02          0.16616E+00
         0.30875E+02          0.16636E+00
         0.30885E+02          0.16657E+00
         0.30895E+02          0.16679E+00
         0.30905E+02          0.16701E+00
         0.30915E+02          0.16723E+00
         0.30925E+02          0.16746E+00
         0.30935E+02          0.16770E+00
         0.30945E+02          0.16794E+00
         0.30955E+02          0.16819E+00
         0.30965E+02          0.16844E+00
         0.30975E+02          0.16871E+00
         0.30985E+02          0.16898E+00
         0.30995E+02          0.16926E+00
         0.31005E+02          0.16955E+00
         0.31015E+02          0.16984E+00
         0.31025E+02          0.17015E+00
         0.31035E+02          0.17047E+00
         0.31045E+02          0.17081E+00
         0.31055E+02          0.17115E+00
         0.31065E+02          0.17152E+00
         0.31075E+02          0.17189E+00
         0.31085E+02          0.17229E+00
         0.31095E+02          0.17270E+00
         0.31105E+02          0.17314E+00
         0.31115E+02          0.17360E+00
         0.31125E+02          0.17409E+00
         0.31135E+02          0.17461E+00
         0.31145E+02          0.17517E+00
         0.31155E+02          0.17576E+00
         0.31165E+02          0.17641E+00
         0.31175E+02          0.17711E+00
         0.31185E+02          0.17788E+00
         0.31195E+02          0.17872E+00
         0.31205E+02          0.17966E+00
         0.31215E+02          0.18069E+00
         0.31225E+02          0.18158E+00
         0.31235E+02          0.18119E+00
         0.31245E+02          0.18543E+00
         0.31255E+02          0.18834E+00
         0.31265E+02          0.19236E+00
         0.31275E+02          0.19931E+00
         0.31285E+02          0.21617E+00
         0.31295E+02          0.33114E+00
         0.31305E+02          0.14530E+00
         0.31315E+02          0.16126E+00
         0.31325E+02          0.16993E+00
         0.31335E+02          0.17502E+00
         0.31345E+02          0.17870E+00
         0.31355E+02          0.18174E+00
         0.31365E+02          0.18444E+00
         0.31375E+02          0.18694E+00
         0.31385E+02          0.18912E+00
         0.31395E+02          0.19071E+00
         0.31405E+02          0.19103E+00
         0.31415E+02          0.18878E+00
         0.31425E+02          0.18197E+00
         0.31435E+02          0.16923E+00
         0.31445E+02          0.15276E+00
         0.31455E+02          0.13860E+00
         0.31465E+02          0.13053E+00
         0.31475E+02          0.12746E+00
         0.31485E+02          0.12675E+00
         0.31495E+02          0.12742E+00
         0.31505E+02          0.13162E+00
         0.31515E+02          0.14128E+00
         0.31525E+02          0.15164E+00
         0.31535E+02          0.15904E+00
         0.31545E+02          0.16407E+00
         0.31555E+02          0.16788E+00
         0.31565E+02          0.17111E+00
         0.31575E+02          0.17408E+00
         0.31585E+02          0.17694E+00
         0.31595E+02          0.17977E+00
         0.31605E+02          0.18259E+00
         0.31615E+02          0.18537E+00
         0.31625E+02          0.18804E+00
         0.31635E+02          0.19047E+00
         0.31645E+02          0.19252E+00
         0.31655E+02          0.19409E+00
         0.31665E+02          0.19524E+00
         0.31675E+02          0.19559E+00
         0.31685E+02          0.19532E+00
         0.31695E+02          0.19437E+00
         0.31705E+02          0.19280E+00
         0.31715E+02          0.19072E+00
         0.31725E+02          0.18828E+00
         0.31735E+02          0.18620E+00
         0.31745E+02          0.18655E+00
         0.31755E+02          0.19016E+00
         0.31765E+02          0.19534E+00
         0.31775E+02          0.20333E+00
         0.31785E+02          0.22337E+00
         0.31795E+02          0.52372E+00
         0.31805E+02          0.15594E+00
         0.31815E+02          0.16108E+00
         0.31825E+02          0.16232E+00
         0.31835E+02          0.16426E+00
         0.31845E+02          0.16621E+00
         0.31855E+02          0.16797E+00
         0.31865E+02          0.16957E+00
         0.31875E+02          0.17106E+00
         0.31885E+02          0.17251E+00
         0.31895E+02          0.17395E+00
         0.31905E+02          0.17542E+00
         0.31915E+02          0.17695E+00
         0.31925E+02          0.17857E+00
         0.31935E+02          0.18030E+00
         0.31945E+02          0.18219E+00
         0.31955E+02          0.18427E+00
         0.31965E+02          0.18615E+00
         0.31975E+02          0.18953E+00
         0.31985E+02          0.19278E+00
         0.31995E+02          0.19690E+00
         0.32005E+02          0.20252E+00
         0.32015E+02          0.21139E+00
         0.32025E+02          0.23043E+00
         0.32035E+02          0.30478E+00
         0.32045E+02          0.13918E+00
         0.32055E+02          0.17306E+00
         0.32065E+02          0.18627E+00
         0.32075E+02          0.19437E+00
         0.32085E+02          0.20045E+00
         0.32095E+02          0.20532E+00
         0.32105E+02          0.20908E+00
         0.32115E+02          0.21152E+00
         0.32125E+02          0.21214E+00
         0.32135E+02          0.21287E+00
         0.32145E+02          0.20857E+00
         0.32155E+02          0.20352E+00
         0.32165E+02          0.19760E+00
         0.32175E+02          0.17816E+00
         0.32185E+02          0.17476E+00
         0.32195E+02          0.17200E+00
         0.32205E+02          0.16711E+00
         0.32215E+02          0.16270E+00
         0.32225E+02          0.15901E+00
         0.32235E+02          0.15621E+00
         0.32245E+02          0.15340E+00
         0.32255E+02          0.15008E+00
         0.32265E+02          0.16511E+00
         0.32275E+02          0.15342E+00
         0.32285E+02          0.15171E+00
         0.32295E+02          0.15084E+00
         0.32305E+02          0.14962E+00
         0.32315E+02          0.13795E+00
         0.32325E+02          0.15358E+00
         0.32335E+02          0.15168E+00
         0.32345E+02          0.15058E+00
         0.32355E+02          0.12733E+00
         0.32365E+02          0.15329E+00
         0.32375E+02          0.15453E+00
         0.32385E+02          0.13474E+00
         0.32395E+02          0.15344E+00
         0.32405E+02          0.14838E+00
         0.32415E+02          0.15398E+00
         0.32425E+02          0.15622E+00
         0.32435E+02          0.14518E+00
         0.32445E+02          0.14870E+00
         0.32455E+02          0.15751E+00
         0.32465E+02          0.15479E+00
         0.32475E+02          0.12339E+00
         0.32485E+02          0.15698E+00
         0.32495E+02          0.15710E+00
         0.32505E+02          0.15735E+00
         0.32515E+02          0.15647E+00
         0.32525E+02          0.15691E+00
         0.32535E+02          0.15734E+00
         0.32545E+02          0.15778E+00
         0.32555E+02          0.15822E+00
         0.32565E+02          0.15866E+00
         0.32575E+02          0.15910E+00
         0.32585E+02          0.15954E+00
         0.32595E+02          0.15999E+00
         0.32605E+02          0.16045E+00
         0.32615E+02          0.16090E+00
         0.32625E+02          0.16136E+00
         0.32635E+02          0.16181E+00
         0.32645E+02          0.16225E+00
         0.32655E+02          0.16265E+00
         0.32665E+02          0.16293E+00
         0.32675E+02          0.16297E+00
         0.32685E+02          0.16246E+00
         0.32695E+02          0.16063E+00
         0.32705E+02          0.15610E+00
         0.32715E+02          0.14861E+00
         0.32725E+02          0.14426E+00
         0.32735E+02          0.14661E+00
         0.32745E+02          0.15087E+00
         0.32755E+02          0.15444E+00
         0.32765E+02          0.15713E+00
         0.32775E+02          0.15922E+00
         0.32785E+02          0.16093E+00
         0.32795E+02          0.16244E+00
         0.32805E+02          0.16385E+00
         0.32815E+02          0.16525E+00
         0.32825E+02          0.16673E+00
         0.32835E+02          0.16838E+00
         0.32845E+02          0.17035E+00
         0.32855E+02          0.17286E+00
         0.32865E+02          0.17637E+00
         0.32875E+02          0.18185E+00
         0.32885E+02          0.19172E+00
         0.32895E+02          0.20279E+00
         0.32905E+02          0.14399E+00
         0.32915E+02          0.15480E+00
         0.32925E+02          0.16604E+00
         0.32935E+02          0.17545E+00
         0.32945E+02          0.18297E+00
         0.32955E+02          0.18524E+00
         0.32965E+02          0.18167E+00
         0.32975E+02          0.17645E+00
         0.32985E+02          0.17241E+00
         0.32995E+02          0.16985E+00
         0.33005E+02          0.16836E+00
         0.33015E+02          0.16754E+00
         0.33025E+02          0.16713E+00
         0.33035E+02          0.16698E+00
         0.33045E+02          0.16700E+00
         0.33055E+02          0.16714E+00
         0.33065E+02          0.16738E+00
         0.33075E+02          0.16780E+00
         0.33085E+02          0.16736E+00
         0.33095E+02          0.16798E+00
         0.33105E+02          0.16838E+00
         0.33115E+02          0.16878E+00
         0.33125E+02          0.16917E+00
         0.33135E+02          0.16957E+00
         0.33145E+02          0.16998E+00
         0.33155E+02          0.17037E+00
         0.33165E+02          0.17070E+00
         0.33175E+02          0.17085E+00
         0.33185E+02          0.17041E+00
         0.33195E+02          0.16801E+00
         0.33205E+02          0.15910E+00
         0.33215E+02          0.14652E+00
         0.33225E+02          0.15363E+00
         0.33235E+02          0.16155E+00
         0.33245E+02          0.16580E+00
         0.33255E+02          0.16826E+00
         0.33265E+02          0.16986E+00
         0.33275E+02          0.17118E+00
         0.33285E+02          0.18124E+00
         0.33295E+02          0.16271E+00
         0.33305E+02          0.16272E+00
         0.33315E+02          0.16308E+00
         0.33325E+02          0.16532E+00
         0.33335E+02          0.16813E+00
         0.33345E+02          0.17083E+00
         0.33355E+02          0.17343E+00
         0.33365E+02          0.17611E+00
         0.33375E+02          0.17927E+00
         0.33385E+02          0.18374E+00
         0.33395E+02          0.18966E+00
         0.33405E+02          0.21046E+00
         0.33415E+02          0.17520E+00
         0.33425E+02          0.16056E+00
         0.33435E+02          0.17421E+00
         0.33445E+02          0.16330E+00
         0.33455E+02          0.15568E+00
         0.33465E+02          0.17083E+00
         0.33475E+02          0.16208E+00
         0.33485E+02          0.16176E+00
         0.33495E+02          0.16040E+00
         0.33505E+02          0.16234E+00
         0.33515E+02          0.16300E+00
         0.33525E+02          0.16400E+00
         0.33535E+02          0.16684E+00
         0.33545E+02          0.16913E+00
         0.33555E+02          0.17020E+00
         0.33565E+02          0.17097E+00
         0.33575E+02          0.17208E+00
         0.33585E+02          0.17376E+00
         0.33595E+02          0.39097E+00
         0.33605E+02          0.16689E+00
         0.33615E+02          0.17284E+00
         0.33625E+02          0.17539E+00
         0.33635E+02          0.17955E+00
         0.33645E+02          0.20649E+00
         0.33655E+02          0.21637E+00
         0.33665E+02          0.17184E+00
         0.33675E+02          0.19067E+00
         0.33685E+02          0.17411E+00
         0.33695E+02          0.17182E+00
         0.33705E+02          0.17171E+00
         0.33715E+02          0.17275E+00
         0.33725E+02          0.17401E+00
         0.33735E+02          0.17544E+00
         0.33745E+02          0.17711E+00
         0.33755E+02          0.18143E+00
         0.33765E+02          0.18079E+00
         0.33775E+02          0.18685E+00
         0.33785E+02          0.19828E+00
         0.33795E+02          0.22790E+00
         0.33805E+02          0.21463E+00
         0.33815E+02          0.17537E+00
         0.33825E+02          0.21619E+00
         0.33835E+02          0.28073E+00
         0.33845E+02          0.23711E+00
         0.33855E+02          0.20400E+00
         0.33865E+02          0.20169E+00
         0.33875E+02          0.19029E+00
         0.33885E+02          0.20311E+00
         0.33895E+02          0.16889E+00
         0.33905E+02          0.17735E+00
         0.33915E+02          0.17402E+00
         0.33925E+02          0.16548E+00
         0.33935E+02          0.17623E+00
         0.33945E+02          0.15152E+00
         0.33955E+02          0.15716E+00
         0.33965E+02          0.16488E+00
         0.33975E+02          0.16202E+00
         0.33985E+02          0.16879E+00
         0.33995E+02          0.38008E+00
         0.34005E+02          0.25767E+00
         0.34015E+02          0.24323E+00
         0.34025E+02          0.25659E+00
         0.34035E+02          0.16380E+00
         0.34045E+02          0.17930E+00
         0.34055E+02          0.17663E+00
         0.34065E+02          0.18770E+00
         0.34075E+02          0.18225E+00
         0.34085E+02          0.17149E+00
         0.34095E+02          0.15207E+00
         0.34105E+02          0.17365E+00
         0.34115E+02          0.17393E+00
         0.34125E+02          0.17478E+00
         0.34135E+02          0.17466E+00
         0.34145E+02          0.17622E+00
         0.34155E+02          0.17669E+00
         0.34165E+02          0.17710E+00
         0.34175E+02          0.17751E+00
         0.34185E+02          0.17774E+00
         0.34195E+02          0.17801E+00
         0.34205E+02          0.17718E+00
         0.34215E+02          0.17154E+00
         0.34225E+02          0.17661E+00
         0.34235E+02          0.17729E+00
         0.34245E+02          0.17728E+00
         0.34255E+02          0.17652E+00
         0.34265E+02          0.16918E+00
         0.34275E+02          0.17472E+00
         0.34285E+02          0.18986E+00
         0.34295E+02          0.19625E+00
         0.34305E+02          0.18628E+00
         0.34315E+02          0.18299E+00
         0.34325E+02          0.18254E+00
         0.34335E+02          0.18245E+00
         0.34355E+02          0.18254E+00
         0.34365E+02          0.18264E+00
         0.34375E+02          0.18276E+00
         0.34385E+02          0.18288E+00
         0.34395E+02          0.18300E+00
         0.34405E+02          0.18314E+00
         0.34415E+02          0.18328E+00
         0.34425E+02          0.18343E+00
         0.34435E+02          0.18360E+00
         0.34445E+02          0.18396E+00
         0.34455E+02          0.18511E+00
         0.34465E+02          0.18709E+00
         0.34475E+02          0.18767E+00
         0.34485E+02          0.18776E+00
         0.34495E+02          0.18809E+00
         0.34505E+02          0.18876E+00
         0.34515E+02          0.18991E+00
         0.34525E+02          0.19198E+00
         0.34535E+02          0.19659E+00
         0.34545E+02          0.19285E+00
         0.34555E+02          0.19660E+00
         0.34565E+02          0.18108E+00
         0.34575E+02          0.18775E+00
         0.34585E+02          0.19405E+00
         0.34595E+02          0.18713E+00
         0.34605E+02          0.18047E+00
         0.34615E+02          0.17363E+00
         0.34625E+02          0.14782E+00
         0.34635E+02          0.29533E+00
         0.34645E+02          0.20998E+00
         0.34655E+02          0.16852E+00
         0.34665E+02          0.15251E+00
         0.34675E+02          0.15457E+00
         0.34685E+02          0.16326E+00
         0.34695E+02          0.16781E+00
         0.34705E+02          0.17040E+00
         0.34715E+02          0.17247E+00
         0.34725E+02          0.16768E+00
         0.34735E+02          0.17157E+00
         0.34745E+02          0.20188E+00
         0.34755E+02          0.18113E+00
         0.34765E+02          0.17921E+00
         0.34775E+02          0.17907E+00
         0.34785E+02          0.17932E+00
         0.34795E+02          0.17968E+00
         0.34805E+02          0.18009E+00
         0.34815E+02          0.18060E+00
         0.34825E+02          0.18299E+00
         0.34835E+02          0.17741E+00
         0.34845E+02          0.19274E+00
         0.34855E+02          0.17758E+00
         0.34865E+02          0.17362E+00
         0.34875E+02          0.16359E+00
         0.34885E+02          0.21094E+00
         0.34895E+02          0.19647E+00
         0.34905E+02          0.18170E+00
         0.34915E+02          0.14920E+00
         0.34925E+02          0.28076E+00
         0.34935E+02          0.16671E+00
         0.34945E+02          0.18776E+00
         0.34955E+02          0.19305E+00
         0.34965E+02          0.19467E+00
         0.34975E+02          0.18721E+00
         0.34985E+02          0.19415E+00
         0.34995E+02          0.19415E+00
         0.35005E+02          0.19382E+00
         0.35015E+02          0.19302E+00
         0.35025E+02          0.19183E+00
         0.35035E+02          0.19527E+00
         0.35045E+02          0.18434E+00
         0.35055E+02          0.21560E+00
         0.35065E+02          0.19125E+00
         0.35075E+02          0.16689E+00
         0.35085E+02          0.24922E+00
         0.35095E+02          0.19928E+00
         0.35105E+02          0.20212E+00
         0.35115E+02          0.19931E+00
         0.35125E+02          0.19829E+00
         0.35135E+02          0.19817E+00
         0.35145E+02          0.20137E+00
         0.35155E+02          0.17603E+00
         0.35165E+02          0.20192E+00
         0.35175E+02          0.13710E+00
         0.35185E+02          0.22967E+00
         0.35195E+02          0.20908E+00
         0.35205E+02          0.19604E+00
         0.35215E+02          0.18194E+00
         0.35225E+02          0.19056E+00
         0.35235E+02          0.22309E+00
         0.35245E+02          0.16752E+00
         0.35255E+02          0.18927E+00
         0.35265E+02          0.19502E+00
         0.35275E+02          0.19810E+00
         0.35285E+02          0.21851E+00
         0.35295E+02          0.18175E+00
         0.35305E+02          0.20552E+00
         0.35315E+02          0.19327E+00
         0.35325E+02          0.19958E+00
         0.35335E+02          0.21319E+00
         0.35345E+02          0.20100E+00
         0.35355E+02          0.19432E+00
         0.35365E+02          0.20239E+00
         0.35375E+02          0.20191E+00
         0.35385E+02          0.20231E+00
         0.35395E+02          0.20205E+00
         0.35405E+02          0.18661E+00
         0.35415E+02          0.19234E+00
         0.35425E+02          0.20253E+00
         0.35435E+02          0.21892E+00
         0.35445E+02          0.21728E+00
         0.35455E+02          0.19092E+00
         0.35465E+02          0.19137E+00
         0.35475E+02          0.19216E+00
         0.35485E+02          0.19017E+00
         0.35495E+02          0.19178E+00
         0.35505E+02          0.19188E+00
         0.35515E+02          0.19199E+00
         0.35525E+02          0.19228E+00
         0.35535E+02          0.19267E+00
         0.35545E+02          0.18925E+00
         0.35555E+02          0.18785E+00
         0.35565E+02          0.19013E+00
         0.35575E+02          0.19019E+00
         0.35585E+02          0.18912E+00
         0.35595E+02          0.19003E+00
         0.35605E+02          0.19207E+00
         0.35615E+02          0.19376E+00
         0.35625E+02          0.19550E+00
         0.35635E+02          0.18439E+00
         0.35645E+02          0.19274E+00
         0.35655E+02          0.19242E+00
         0.35665E+02          0.19349E+00
         0.35675E+02          0.19440E+00
         0.35685E+02          0.19569E+00
         0.35695E+02          0.19146E+00
         0.35705E+02          0.19349E+00
         0.35715E+02          0.19459E+00
         0.35725E+02          0.19600E+00
         0.35735E+02          0.19292E+00
         0.35745E+02          0.19544E+00
         0.35755E+02          0.18660E+00
         0.35765E+02          0.19368E+00
         0.35775E+02          0.19606E+00
         0.35785E+02          0.19414E+00
         0.35795E+02          0.19028E+00
         0.35805E+02          0.19477E+00
         0.35815E+02          0.19496E+00
         0.35825E+02          0.18280E+00
         0.35835E+02          0.19474E+00
         0.35845E+02          0.19469E+00
         0.35855E+02          0.19272E+00
         0.35865E+02          0.19462E+00
         0.35875E+02          0.19462E+00
         0.35885E+02          0.19219E+00
         0.35895E+02          0.19294E+00
         0.35905E+02          0.19363E+00
         0.35915E+02          0.19453E+00
         0.35925E+02          0.19468E+00
         0.35935E+02          0.19516E+00
         0.35945E+02          0.19698E+00
         0.35955E+02          0.19540E+00
         0.35965E+02          0.19772E+00
         0.35975E+02          0.19593E+00
         0.35985E+02          0.19615E+00
         0.35995E+02          0.19631E+00
         0.36005E+02          0.19625E+00
         0.36015E+02          0.19543E+00
         0.36025E+02          0.19558E+00
         0.36035E+02          0.19577E+00
         0.36045E+02          0.19602E+00
         0.36055E+02          0.19641E+00
         0.36065E+02          0.19725E+00
         0.36075E+02          0.19698E+00
         0.36085E+02          0.19623E+00
         0.36095E+02          0.19611E+00
         0.36105E+02          0.19617E+00
         0.36115E+02          0.19656E+00
         0.36125E+02          0.19713E+00
         0.36135E+02          0.19722E+00
         0.36145E+02          0.19751E+00
         0.36155E+02          0.19813E+00
         0.36165E+02          0.19961E+00
         0.36175E+02          0.20534E+00
         0.36185E+02          0.19318E+00
         0.36195E+02          0.19276E+00
         0.36205E+02          0.19389E+00
         0.36215E+02          0.19443E+00
         0.36225E+02          0.19471E+00
         0.36235E+02          0.19479E+00
         0.36245E+02          0.19489E+00
         0.36255E+02          0.19484E+00
         0.36265E+02          0.19533E+00
         0.36275E+02          0.19563E+00
         0.36285E+02          0.19570E+00
         0.36295E+02          0.19575E+00
         0.36305E+02          0.19579E+00
         0.36315E+02          0.19584E+00
         0.36325E+02          0.19589E+00
         0.36335E+02          0.19593E+00
         0.36345E+02          0.19324E+00
         0.36355E+02          0.19608E+00
         0.36365E+02          0.19619E+00
         0.36375E+02          0.19667E+00
         0.36385E+02          0.19683E+00
         0.36395E+02          0.19923E+00
         0.36405E+02          0.19614E+00
         0.36415E+02          0.19661E+00
         0.36425E+02          0.20137E+00
         0.36435E+02          0.19851E+00
         0.36445E+02          0.19897E+00
         0.36455E+02          0.20313E+00
         0.36465E+02          0.18727E+00
         0.36475E+02          0.18917E+00
         0.36485E+02          0.19143E+00
         0.36495E+02          0.19152E+00
         0.36505E+02          0.19021E+00
         0.36515E+02          0.18880E+00
         0.36525E+02          0.18642E+00
         0.16535E+02          0.00000E+00
