         0.74532E+02          0.00000E+00
         0.74487E+02          0.00000E+00
         0.74442E+02          0.00000E+00
         0.74398E+02          0.00000E+00
         0.74353E+02          0.00000E+00
         0.74308E+02          0.00000E+00
         0.74264E+02          0.00000E+00
         0.74220E+02          0.00000E+00
         0.74175E+02          0.00000E+00
         0.74131E+02          0.00000E+00
         0.74086E+02          0.00000E+00
         0.74042E+02          0.00000E+00
         0.73998E+02          0.00000E+00
         0.73954E+02          0.00000E+00
         0.73910E+02          0.00000E+00
         0.73866E+02          0.00000E+00
         0.73822E+02          0.00000E+00
         0.73778E+02          0.00000E+00
         0.73734E+02          0.00000E+00
         0.73690E+02          0.00000E+00
         0.73646E+02          0.00000E+00
         0.73603E+02          0.00000E+00
         0.73559E+02          0.00000E+00
         0.73515E+02          0.00000E+00
         0.73472E+02          0.00000E+00
         0.73428E+02          0.00000E+00
         0.73385E+02          0.00000E+00
         0.73341E+02          0.00000E+00
         0.73298E+02          0.00000E+00
         0.73255E+02          0.00000E+00
         0.73212E+02          0.00000E+00
         0.73168E+02          0.00000E+00
         0.73125E+02          0.00000E+00
         0.73082E+02          0.00000E+00
         0.73039E+02          0.00000E+00
         0.72996E+02          0.00000E+00
         0.72953E+02          0.00000E+00
         0.72910E+02          0.00000E+00
         0.72867E+02          0.00000E+00
         0.72824E+02          0.00000E+00
         0.72782E+02          0.00000E+00
         0.72739E+02          0.00000E+00
         0.72696E+02          0.00000E+00
         0.72654E+02          0.00000E+00
         0.72611E+02          0.00000E+00
         0.72569E+02          0.00000E+00
         0.72526E+02          0.00000E+00
         0.72484E+02          0.00000E+00
         0.72442E+02          0.00000E+00
         0.72399E+02          0.00000E+00
         0.72357E+02          0.00000E+00
         0.72315E+02          0.00000E+00
         0.72273E+02          0.00000E+00
         0.72231E+02          0.00000E+00
         0.72188E+02          0.00000E+00
         0.72146E+02          0.00000E+00
         0.72105E+02          0.00000E+00
         0.72063E+02          0.00000E+00
         0.72021E+02          0.00000E+00
         0.71979E+02          0.00000E+00
         0.71937E+02          0.00000E+00
         0.71895E+02          0.00000E+00
         0.71854E+02          0.00000E+00
         0.71812E+02          0.00000E+00
         0.71771E+02          0.00000E+00
         0.71729E+02          0.00000E+00
         0.71688E+02          0.00000E+00
         0.71646E+02          0.00000E+00
         0.71605E+02          0.00000E+00
         0.71563E+02          0.00000E+00
         0.71522E+02          0.00000E+00
         0.71481E+02          0.00000E+00
         0.71440E+02          0.00000E+00
         0.71399E+02          0.00000E+00
         0.71358E+02          0.00000E+00
         0.71316E+02          0.00000E+00
         0.71275E+02          0.00000E+00
         0.71235E+02          0.00000E+00
         0.71194E+02          0.00000E+00
         0.71153E+02          0.00000E+00
         0.71112E+02          0.00000E+00
         0.71071E+02          0.00000E+00
         0.71030E+02          0.00000E+00
         0.70990E+02          0.00000E+00
         0.70949E+02          0.00000E+00
         0.70909E+02          0.00000E+00
         0.70868E+02          0.00000E+00
         0.70828E+02          0.00000E+00
         0.70787E+02          0.00000E+00
         0.70747E+02          0.00000E+00
         0.70706E+02          0.00000E+00
         0.70666E+02          0.00000E+00
         0.70626E+02          0.00000E+00
         0.70586E+02          0.00000E+00
         0.70545E+02          0.00000E+00
         0.70505E+02          0.00000E+00
         0.70465E+02          0.00000E+00
         0.70425E+02          0.00000E+00
         0.70385E+02          0.00000E+00
         0.70345E+02          0.00000E+00
         0.70305E+02          0.00000E+00
         0.70266E+02          0.00000E+00
         0.70226E+02          0.00000E+00
         0.70186E+02          0.00000E+00
         0.70146E+02          0.00000E+00
         0.70107E+02          0.00000E+00
         0.70067E+02          0.00000E+00
         0.70028E+02          0.00000E+00
         0.69988E+02          0.00000E+00
         0.69948E+02          0.00000E+00
         0.69909E+02          0.00000E+00
         0.69870E+02          0.00000E+00
         0.69830E+02          0.00000E+00
         0.69791E+02          0.00000E+00
         0.69752E+02          0.00000E+00
         0.69713E+02          0.00000E+00
         0.69673E+02          0.00000E+00
         0.69634E+02          0.00000E+00
         0.69595E+02          0.00000E+00
         0.69556E+02          0.00000E+00
         0.69517E+02          0.00000E+00
         0.69478E+02          0.00000E+00
         0.69439E+02          0.00000E+00
         0.69400E+02          0.00000E+00
         0.69362E+02          0.00000E+00
         0.69323E+02          0.00000E+00
         0.69284E+02          0.00000E+00
         0.69245E+02          0.00000E+00
         0.69207E+02          0.00000E+00
         0.69168E+02          0.00000E+00
         0.69129E+02          0.00000E+00
         0.69091E+02          0.00000E+00
         0.69052E+02          0.00000E+00
         0.69014E+02          0.00000E+00
         0.68976E+02          0.00000E+00
         0.68937E+02          0.00000E+00
         0.68899E+02          0.00000E+00
         0.68861E+02          0.00000E+00
         0.68822E+02          0.00000E+00
         0.68784E+02          0.00000E+00
         0.68746E+02          0.00000E+00
         0.68708E+02          0.00000E+00
         0.68670E+02          0.00000E+00
         0.68632E+02          0.00000E+00
         0.68594E+02          0.00000E+00
         0.68556E+02          0.00000E+00
         0.68518E+02          0.00000E+00
         0.68480E+02          0.00000E+00
         0.68443E+02          0.00000E+00
         0.68405E+02          0.00000E+00
         0.68367E+02          0.00000E+00
         0.68329E+02          0.00000E+00
         0.68292E+02          0.00000E+00
         0.68254E+02          0.00000E+00
         0.68217E+02          0.00000E+00
         0.68179E+02          0.00000E+00
         0.68142E+02          0.00000E+00
         0.68104E+02          0.00000E+00
         0.68067E+02          0.00000E+00
         0.68029E+02          0.00000E+00
         0.67992E+02          0.00000E+00
         0.67955E+02          0.00000E+00
         0.67918E+02          0.00000E+00
         0.67880E+02          0.00000E+00
         0.67843E+02          0.00000E+00
         0.67806E+02          0.00000E+00
         0.67769E+02          0.00000E+00
         0.67732E+02          0.00000E+00
         0.67695E+02          0.00000E+00
         0.67658E+02          0.00000E+00
         0.67621E+02          0.00000E+00
         0.67584E+02          0.00000E+00
         0.67548E+02          0.00000E+00
         0.67511E+02          0.00000E+00
         0.67474E+02          0.00000E+00
         0.67437E+02          0.00000E+00
         0.67401E+02          0.00000E+00
         0.67364E+02          0.00000E+00
         0.67328E+02          0.00000E+00
         0.67291E+02          0.00000E+00
         0.67255E+02          0.00000E+00
         0.67218E+02          0.00000E+00
         0.67182E+02          0.00000E+00
         0.67145E+02          0.00000E+00
         0.67109E+02          0.00000E+00
         0.67073E+02          0.00000E+00
         0.67036E+02          0.00000E+00
         0.67000E+02          0.00000E+00
         0.66964E+02          0.00000E+00
         0.66928E+02          0.00000E+00
         0.66892E+02          0.00000E+00
         0.66856E+02          0.00000E+00
         0.66820E+02          0.00000E+00
         0.66784E+02          0.00000E+00
         0.66748E+02          0.00000E+00
         0.66712E+02          0.00000E+00
         0.66676E+02          0.00000E+00
         0.66640E+02          0.00000E+00
         0.66604E+02          0.00000E+00
         0.66568E+02          0.00000E+00
         0.66533E+02          0.00000E+00
         0.66497E+02          0.00000E+00
         0.66461E+02          0.00000E+00
         0.66426E+02          0.00000E+00
         0.66390E+02          0.00000E+00
         0.66355E+02          0.00000E+00
         0.66319E+02          0.00000E+00
         0.66284E+02          0.00000E+00
         0.66248E+02          0.00000E+00
         0.66213E+02          0.00000E+00
         0.66178E+02          0.00000E+00
         0.66142E+02          0.00000E+00
         0.66107E+02          0.00000E+00
         0.66072E+02          0.00000E+00
         0.66037E+02          0.00000E+00
         0.66001E+02          0.00000E+00
         0.65966E+02          0.00000E+00
         0.65931E+02          0.00000E+00
         0.65896E+02          0.00000E+00
         0.65861E+02          0.00000E+00
         0.65826E+02          0.00000E+00
         0.65791E+02          0.00000E+00
         0.65756E+02          0.00000E+00
         0.65722E+02          0.00000E+00
         0.65687E+02          0.00000E+00
         0.65652E+02          0.00000E+00
         0.65617E+02          0.00000E+00
         0.65582E+02          0.00000E+00
         0.65548E+02          0.00000E+00
         0.65513E+02          0.00000E+00
         0.65479E+02          0.00000E+00
         0.65444E+02          0.00000E+00
         0.65410E+02          0.00000E+00
         0.65375E+02          0.00000E+00
         0.65341E+02          0.00000E+00
         0.65306E+02          0.00000E+00
         0.65272E+02          0.00000E+00
         0.65237E+02          0.00000E+00
         0.65203E+02          0.00000E+00
         0.65169E+02          0.00000E+00
         0.65135E+02          0.00000E+00
         0.65100E+02          0.00000E+00
         0.65066E+02          0.00000E+00
         0.65032E+02          0.00000E+00
         0.64998E+02          0.00000E+00
         0.64964E+02          0.00000E+00
         0.64930E+02          0.00000E+00
         0.64896E+02          0.00000E+00
         0.64862E+02          0.00000E+00
         0.64828E+02          0.00000E+00
         0.64794E+02          0.00000E+00
         0.64760E+02          0.00000E+00
         0.64727E+02          0.00000E+00
         0.64693E+02          0.00000E+00
         0.64659E+02          0.00000E+00
         0.64625E+02          0.00000E+00
         0.64592E+02          0.00000E+00
         0.64558E+02          0.00000E+00
         0.64524E+02          0.00000E+00
         0.64491E+02          0.00000E+00
         0.64457E+02          0.00000E+00
         0.64424E+02          0.00000E+00
         0.64390E+02          0.00000E+00
         0.64357E+02          0.00000E+00
         0.64324E+02          0.00000E+00
         0.64290E+02          0.00000E+00
         0.64257E+02          0.00000E+00
         0.64224E+02          0.00000E+00
         0.64190E+02          0.00000E+00
         0.64157E+02          0.00000E+00
         0.64124E+02          0.00000E+00
         0.64091E+02          0.00000E+00
         0.64058E+02          0.00000E+00
         0.64025E+02          0.00000E+00
         0.63992E+02          0.00000E+00
         0.63959E+02          0.00000E+00
         0.63926E+02          0.00000E+00
         0.63893E+02          0.00000E+00
         0.63860E+02          0.00000E+00
         0.63827E+02          0.00000E+00
         0.63794E+02          0.00000E+00
         0.63761E+02          0.00000E+00
         0.63728E+02          0.00000E+00
         0.63696E+02          0.00000E+00
         0.63663E+02          0.00000E+00
         0.63630E+02          0.00000E+00
         0.63598E+02          0.00000E+00
         0.63565E+02          0.00000E+00
         0.63533E+02          0.00000E+00
         0.63500E+02          0.00000E+00
         0.63467E+02          0.00000E+00
         0.63435E+02          0.00000E+00
         0.63403E+02          0.00000E+00
         0.63370E+02          0.00000E+00
         0.63338E+02          0.00000E+00
         0.63305E+02          0.00000E+00
         0.63273E+02          0.00000E+00
         0.63241E+02          0.00000E+00
         0.63209E+02          0.00000E+00
         0.63176E+02          0.00000E+00
         0.63144E+02          0.00000E+00
         0.63112E+02          0.00000E+00
         0.63080E+02          0.00000E+00
         0.63048E+02          0.00000E+00
         0.63016E+02          0.00000E+00
         0.62984E+02          0.00000E+00
         0.62952E+02          0.00000E+00
         0.62920E+02          0.00000E+00
         0.62888E+02          0.00000E+00
         0.62856E+02          0.00000E+00
         0.62824E+02          0.00000E+00
         0.62792E+02          0.00000E+00
         0.62761E+02          0.00000E+00
         0.62729E+02          0.00000E+00
         0.62697E+02          0.00000E+00
         0.62666E+02          0.00000E+00
         0.62634E+02          0.00000E+00
         0.62602E+02          0.00000E+00
         0.62571E+02          0.00000E+00
         0.62539E+02          0.00000E+00
         0.62508E+02          0.00000E+00
         0.62476E+02          0.00000E+00
         0.62445E+02          0.00000E+00
         0.62413E+02          0.00000E+00
         0.62382E+02          0.00000E+00
         0.62350E+02          0.00000E+00
         0.62319E+02          0.00000E+00
         0.62288E+02          0.00000E+00
         0.62256E+02          0.00000E+00
         0.62225E+02          0.00000E+00
         0.62194E+02          0.00000E+00
         0.62163E+02          0.00000E+00
         0.62132E+02          0.00000E+00
         0.62101E+02          0.00000E+00
         0.62069E+02          0.00000E+00
         0.62038E+02          0.00000E+00
         0.62007E+02          0.00000E+00
         0.61976E+02          0.00000E+00
         0.61945E+02          0.00000E+00
         0.61914E+02          0.00000E+00
         0.61884E+02          0.00000E+00
         0.61853E+02          0.00000E+00
         0.61822E+02          0.00000E+00
         0.61791E+02          0.00000E+00
         0.61760E+02          0.00000E+00
         0.61730E+02          0.00000E+00
         0.61699E+02          0.00000E+00
         0.61668E+02          0.00000E+00
         0.61637E+02          0.00000E+00
         0.61607E+02          0.00000E+00
         0.61576E+02          0.00000E+00
         0.61546E+02          0.00000E+00
         0.61515E+02          0.00000E+00
         0.61485E+02          0.00000E+00
         0.61454E+02          0.00000E+00
         0.61424E+02          0.00000E+00
         0.61393E+02          0.00000E+00
         0.61363E+02          0.00000E+00
         0.61333E+02          0.00000E+00
         0.61302E+02          0.00000E+00
         0.61272E+02          0.00000E+00
         0.61242E+02          0.00000E+00
         0.61211E+02          0.00000E+00
         0.61181E+02          0.00000E+00
         0.61151E+02          0.00000E+00
         0.61121E+02          0.00000E+00
         0.61091E+02          0.00000E+00
         0.61061E+02          0.00000E+00
         0.61031E+02          0.00000E+00
         0.61001E+02          0.00000E+00
         0.60971E+02          0.00000E+00
         0.60941E+02          0.00000E+00
         0.60911E+02          0.00000E+00
         0.60881E+02          0.00000E+00
         0.60851E+02          0.00000E+00
         0.60821E+02          0.00000E+00
         0.60791E+02          0.00000E+00
         0.60761E+02          0.00000E+00
         0.60732E+02          0.00000E+00
         0.60702E+02          0.00000E+00
         0.60672E+02          0.00000E+00
         0.60643E+02          0.00000E+00
         0.60613E+02          0.00000E+00
         0.60583E+02          0.00000E+00
         0.60554E+02          0.00000E+00
         0.60524E+02          0.00000E+00
         0.60495E+02          0.00000E+00
         0.60465E+02          0.00000E+00
         0.60436E+02          0.00000E+00
         0.60406E+02          0.00000E+00
         0.60377E+02          0.00000E+00
         0.60347E+02          0.00000E+00
         0.60318E+02          0.00000E+00
         0.60289E+02          0.00000E+00
         0.60259E+02          0.00000E+00
         0.60230E+02          0.00000E+00
         0.60201E+02          0.00000E+00
         0.60172E+02          0.00000E+00
         0.60142E+02          0.00000E+00
         0.60113E+02          0.00000E+00
         0.60084E+02          0.00000E+00
         0.60055E+02          0.00000E+00
         0.60026E+02          0.00000E+00
         0.59997E+02          0.00000E+00
         0.59968E+02          0.00000E+00
         0.59939E+02          0.00000E+00
         0.59910E+02          0.00000E+00
         0.59881E+02          0.00000E+00
         0.59852E+02          0.00000E+00
         0.59823E+02          0.00000E+00
         0.59794E+02          0.00000E+00
         0.59766E+02          0.00000E+00
         0.59737E+02          0.00000E+00
         0.59708E+02          0.00000E+00
         0.59679E+02          0.00000E+00
         0.59651E+02          0.00000E+00
         0.59622E+02          0.00000E+00
         0.59593E+02          0.00000E+00
         0.59565E+02          0.00000E+00
         0.59536E+02          0.00000E+00
         0.59507E+02          0.00000E+00
         0.59479E+02          0.00000E+00
         0.59450E+02          0.00000E+00
         0.59422E+02          0.00000E+00
         0.59393E+02          0.00000E+00
         0.59365E+02          0.00000E+00
         0.59337E+02          0.00000E+00
         0.59308E+02          0.00000E+00
         0.59280E+02          0.00000E+00
         0.59251E+02          0.00000E+00
         0.59223E+02          0.00000E+00
         0.59195E+02          0.00000E+00
         0.59167E+02          0.00000E+00
         0.59138E+02          0.00000E+00
         0.59110E+02          0.00000E+00
         0.59082E+02          0.00000E+00
         0.59054E+02          0.00000E+00
         0.59026E+02          0.00000E+00
         0.58998E+02          0.00000E+00
         0.58970E+02          0.00000E+00
         0.58942E+02          0.00000E+00
         0.58914E+02          0.00000E+00
         0.58886E+02          0.00000E+00
         0.58858E+02          0.00000E+00
         0.58830E+02          0.00000E+00
         0.58802E+02          0.00000E+00
         0.58774E+02          0.00000E+00
         0.58746E+02          0.00000E+00
         0.58718E+02          0.00000E+00
         0.58691E+02          0.00000E+00
         0.58663E+02          0.00000E+00
         0.58635E+02          0.00000E+00
         0.58607E+02          0.00000E+00
         0.58580E+02          0.00000E+00
         0.58552E+02          0.00000E+00
         0.58524E+02          0.00000E+00
         0.58497E+02          0.00000E+00
         0.58469E+02          0.00000E+00
         0.58442E+02          0.00000E+00
         0.58414E+02          0.00000E+00
         0.58386E+02          0.00000E+00
         0.58359E+02          0.00000E+00
         0.58332E+02          0.00000E+00
         0.58304E+02          0.00000E+00
         0.58277E+02          0.00000E+00
         0.58249E+02          0.00000E+00
         0.58222E+02          0.00000E+00
         0.58195E+02          0.00000E+00
         0.58167E+02          0.00000E+00
         0.58140E+02          0.00000E+00
         0.58113E+02          0.00000E+00
         0.58086E+02          0.00000E+00
         0.58058E+02          0.00000E+00
         0.58031E+02          0.00000E+00
         0.58004E+02          0.00000E+00
         0.57977E+02          0.00000E+00
         0.57950E+02          0.00000E+00
         0.57923E+02          0.00000E+00
         0.57896E+02          0.00000E+00
         0.57869E+02          0.00000E+00
         0.57842E+02          0.00000E+00
         0.57815E+02          0.00000E+00
         0.57788E+02          0.00000E+00
         0.57761E+02          0.00000E+00
         0.57734E+02          0.00000E+00
         0.57707E+02          0.00000E+00
         0.57680E+02          0.00000E+00
         0.57653E+02          0.00000E+00
         0.57627E+02          0.00000E+00
         0.57600E+02          0.00000E+00
         0.57573E+02          0.00000E+00
         0.57546E+02          0.00000E+00
         0.57520E+02          0.00000E+00
         0.57493E+02          0.00000E+00
         0.57466E+02          0.00000E+00
         0.57440E+02          0.00000E+00
         0.57413E+02          0.00000E+00
         0.57387E+02          0.00000E+00
         0.57360E+02          0.00000E+00
         0.57334E+02          0.00000E+00
         0.57307E+02          0.00000E+00
         0.57281E+02          0.00000E+00
         0.57254E+02          0.00000E+00
         0.57228E+02          0.00000E+00
         0.57201E+02          0.00000E+00
         0.57175E+02          0.00000E+00
         0.57149E+02          0.00000E+00
         0.57122E+02          0.00000E+00
         0.57096E+02          0.00000E+00
         0.57070E+02          0.00000E+00
         0.57043E+02          0.00000E+00
         0.57017E+02          0.00000E+00
         0.56991E+02          0.00000E+00
         0.56965E+02          0.00000E+00
         0.56939E+02          0.00000E+00
         0.56912E+02          0.00000E+00
         0.56886E+02          0.00000E+00
         0.56860E+02          0.00000E+00
         0.56834E+02          0.00000E+00
         0.56808E+02          0.00000E+00
         0.56782E+02          0.00000E+00
         0.56756E+02          0.00000E+00
         0.56730E+02          0.00000E+00
         0.56704E+02          0.00000E+00
         0.56678E+02          0.00000E+00
         0.56652E+02          0.00000E+00
         0.56626E+02          0.00000E+00
         0.56601E+02          0.00000E+00
         0.56575E+02          0.00000E+00
         0.56549E+02          0.00000E+00
         0.56523E+02          0.00000E+00
         0.56497E+02          0.00000E+00
         0.56472E+02          0.00000E+00
         0.56446E+02          0.00000E+00
         0.56420E+02          0.00000E+00
         0.56395E+02          0.00000E+00
         0.56369E+02          0.00000E+00
         0.56343E+02          0.00000E+00
         0.56318E+02          0.00000E+00
         0.56292E+02          0.00000E+00
         0.56267E+02          0.00000E+00
         0.56241E+02          0.00000E+00
         0.56216E+02          0.00000E+00
         0.56190E+02          0.00000E+00
         0.56165E+02          0.00000E+00
         0.56139E+02          0.00000E+00
         0.56114E+02          0.00000E+00
         0.56089E+02          0.00000E+00
         0.56063E+02          0.00000E+00
         0.56038E+02          0.00000E+00
         0.56013E+02          0.00000E+00
         0.55987E+02          0.00000E+00
         0.55962E+02          0.00000E+00
         0.55937E+02          0.00000E+00
         0.55911E+02          0.00000E+00
         0.55886E+02          0.00000E+00
         0.55861E+02          0.00000E+00
         0.55836E+02          0.00000E+00
         0.55811E+02          0.00000E+00
         0.55786E+02          0.00000E+00
         0.55761E+02          0.00000E+00
         0.55736E+02          0.00000E+00
         0.55710E+02          0.00000E+00
         0.55685E+02          0.00000E+00
         0.55660E+02          0.00000E+00
         0.55635E+02          0.00000E+00
         0.55611E+02          0.00000E+00
         0.55586E+02          0.00000E+00
         0.55561E+02          0.00000E+00
         0.55536E+02          0.00000E+00
         0.55511E+02          0.00000E+00
         0.55486E+02          0.00000E+00
         0.55461E+02          0.00000E+00
         0.55436E+02          0.00000E+00
         0.55412E+02          0.00000E+00
         0.55387E+02          0.00000E+00
         0.55362E+02          0.00000E+00
         0.55338E+02          0.00000E+00
         0.55313E+02          0.00000E+00
         0.55288E+02          0.00000E+00
         0.55264E+02          0.00000E+00
         0.55239E+02          0.00000E+00
         0.55214E+02          0.00000E+00
         0.55190E+02          0.00000E+00
         0.55165E+02          0.00000E+00
         0.55141E+02          0.00000E+00
         0.55116E+02          0.00000E+00
         0.55092E+02          0.00000E+00
         0.55067E+02          0.00000E+00
         0.55043E+02          0.00000E+00
         0.55018E+02          0.00000E+00
         0.54994E+02          0.00000E+00
         0.54969E+02          0.00000E+00
         0.54945E+02          0.00000E+00
         0.54921E+02          0.00000E+00
         0.54896E+02          0.00000E+00
         0.54872E+02          0.00000E+00
         0.54848E+02          0.00000E+00
         0.54824E+02          0.00000E+00
         0.54799E+02          0.00000E+00
         0.54775E+02          0.00000E+00
         0.54751E+02          0.00000E+00
         0.54727E+02          0.00000E+00
         0.54703E+02          0.00000E+00
         0.54679E+02          0.00000E+00
         0.54654E+02          0.00000E+00
         0.54630E+02          0.00000E+00
         0.54606E+02          0.00000E+00
         0.54582E+02          0.00000E+00
         0.54558E+02          0.00000E+00
         0.54534E+02          0.00000E+00
         0.54510E+02          0.00000E+00
         0.54486E+02          0.00000E+00
         0.54462E+02          0.00000E+00
         0.54439E+02          0.00000E+00
         0.54415E+02          0.00000E+00
         0.54391E+02          0.00000E+00
         0.54367E+02          0.00000E+00
         0.54343E+02          0.00000E+00
         0.54319E+02          0.00000E+00
         0.54295E+02          0.00000E+00
         0.54272E+02          0.00000E+00
         0.54248E+02          0.00000E+00
         0.54224E+02          0.00000E+00
         0.54201E+02          0.00000E+00
         0.54177E+02          0.00000E+00
         0.54153E+02          0.00000E+00
         0.54130E+02          0.00000E+00
         0.54106E+02          0.00000E+00
         0.54082E+02          0.00000E+00
         0.54059E+02          0.00000E+00
         0.54035E+02          0.00000E+00
         0.54012E+02          0.00000E+00
         0.53988E+02          0.00000E+00
         0.53965E+02          0.00000E+00
         0.53941E+02          0.00000E+00
         0.53918E+02          0.00000E+00
         0.53894E+02          0.00000E+00
         0.53871E+02          0.00000E+00
         0.53847E+02          0.00000E+00
         0.53824E+02          0.00000E+00
         0.53801E+02          0.00000E+00
         0.53777E+02          0.00000E+00
         0.53754E+02          0.00000E+00
         0.53731E+02          0.00000E+00
         0.53707E+02          0.00000E+00
         0.53684E+02          0.00000E+00
         0.53661E+02          0.00000E+00
         0.53638E+02          0.00000E+00
         0.53615E+02          0.00000E+00
         0.53591E+02          0.00000E+00
         0.53568E+02          0.00000E+00
         0.53545E+02          0.00000E+00
         0.53522E+02          0.00000E+00
         0.53499E+02          0.00000E+00
         0.53476E+02          0.00000E+00
         0.53453E+02          0.00000E+00
         0.53430E+02          0.00000E+00
         0.53407E+02          0.00000E+00
         0.53384E+02          0.00000E+00
         0.53361E+02          0.00000E+00
         0.53338E+02          0.00000E+00
         0.53315E+02          0.00000E+00
         0.53292E+02          0.00000E+00
         0.53269E+02          0.00000E+00
         0.53246E+02          0.00000E+00
         0.53223E+02          0.00000E+00
         0.53200E+02          0.00000E+00
         0.53178E+02          0.00000E+00
         0.53155E+02          0.00000E+00
         0.53132E+02          0.00000E+00
         0.53109E+02          0.00000E+00
         0.53087E+02          0.00000E+00
         0.53064E+02          0.00000E+00
         0.53041E+02          0.00000E+00
         0.53018E+02          0.00000E+00
         0.52996E+02          0.00000E+00
         0.52973E+02          0.00000E+00
         0.52951E+02          0.00000E+00
         0.52928E+02          0.00000E+00
         0.52905E+02          0.00000E+00
         0.52883E+02          0.00000E+00
         0.52860E+02          0.00000E+00
         0.52838E+02          0.00000E+00
         0.52815E+02          0.00000E+00
         0.52793E+02          0.00000E+00
         0.52770E+02          0.00000E+00
         0.52748E+02          0.00000E+00
         0.52725E+02          0.00000E+00
         0.52703E+02          0.00000E+00
         0.52681E+02          0.00000E+00
         0.52658E+02          0.00000E+00
         0.52636E+02          0.00000E+00
         0.52613E+02          0.00000E+00
         0.52591E+02          0.00000E+00
         0.52569E+02          0.00000E+00
         0.52547E+02          0.00000E+00
         0.52524E+02          0.00000E+00
         0.52502E+02          0.00000E+00
         0.52480E+02          0.00000E+00
         0.52458E+02          0.00000E+00
         0.52435E+02          0.00000E+00
         0.52413E+02          0.00000E+00
         0.52391E+02          0.00000E+00
         0.52369E+02          0.00000E+00
         0.52347E+02          0.00000E+00
         0.52325E+02          0.00000E+00
         0.52303E+02          0.00000E+00
         0.52281E+02          0.00000E+00
         0.52259E+02          0.00000E+00
         0.52237E+02          0.00000E+00
         0.52215E+02          0.00000E+00
         0.52193E+02          0.00000E+00
         0.52171E+02          0.00000E+00
         0.52149E+02          0.00000E+00
         0.52127E+02          0.00000E+00
         0.52105E+02          0.00000E+00
         0.52083E+02          0.00000E+00
         0.52061E+02          0.00000E+00
         0.52039E+02          0.00000E+00
         0.52017E+02          0.00000E+00
         0.51996E+02          0.00000E+00
         0.51974E+02          0.00000E+00
         0.51952E+02          0.00000E+00
         0.51930E+02          0.00000E+00
         0.51909E+02          0.00000E+00
         0.51887E+02          0.00000E+00
         0.51865E+02          0.00000E+00
         0.51843E+02          0.00000E+00
         0.51822E+02          0.00000E+00
         0.51800E+02          0.00000E+00
         0.51779E+02          0.00000E+00
         0.51757E+02          0.00000E+00
         0.51735E+02          0.00000E+00
         0.51714E+02          0.00000E+00
         0.51692E+02          0.00000E+00
         0.51671E+02          0.00000E+00
         0.51649E+02          0.00000E+00
         0.51628E+02          0.00000E+00
         0.51606E+02          0.00000E+00
         0.51585E+02          0.00000E+00
         0.51563E+02          0.00000E+00
         0.51542E+02          0.00000E+00
         0.51520E+02          0.00000E+00
         0.51499E+02          0.00000E+00
         0.51478E+02          0.00000E+00
         0.51456E+02          0.00000E+00
         0.51435E+02          0.00000E+00
         0.51414E+02          0.00000E+00
         0.51392E+02          0.00000E+00
         0.51371E+02          0.00000E+00
         0.51350E+02          0.00000E+00
         0.51328E+02          0.00000E+00
         0.51307E+02          0.00000E+00
         0.51286E+02          0.00000E+00
         0.51265E+02          0.00000E+00
         0.51244E+02          0.00000E+00
         0.51222E+02          0.00000E+00
         0.51201E+02          0.00000E+00
         0.51180E+02          0.00000E+00
         0.51159E+02          0.00000E+00
         0.51138E+02          0.00000E+00
         0.51117E+02          0.00000E+00
         0.51096E+02          0.00000E+00
         0.51075E+02          0.00000E+00
         0.51054E+02          0.00000E+00
         0.51033E+02          0.00000E+00
         0.51012E+02          0.00000E+00
         0.50991E+02          0.00000E+00
         0.50970E+02          0.00000E+00
         0.50949E+02          0.00000E+00
         0.50928E+02          0.00000E+00
         0.50907E+02          0.00000E+00
         0.50886E+02          0.00000E+00
         0.50865E+02          0.00000E+00
         0.50844E+02          0.00000E+00
         0.50823E+02          0.00000E+00
         0.50803E+02          0.00000E+00
         0.50782E+02          0.00000E+00
         0.50761E+02          0.00000E+00
         0.50740E+02          0.00000E+00
         0.50719E+02          0.00000E+00
         0.50699E+02          0.00000E+00
         0.50678E+02          0.00000E+00
         0.50657E+02          0.00000E+00
         0.50637E+02          0.00000E+00
         0.50616E+02          0.00000E+00
         0.50595E+02          0.00000E+00
         0.50575E+02          0.00000E+00
         0.50554E+02          0.00000E+00
         0.50533E+02          0.00000E+00
         0.50513E+02          0.00000E+00
         0.50492E+02          0.00000E+00
         0.50472E+02          0.00000E+00
         0.50451E+02          0.00000E+00
         0.50431E+02          0.00000E+00
         0.50410E+02          0.00000E+00
         0.50390E+02          0.00000E+00
         0.50369E+02          0.00000E+00
         0.50349E+02          0.00000E+00
         0.50328E+02          0.00000E+00
         0.50308E+02          0.00000E+00
         0.50287E+02          0.00000E+00
         0.50267E+02          0.00000E+00
         0.50247E+02          0.00000E+00
         0.50226E+02          0.00000E+00
         0.50206E+02          0.00000E+00
         0.50186E+02          0.00000E+00
         0.50165E+02          0.00000E+00
         0.50145E+02          0.00000E+00
         0.50125E+02          0.00000E+00
         0.50105E+02          0.00000E+00
         0.50084E+02          0.00000E+00
         0.50064E+02          0.00000E+00
         0.50044E+02          0.00000E+00
         0.50024E+02          0.00000E+00
         0.50004E+02          0.00000E+00
         0.49983E+02          0.00000E+00
         0.49963E+02          0.00000E+00
         0.49943E+02          0.00000E+00
         0.49923E+02          0.00000E+00
         0.49903E+02          0.00000E+00
         0.49883E+02          0.00000E+00
         0.49863E+02          0.00000E+00
         0.49843E+02          0.00000E+00
         0.49823E+02          0.00000E+00
         0.49803E+02          0.00000E+00
         0.49783E+02          0.00000E+00
         0.49763E+02          0.00000E+00
         0.49743E+02          0.00000E+00
         0.49723E+02          0.00000E+00
         0.49703E+02          0.00000E+00
         0.49683E+02          0.00000E+00
         0.49663E+02          0.00000E+00
         0.49643E+02          0.00000E+00
         0.49623E+02          0.00000E+00
         0.49603E+02          0.00000E+00
         0.49584E+02          0.00000E+00
         0.49564E+02          0.00000E+00
         0.49544E+02          0.00000E+00
         0.49524E+02          0.00000E+00
         0.49504E+02          0.00000E+00
         0.49485E+02          0.00000E+00
         0.49465E+02          0.00000E+00
         0.49445E+02          0.00000E+00
         0.49425E+02          0.00000E+00
         0.49406E+02          0.00000E+00
         0.49386E+02          0.00000E+00
         0.49366E+02          0.00000E+00
         0.49347E+02          0.00000E+00
         0.49327E+02          0.00000E+00
         0.49307E+02          0.00000E+00
         0.49288E+02          0.00000E+00
         0.49268E+02          0.12143E-01
         0.49249E+02          0.11990E-01
         0.49229E+02          0.11906E-01
         0.49210E+02          0.11852E-01
         0.49190E+02          0.11811E-01
         0.49171E+02          0.11777E-01
         0.49151E+02          0.11745E-01
         0.49132E+02          0.11713E-01
         0.49112E+02          0.11674E-01
         0.49093E+02          0.11622E-01
         0.49073E+02          0.11527E-01
         0.49054E+02          0.11154E-01
         0.49034E+02          0.12151E-01
         0.49015E+02          0.12190E-01
         0.48996E+02          0.10530E-01
         0.48976E+02          0.10553E-01
         0.48957E+02          0.96092E-02
         0.48938E+02          0.95641E-01
         0.48918E+02          0.14805E-01
         0.48899E+02          0.50407E-01
         0.48880E+02          0.97749E-02
         0.48861E+02          0.21243E-01
         0.48841E+02          0.71378E-01
         0.48822E+02          0.16028E-01
         0.48803E+02          0.11346E-01
         0.48784E+02          0.12134E-01
         0.48764E+02          0.13327E-01
         0.48745E+02          0.13450E-01
         0.48726E+02          0.11741E-01
         0.48707E+02          0.12436E-01
         0.48688E+02          0.17555E-01
         0.48669E+02          0.10483E-01
         0.48650E+02          0.11170E-01
         0.48631E+02          0.10936E-01
         0.48612E+02          0.89750E-02
         0.48592E+02          0.86664E-02
         0.48573E+02          0.87999E-02
         0.48554E+02          0.85907E-02
         0.48535E+02          0.89880E-02
         0.48516E+02          0.10046E-01
         0.48497E+02          0.11415E-01
         0.48478E+02          0.99531E-02
         0.48460E+02          0.68411E-01
         0.48441E+02          0.12026E-01
         0.48422E+02          0.11444E-01
         0.48403E+02          0.11341E-01
         0.48384E+02          0.11387E-01
         0.48365E+02          0.11107E-01
         0.48346E+02          0.94765E-02
         0.48327E+02          0.18948E-01
         0.48308E+02          0.16382E-01
         0.48290E+02          0.17197E-01
         0.48271E+02          0.15943E-01
         0.48252E+02          0.13553E-01
         0.48233E+02          0.13561E-01
         0.48215E+02          0.14482E-01
         0.48196E+02          0.16436E-01
         0.48177E+02          0.95079E-02
         0.48158E+02          0.37264E-01
         0.48140E+02          0.99324E-02
         0.48121E+02          0.10565E-01
         0.48102E+02          0.11496E-01
         0.48084E+02          0.10354E-01
         0.48065E+02          0.12505E-01
         0.48046E+02          0.15364E-01
         0.48028E+02          0.20569E-01
         0.48009E+02          0.24162E-01
         0.47991E+02          0.50899E-01
         0.47972E+02          0.50222E-01
         0.47953E+02          0.20574E-01
         0.47935E+02          0.10471E-01
         0.47916E+02          0.13940E-01
         0.47898E+02          0.12373E-01
         0.47879E+02          0.10804E-01
         0.47861E+02          0.25690E-01
         0.47842E+02          0.16301E-01
         0.47824E+02          0.80668E-01
         0.47806E+02          0.25203E-01
         0.47787E+02          0.40296E-01
         0.47769E+02          0.12991E-01
         0.47750E+02          0.11380E-01
         0.47732E+02          0.98532E-02
         0.47714E+02          0.74718E-02
         0.47695E+02          0.14854E-01
         0.47677E+02          0.11547E-01
         0.47659E+02          0.89186E-02
         0.47640E+02          0.18245E-01
         0.47622E+02          0.13900E-01
         0.47604E+02          0.13699E-01
         0.47585E+02          0.73009E-02
         0.47567E+02          0.18230E-01
         0.47549E+02          0.14461E-01
         0.47531E+02          0.17200E-01
         0.47512E+02          0.11872E-01
         0.47494E+02          0.14395E-01
         0.47476E+02          0.12227E-01
         0.47458E+02          0.13727E-01
         0.47440E+02          0.18795E-01
         0.47422E+02          0.15231E-01
         0.47403E+02          0.10085E-01
         0.47385E+02          0.97836E-02
         0.47367E+02          0.10159E-01
         0.47349E+02          0.98394E-02
         0.47331E+02          0.94799E-02
         0.47313E+02          0.89642E-02
         0.47295E+02          0.87621E-02
         0.47277E+02          0.92542E-02
         0.47259E+02          0.10587E-01
         0.47241E+02          0.11293E-01
         0.47223E+02          0.10856E-01
         0.47205E+02          0.10722E-01
         0.47187E+02          0.10639E-01
         0.47169E+02          0.10593E-01
         0.47151E+02          0.10579E-01
         0.47133E+02          0.10601E-01
         0.47115E+02          0.10690E-01
         0.47097E+02          0.11184E-01
         0.47079E+02          0.11046E-01
         0.47062E+02          0.14400E-01
         0.47044E+02          0.76573E-02
         0.47026E+02          0.84869E-02
         0.47008E+02          0.96692E-02
         0.46990E+02          0.98606E-02
         0.46972E+02          0.58927E-02
         0.46955E+02          0.11011E-01
         0.46937E+02          0.10642E-01
         0.46919E+02          0.10513E-01
         0.46901E+02          0.10456E-01
         0.46884E+02          0.10433E-01
         0.46866E+02          0.10432E-01
         0.46848E+02          0.10452E-01
         0.46830E+02          0.10498E-01
         0.46813E+02          0.10590E-01
         0.46795E+02          0.10794E-01
         0.46777E+02          0.11058E-01
         0.46760E+02          0.27097E-01
         0.46742E+02          0.90298E-02
         0.46725E+02          0.93371E-02
         0.46707E+02          0.10138E-01
         0.46689E+02          0.96317E-02
         0.46672E+02          0.97677E-02
         0.46654E+02          0.98459E-02
         0.46637E+02          0.99067E-02
         0.46619E+02          0.99787E-02
         0.46602E+02          0.10173E-01
         0.46584E+02          0.13939E-01
         0.46567E+02          0.96427E-02
         0.46549E+02          0.10485E-01
         0.46532E+02          0.10253E-01
         0.46514E+02          0.10251E-01
         0.46497E+02          0.10363E-01
         0.46479E+02          0.10900E-01
         0.46462E+02          0.88485E-02
         0.46445E+02          0.93414E-02
         0.46427E+02          0.97854E-02
         0.46410E+02          0.99206E-02
         0.46392E+02          0.11920E-01
         0.46375E+02          0.88894E-02
         0.46358E+02          0.94017E-02
         0.46340E+02          0.91819E-02
         0.46323E+02          0.11194E-01
         0.46306E+02          0.10400E-01
         0.46288E+02          0.91235E-02
         0.46271E+02          0.99206E-02
         0.46254E+02          0.93171E-02
         0.46237E+02          0.76828E-02
         0.46219E+02          0.11548E-01
         0.46202E+02          0.77186E-02
         0.46185E+02          0.91353E-02
         0.46168E+02          0.10012E-01
         0.46151E+02          0.85625E-02
         0.46133E+02          0.89608E-02
         0.46116E+02          0.91532E-02
         0.46099E+02          0.86677E-02
         0.46082E+02          0.10136E-01
         0.46065E+02          0.97024E-02
         0.46048E+02          0.93703E-02
         0.46031E+02          0.92232E-02
         0.46014E+02          0.98472E-02
         0.45997E+02          0.95793E-02
         0.45979E+02          0.91121E-02
         0.45962E+02          0.96685E-02
         0.45945E+02          0.93457E-02
         0.45928E+02          0.96331E-02
         0.45911E+02          0.86766E-02
         0.45894E+02          0.93781E-02
         0.45877E+02          0.94397E-02
         0.45860E+02          0.92278E-02
         0.45843E+02          0.96180E-02
         0.45827E+02          0.95987E-02
         0.45810E+02          0.97383E-02
         0.45793E+02          0.95938E-02
         0.45776E+02          0.94975E-02
         0.45759E+02          0.89950E-02
         0.45742E+02          0.92340E-02
         0.45725E+02          0.93528E-02
         0.45708E+02          0.93984E-02
         0.45691E+02          0.94426E-02
         0.45675E+02          0.95006E-02
         0.45658E+02          0.95847E-02
         0.45641E+02          0.97154E-02
         0.45624E+02          0.99349E-02
         0.45607E+02          0.10345E-01
         0.45591E+02          0.11245E-01
         0.45574E+02          0.13474E-01
         0.45557E+02          0.11632E-01
         0.45540E+02          0.76293E-02
         0.45524E+02          0.95641E-02
         0.45507E+02          0.71904E-02
         0.45490E+02          0.78533E-02
         0.45474E+02          0.93693E-02
         0.45457E+02          0.92672E-02
         0.45440E+02          0.91632E-02
         0.45424E+02          0.90907E-02
         0.45407E+02          0.90380E-02
         0.45390E+02          0.89941E-02
         0.45374E+02          0.89443E-02
         0.45357E+02          0.89747E-02
         0.45341E+02          0.85474E-02
         0.45324E+02          0.90264E-02
         0.45307E+02          0.89817E-02
         0.45291E+02          0.89524E-02
         0.45274E+02          0.89244E-02
         0.45258E+02          0.88717E-02
         0.45241E+02          0.88046E-02
         0.45225E+02          0.89604E-02
         0.45208E+02          0.89247E-02
         0.45192E+02          0.88937E-02
         0.45175E+02          0.92515E-02
         0.45159E+02          0.89325E-02
         0.45142E+02          0.88958E-02
         0.45126E+02          0.88220E-02
         0.45110E+02          0.89113E-02
         0.45093E+02          0.88699E-02
         0.45077E+02          0.88791E-02
         0.45060E+02          0.88604E-02
         0.45044E+02          0.88864E-02
         0.45028E+02          0.87694E-02
         0.45011E+02          0.86641E-02
         0.44995E+02          0.88987E-02
         0.44979E+02          0.89410E-02
         0.44962E+02          0.91314E-02
         0.44946E+02          0.88233E-02
         0.44930E+02          0.88170E-02
         0.44913E+02          0.85544E-02
         0.44897E+02          0.87798E-02
         0.44881E+02          0.87859E-02
         0.44865E+02          0.87946E-02
         0.44849E+02          0.88078E-02
         0.44832E+02          0.88287E-02
         0.44816E+02          0.88635E-02
         0.44800E+02          0.89262E-02
         0.44784E+02          0.90537E-02
         0.44768E+02          0.93743E-02
         0.44751E+02          0.10529E-01
         0.44735E+02          0.98535E-02
         0.44719E+02          0.79323E-02
         0.44703E+02          0.89268E-02
         0.44687E+02          0.88094E-02
         0.44671E+02          0.87225E-02
         0.44655E+02          0.86809E-02
         0.44639E+02          0.86583E-02
         0.44623E+02          0.86445E-02
         0.44606E+02          0.86353E-02
         0.44590E+02          0.86287E-02
         0.44574E+02          0.86240E-02
         0.44558E+02          0.86207E-02
         0.44542E+02          0.86188E-02
         0.44526E+02          0.86190E-02
         0.44510E+02          0.86226E-02
         0.44494E+02          0.86351E-02
         0.44478E+02          0.86932E-02
         0.44463E+02          0.74310E-02
         0.44447E+02          0.85773E-02
         0.44431E+02          0.85888E-02
         0.44415E+02          0.86076E-02
         0.44399E+02          0.86417E-02
         0.44383E+02          0.87244E-02
         0.44367E+02          0.90418E-02
         0.44351E+02          0.11819E-01
         0.44335E+02          0.81034E-02
         0.44319E+02          0.86751E-02
         0.44304E+02          0.85746E-02
         0.44288E+02          0.85435E-02
         0.44272E+02          0.85312E-02
         0.44256E+02          0.85266E-02
         0.44240E+02          0.85276E-02
         0.44225E+02          0.85385E-02
         0.44209E+02          0.86161E-02
         0.44193E+02          0.85035E-02
         0.44177E+02          0.85084E-02
         0.44162E+02          0.85573E-02
         0.44146E+02          0.87952E-02
         0.44130E+02          0.73492E-02
         0.44114E+02          0.86202E-02
         0.44099E+02          0.85020E-02
         0.44083E+02          0.84820E-02
         0.44067E+02          0.84829E-02
         0.44052E+02          0.85224E-02
         0.44036E+02          0.84469E-02
         0.44020E+02          0.84943E-02
         0.44005E+02          0.90690E-02
         0.43989E+02          0.86491E-02
         0.43974E+02          0.84647E-02
         0.43958E+02          0.84573E-02
         0.43942E+02          0.87591E-02
         0.43927E+02          0.84595E-02
         0.43911E+02          0.10295E-01
         0.43896E+02          0.84566E-02
         0.43880E+02          0.84487E-02
         0.43865E+02          0.84174E-02
         0.43849E+02          0.67719E-02
         0.43834E+02          0.84302E-02
         0.43818E+02          0.83961E-02
         0.43803E+02          0.86115E-02
         0.43787E+02          0.84731E-02
         0.43772E+02          0.87106E-02
         0.43756E+02          0.84449E-02
         0.43741E+02          0.84151E-02
         0.43726E+02          0.84549E-02
         0.43710E+02          0.84410E-02
         0.43695E+02          0.84224E-02
         0.43679E+02          0.84403E-02
         0.43664E+02          0.88330E-02
         0.43649E+02          0.83838E-02
         0.43633E+02          0.83856E-02
         0.43618E+02          0.83838E-02
         0.43602E+02          0.83600E-02
         0.43587E+02          0.83578E-02
         0.43572E+02          0.83556E-02
         0.43557E+02          0.83536E-02
         0.43541E+02          0.83516E-02
         0.43526E+02          0.83497E-02
         0.43511E+02          0.83478E-02
         0.43495E+02          0.83460E-02
         0.43480E+02          0.83443E-02
         0.43465E+02          0.83426E-02
         0.43450E+02          0.83410E-02
         0.43434E+02          0.83395E-02
         0.43419E+02          0.83381E-02
         0.43404E+02          0.83367E-02
         0.43389E+02          0.83354E-02
         0.43374E+02          0.83341E-02
         0.43359E+02          0.83329E-02
         0.43343E+02          0.83318E-02
         0.43328E+02          0.83308E-02
         0.43313E+02          0.83298E-02
         0.43298E+02          0.83289E-02
         0.43283E+02          0.83281E-02
         0.43268E+02          0.83274E-02
         0.43253E+02          0.83267E-02
         0.43238E+02          0.83261E-02
         0.43222E+02          0.83255E-02
         0.43207E+02          0.83250E-02
         0.43192E+02          0.83246E-02
         0.43177E+02          0.83243E-02
         0.43162E+02          0.83240E-02
         0.43147E+02          0.83238E-02
         0.43132E+02          0.83237E-02
         0.43117E+02          0.83236E-02
         0.43102E+02          0.83236E-02
         0.43087E+02          0.83237E-02
         0.43072E+02          0.83238E-02
         0.43057E+02          0.83240E-02
         0.43042E+02          0.83243E-02
         0.43027E+02          0.83247E-02
         0.43013E+02          0.83251E-02
         0.42998E+02          0.83256E-02
         0.42983E+02          0.83261E-02
         0.42968E+02          0.83267E-02
         0.42953E+02          0.83274E-02
         0.42938E+02          0.83282E-02
         0.42923E+02          0.83290E-02
         0.42908E+02          0.83298E-02
         0.42894E+02          0.83308E-02
         0.42879E+02          0.83318E-02
         0.42864E+02          0.83329E-02
         0.42849E+02          0.83340E-02
         0.42834E+02          0.83352E-02
         0.42819E+02          0.83364E-02
         0.42805E+02          0.83377E-02
         0.42790E+02          0.83391E-02
         0.42775E+02          0.83405E-02
         0.42760E+02          0.83420E-02
         0.42746E+02          0.83436E-02
         0.42731E+02          0.83452E-02
         0.42716E+02          0.83468E-02
         0.42701E+02          0.83485E-02
         0.42687E+02          0.83503E-02
         0.42672E+02          0.83521E-02
         0.42657E+02          0.83540E-02
         0.42643E+02          0.83559E-02
         0.42628E+02          0.83579E-02
         0.42613E+02          0.83599E-02
         0.42599E+02          0.83619E-02
         0.42584E+02          0.83640E-02
         0.42570E+02          0.83661E-02
         0.42555E+02          0.83683E-02
         0.42540E+02          0.83705E-02
         0.42526E+02          0.83728E-02
         0.42511E+02          0.83750E-02
         0.42497E+02          0.83773E-02
         0.42482E+02          0.83797E-02
         0.42467E+02          0.83820E-02
         0.42453E+02          0.83844E-02
         0.42438E+02          0.83868E-02
         0.42424E+02          0.83892E-02
         0.42409E+02          0.83916E-02
         0.42395E+02          0.83940E-02
         0.42380E+02          0.83965E-02
         0.42366E+02          0.83989E-02
         0.42351E+02          0.84013E-02
         0.42337E+02          0.84037E-02
         0.42322E+02          0.84061E-02
         0.42308E+02          0.84085E-02
         0.42294E+02          0.84108E-02
         0.42279E+02          0.84132E-02
         0.42265E+02          0.84154E-02
         0.42250E+02          0.84177E-02
         0.42236E+02          0.84198E-02
         0.42222E+02          0.84220E-02
         0.42207E+02          0.84240E-02
         0.42193E+02          0.84260E-02
         0.42178E+02          0.84278E-02
         0.42164E+02          0.84296E-02
         0.42150E+02          0.84313E-02
         0.42135E+02          0.84328E-02
         0.42121E+02          0.84342E-02
         0.42107E+02          0.84354E-02
         0.42093E+02          0.84365E-02
         0.42078E+02          0.84374E-02
         0.42064E+02          0.84380E-02
         0.42050E+02          0.84385E-02
         0.42035E+02          0.84387E-02
         0.42021E+02          0.84386E-02
         0.42007E+02          0.84383E-02
         0.41993E+02          0.84376E-02
         0.41979E+02          0.84366E-02
         0.41964E+02          0.84351E-02
         0.41950E+02          0.84333E-02
         0.41936E+02          0.84310E-02
         0.41922E+02          0.84281E-02
         0.41908E+02          0.84247E-02
         0.41893E+02          0.84207E-02
         0.41879E+02          0.84160E-02
         0.41865E+02          0.84106E-02
         0.41851E+02          0.84043E-02
         0.41837E+02          0.83971E-02
         0.41823E+02          0.83889E-02
         0.41809E+02          0.83795E-02
         0.41795E+02          0.83689E-02
         0.41781E+02          0.83570E-02
         0.41766E+02          0.83434E-02
         0.41752E+02          0.83281E-02
         0.41738E+02          0.83108E-02
         0.41724E+02          0.82913E-02
         0.41710E+02          0.82693E-02
         0.41696E+02          0.82443E-02
         0.41682E+02          0.82160E-02
         0.41668E+02          0.81839E-02
         0.41654E+02          0.81472E-02
         0.41640E+02          0.81053E-02
         0.41626E+02          0.80571E-02
         0.41612E+02          0.80014E-02
         0.41598E+02          0.79365E-02
         0.41584E+02          0.78602E-02
         0.41570E+02          0.77694E-02
         0.41556E+02          0.76599E-02
         0.41543E+02          0.75252E-02
         0.41529E+02          0.73559E-02
         0.41515E+02          0.71399E-02
         0.41501E+02          0.68803E-02
         0.41487E+02          0.68148E-02
         0.41473E+02          0.83595E-02
         0.41459E+02          0.89218E-02
         0.41445E+02          0.82992E-02
         0.41431E+02          0.79624E-02
         0.41418E+02          0.82949E-02
         0.41404E+02          0.11442E-01
         0.41390E+02          0.38842E-01
         0.41376E+02          0.15390E+00
         0.41362E+02          0.44763E-01
         0.41349E+02          0.25205E-01
         0.41335E+02          0.19086E-01
         0.41321E+02          0.16295E-01
         0.41307E+02          0.14740E-01
         0.41293E+02          0.13763E-01
         0.41280E+02          0.13099E-01
         0.41266E+02          0.12621E-01
         0.41252E+02          0.12263E-01
         0.41239E+02          0.11986E-01
         0.41225E+02          0.11766E-01
         0.41211E+02          0.11587E-01
         0.41197E+02          0.11441E-01
         0.41184E+02          0.11318E-01
         0.41170E+02          0.11214E-01
         0.41156E+02          0.11125E-01
         0.41143E+02          0.11048E-01
         0.41129E+02          0.10981E-01
         0.41115E+02          0.10922E-01
         0.41102E+02          0.10869E-01
         0.41088E+02          0.10821E-01
         0.41075E+02          0.10778E-01
         0.41061E+02          0.10738E-01
         0.41047E+02          0.10701E-01
         0.41034E+02          0.10665E-01
         0.41020E+02          0.10631E-01
         0.41007E+02          0.10597E-01
         0.40993E+02          0.10564E-01
         0.40980E+02          0.10530E-01
         0.40966E+02          0.10495E-01
         0.40953E+02          0.10458E-01
         0.40939E+02          0.10420E-01
         0.40925E+02          0.10378E-01
         0.40912E+02          0.10333E-01
         0.40898E+02          0.10284E-01
         0.40885E+02          0.10230E-01
         0.40872E+02          0.10171E-01
         0.40858E+02          0.10105E-01
         0.40845E+02          0.10033E-01
         0.40831E+02          0.99530E-02
         0.40818E+02          0.98647E-02
         0.40804E+02          0.97675E-02
         0.40791E+02          0.96609E-02
         0.40777E+02          0.95446E-02
         0.40764E+02          0.94188E-02
         0.40751E+02          0.92836E-02
         0.40737E+02          0.91399E-02
         0.40724E+02          0.89890E-02
         0.40710E+02          0.88325E-02
         0.40697E+02          0.86729E-02
         0.40684E+02          0.85130E-02
         0.40670E+02          0.83561E-02
         0.40657E+02          0.82058E-02
         0.40644E+02          0.80657E-02
         0.40630E+02          0.79393E-02
         0.40617E+02          0.78297E-02
         0.40604E+02          0.77391E-02
         0.40591E+02          0.76692E-02
         0.40577E+02          0.76207E-02
         0.40564E+02          0.75934E-02
         0.40551E+02          0.75866E-02
         0.40537E+02          0.75986E-02
         0.40524E+02          0.76277E-02
         0.40511E+02          0.76716E-02
         0.40498E+02          0.77280E-02
         0.40484E+02          0.77948E-02
         0.40471E+02          0.78698E-02
         0.40458E+02          0.79511E-02
         0.40445E+02          0.80370E-02
         0.40432E+02          0.81262E-02
         0.40418E+02          0.82173E-02
         0.40405E+02          0.83094E-02
         0.40392E+02          0.84017E-02
         0.40379E+02          0.84936E-02
         0.40366E+02          0.85845E-02
         0.40353E+02          0.86742E-02
         0.40340E+02          0.87624E-02
         0.40326E+02          0.88488E-02
         0.40313E+02          0.89335E-02
         0.40300E+02          0.90163E-02
         0.40287E+02          0.90972E-02
         0.40274E+02          0.91763E-02
         0.40261E+02          0.92535E-02
         0.40248E+02          0.93291E-02
         0.40235E+02          0.94029E-02
         0.40222E+02          0.94752E-02
         0.40209E+02          0.95460E-02
         0.40196E+02          0.96154E-02
         0.40183E+02          0.96835E-02
         0.40170E+02          0.97505E-02
         0.40157E+02          0.98163E-02
         0.40144E+02          0.98812E-02
         0.40131E+02          0.99452E-02
         0.40118E+02          0.10008E-01
         0.40105E+02          0.10071E-01
         0.40092E+02          0.10133E-01
         0.40079E+02          0.10195E-01
         0.40066E+02          0.10256E-01
         0.40053E+02          0.10317E-01
         0.40040E+02          0.10377E-01
         0.40027E+02          0.10438E-01
         0.40014E+02          0.10499E-01
         0.40001E+02          0.10559E-01
         0.39988E+02          0.10620E-01
         0.39975E+02          0.10682E-01
         0.39963E+02          0.10743E-01
         0.39950E+02          0.10806E-01
         0.39937E+02          0.10869E-01
         0.39924E+02          0.10933E-01
         0.39911E+02          0.10998E-01
         0.39898E+02          0.11064E-01
         0.39885E+02          0.11132E-01
         0.39873E+02          0.11201E-01
         0.39860E+02          0.11272E-01
         0.39847E+02          0.11345E-01
         0.39834E+02          0.11420E-01
         0.39821E+02          0.11499E-01
         0.39809E+02          0.11581E-01
         0.39796E+02          0.11667E-01
         0.39783E+02          0.11759E-01
         0.39770E+02          0.11859E-01
         0.39757E+02          0.11972E-01
         0.39745E+02          0.12107E-01
         0.39732E+02          0.12288E-01
         0.39719E+02          0.12605E-01
         0.39707E+02          0.13586E-01
         0.39694E+02          0.16035E-01
         0.39681E+02          0.12277E-01
         0.39668E+02          0.12116E-01
         0.39656E+02          0.12103E-01
         0.39643E+02          0.12048E-01
         0.39630E+02          0.12145E-01
         0.39618E+02          0.25417E-01
         0.39605E+02          0.37030E-01
         0.39592E+02          0.20604E-01
         0.39580E+02          0.18341E-01
         0.39567E+02          0.17842E-01
         0.39555E+02          0.17999E-01
         0.39542E+02          0.18554E-01
         0.39529E+02          0.19475E-01
         0.39517E+02          0.20011E-01
         0.39504E+02          0.20691E-01
         0.39492E+02          0.22094E-01
         0.39479E+02          0.23910E-01
         0.39466E+02          0.26036E-01
         0.39454E+02          0.28212E-01
         0.39441E+02          0.29925E-01
         0.39429E+02          0.30866E-01
         0.39416E+02          0.31849E-01
         0.39404E+02          0.34712E-01
         0.39391E+02          0.41447E-01
         0.39379E+02          0.54118E-01
         0.39366E+02          0.73515E-01
         0.39354E+02          0.91270E-01
         0.39341E+02          0.88713E-01
         0.39329E+02          0.69488E-01
         0.39316E+02          0.51600E-01
         0.39304E+02          0.40133E-01
         0.39291E+02          0.33634E-01
         0.39279E+02          0.30409E-01
         0.39266E+02          0.29509E-01
         0.39254E+02          0.30566E-01
         0.39242E+02          0.33568E-01
         0.39229E+02          0.38639E-01
         0.39217E+02          0.45679E-01
         0.39204E+02          0.53790E-01
         0.39192E+02          0.60923E-01
         0.39180E+02          0.64733E-01
         0.39167E+02          0.64510E-01
         0.39155E+02          0.59993E-01
         0.39142E+02          0.54787E-01
         0.39130E+02          0.49150E-01
         0.39118E+02          0.43893E-01
         0.39105E+02          0.39309E-01
         0.39093E+02          0.35449E-01
         0.39081E+02          0.32178E-01
         0.39068E+02          0.29050E-01
         0.39056E+02          0.25475E-01
         0.39044E+02          0.22009E-01
         0.39032E+02          0.19398E-01
         0.39019E+02          0.17058E-01
         0.39007E+02          0.13526E-01
         0.38995E+02          0.23703E-01
         0.38982E+02          0.33731E-01
         0.38970E+02          0.24441E-01
         0.38958E+02          0.21797E-01
         0.38946E+02          0.20559E-01
         0.38933E+02          0.19839E-01
         0.38921E+02          0.19373E-01
         0.38909E+02          0.19055E-01
         0.38897E+02          0.18834E-01
         0.38885E+02          0.18684E-01
         0.38872E+02          0.18585E-01
         0.38860E+02          0.18527E-01
         0.38848E+02          0.18501E-01
         0.38836E+02          0.18500E-01
         0.38824E+02          0.18515E-01
         0.38812E+02          0.18536E-01
         0.38799E+02          0.18533E-01
         0.38787E+02          0.17554E-01
         0.38775E+02          0.18817E-01
         0.38763E+02          0.18729E-01
         0.38751E+02          0.18591E-01
         0.38739E+02          0.18266E-01
         0.38727E+02          0.17489E-01
         0.38715E+02          0.15405E-01
         0.38703E+02          0.10273E-01
         0.38690E+02          0.44429E-01
         0.38678E+02          0.30507E-01
         0.38666E+02          0.27921E-01
         0.38654E+02          0.26993E-01
         0.38642E+02          0.26527E-01
         0.38630E+02          0.26140E-01
         0.38618E+02          0.25619E-01
         0.38606E+02          0.24777E-01
         0.38594E+02          0.23298E-01
         0.38582E+02          0.24201E-01
         0.38570E+02          0.20366E-01
         0.38558E+02          0.17372E-01
         0.38546E+02          0.13641E-01
         0.38534E+02          0.23070E-01
         0.38522E+02          0.31859E-01
         0.38510E+02          0.18947E-01
         0.38498E+02          0.15267E-01
         0.38486E+02          0.13309E-01
         0.38474E+02          0.12058E-01
         0.38462E+02          0.11750E-01
         0.38451E+02          0.10871E-01
         0.38439E+02          0.10774E-01
         0.38427E+02          0.16888E-01
         0.38415E+02          0.10781E-01
         0.38403E+02          0.10501E-01
         0.38391E+02          0.10526E-01
         0.38379E+02          0.10533E-01
         0.38367E+02          0.11314E-01
         0.38355E+02          0.10350E-01
         0.38343E+02          0.10562E-01
         0.38332E+02          0.10630E-01
         0.38320E+02          0.11709E-01
         0.38308E+02          0.10663E-01
         0.38296E+02          0.13379E-01
         0.38284E+02          0.19468E-01
         0.38272E+02          0.11093E-01
         0.38261E+02          0.11776E-01
         0.38249E+02          0.11359E-01
         0.38237E+02          0.11068E-01
         0.38225E+02          0.13589E-01
         0.38213E+02          0.12014E-01
         0.38202E+02          0.11324E-01
         0.38190E+02          0.11837E-01
         0.38178E+02          0.13548E-01
         0.38166E+02          0.11902E-01
         0.38155E+02          0.12015E-01
         0.38143E+02          0.12138E-01
         0.38131E+02          0.12283E-01
         0.38120E+02          0.12376E-01
         0.38108E+02          0.12470E-01
         0.38096E+02          0.12566E-01
         0.38084E+02          0.12664E-01
         0.38073E+02          0.12764E-01
         0.38061E+02          0.12868E-01
         0.38049E+02          0.12976E-01
         0.38038E+02          0.13090E-01
         0.38026E+02          0.13212E-01
         0.38014E+02          0.13348E-01
         0.38003E+02          0.13503E-01
         0.37991E+02          0.13679E-01
         0.37979E+02          0.13831E-01
         0.37968E+02          0.13905E-01
         0.37956E+02          0.14013E-01
         0.37945E+02          0.14197E-01
         0.37933E+02          0.14450E-01
         0.37921E+02          0.14784E-01
         0.37910E+02          0.14932E-01
         0.37898E+02          0.14813E-01
         0.37887E+02          0.13454E-01
         0.37875E+02          0.13518E-01
         0.37863E+02          0.13623E-01
         0.37852E+02          0.13808E-01
         0.37840E+02          0.14022E-01
         0.37829E+02          0.14248E-01
         0.37817E+02          0.14488E-01
         0.37806E+02          0.14749E-01
         0.37794E+02          0.15045E-01
         0.37783E+02          0.15393E-01
         0.37771E+02          0.15828E-01
         0.37760E+02          0.16405E-01
         0.37748E+02          0.17238E-01
         0.37737E+02          0.18577E-01
         0.37725E+02          0.21067E-01
         0.37714E+02          0.26759E-01
         0.37702E+02          0.44503E-01
         0.37691E+02          0.12798E+00
         0.37679E+02          0.10082E+00
         0.37668E+02          0.37400E-01
         0.37656E+02          0.27098E-01
         0.37645E+02          0.24318E-01
         0.37634E+02          0.22676E-01
         0.37622E+02          0.20464E-01
         0.37611E+02          0.18060E-01
         0.37599E+02          0.16392E-01
         0.37588E+02          0.15536E-01
         0.37577E+02          0.15183E-01
         0.37565E+02          0.15094E-01
         0.37554E+02          0.15138E-01
         0.37542E+02          0.15249E-01
         0.37531E+02          0.15394E-01
         0.37520E+02          0.15556E-01
         0.37508E+02          0.15724E-01
         0.37497E+02          0.15894E-01
         0.37486E+02          0.16065E-01
         0.37474E+02          0.16029E-01
         0.37463E+02          0.16346E-01
         0.37452E+02          0.16528E-01
         0.37440E+02          0.16673E-01
         0.37429E+02          0.16459E-01
         0.37418E+02          0.16607E-01
         0.37406E+02          0.16745E-01
         0.37395E+02          0.16872E-01
         0.37384E+02          0.17007E-01
         0.37373E+02          0.17164E-01
         0.37361E+02          0.17365E-01
         0.37350E+02          0.17621E-01
         0.37339E+02          0.17765E-01
         0.37328E+02          0.17096E-01
         0.37316E+02          0.16217E-01
         0.37305E+02          0.16505E-01
         0.37294E+02          0.16823E-01
         0.37283E+02          0.17195E-01
         0.37272E+02          0.17728E-01
         0.37260E+02          0.18816E-01
         0.37249E+02          0.33979E-01
         0.37238E+02          0.18352E-01
         0.37227E+02          0.20069E-01
         0.37216E+02          0.20930E-01
         0.37204E+02          0.21087E-01
         0.37193E+02          0.21077E-01
         0.37182E+02          0.21184E-01
         0.37171E+02          0.21494E-01
         0.37160E+02          0.22059E-01
         0.37149E+02          0.22981E-01
         0.37138E+02          0.24641E-01
         0.37126E+02          0.27909E-01
         0.37115E+02          0.37689E-01
         0.37104E+02          0.96551E-01
         0.37093E+02          0.39343E-01
         0.37082E+02          0.31146E-01
         0.37071E+02          0.23067E-01
         0.37060E+02          0.19572E-01
         0.37049E+02          0.18746E-01
         0.37038E+02          0.17238E-01
         0.37027E+02          0.16689E-01
         0.37016E+02          0.16747E-01
         0.37005E+02          0.16351E-01
         0.36993E+02          0.16278E-01
         0.36982E+02          0.16414E-01
         0.36971E+02          0.17074E-01
         0.36960E+02          0.17619E-01
         0.36949E+02          0.18768E-01
         0.36938E+02          0.17845E-01
         0.36927E+02          0.18394E-01
         0.36916E+02          0.19723E-01
         0.36905E+02          0.17872E+00
         0.36894E+02          0.17358E-01
         0.36883E+02          0.17572E-01
         0.36872E+02          0.18981E-01
         0.36862E+02          0.21138E-01
         0.36851E+02          0.22283E-01
         0.36840E+02          0.21089E-01
         0.36829E+02          0.40808E-01
         0.36818E+02          0.24114E-01
         0.36807E+02          0.16788E-01
         0.36796E+02          0.17796E-01
         0.36785E+02          0.18137E-01
         0.36774E+02          0.18555E-01
         0.36763E+02          0.18954E-01
         0.36752E+02          0.19794E-01
         0.36741E+02          0.20671E-01
         0.36730E+02          0.22974E-01
         0.36720E+02          0.19358E-01
         0.36709E+02          0.22422E-01
         0.36698E+02          0.25279E-01
         0.36687E+02          0.33001E-01
         0.36676E+02          0.43758E-01
         0.36665E+02          0.23458E-01
         0.36654E+02          0.25196E-01
         0.36644E+02          0.22954E-01
         0.36633E+02          0.15714E-01
         0.36622E+02          0.15875E-01
         0.36611E+02          0.14914E-01
         0.36600E+02          0.15635E-01
         0.36590E+02          0.19656E-01
         0.36579E+02          0.17903E-01
         0.36568E+02          0.17524E-01
         0.36557E+02          0.18574E-01
         0.36546E+02          0.22956E-01
         0.36536E+02          0.18653E-01
         0.36525E+02          0.53652E-01
         0.36514E+02          0.21616E-01
         0.36503E+02          0.33084E-01
         0.36493E+02          0.21441E-01
         0.36482E+02          0.46050E-01
         0.36471E+02          0.65319E-01
         0.36460E+02          0.55412E-01
         0.36450E+02          0.45566E-01
         0.36439E+02          0.50167E-01
         0.36428E+02          0.42002E-01
         0.36418E+02          0.26546E-01
         0.36407E+02          0.22783E-01
         0.36396E+02          0.25653E-01
         0.36386E+02          0.27365E-01
         0.36375E+02          0.15871E-01
         0.36364E+02          0.33705E-01
         0.36354E+02          0.15351E-01
         0.36343E+02          0.14970E-01
         0.36332E+02          0.15485E-01
         0.36322E+02          0.15639E-01
         0.36311E+02          0.16783E-01
         0.36300E+02          0.16934E-01
         0.36290E+02          0.17149E-01
         0.36279E+02          0.17325E-01
         0.36268E+02          0.17481E-01
         0.36258E+02          0.17639E-01
         0.36247E+02          0.17902E-01
         0.36237E+02          0.17770E-01
         0.36226E+02          0.17964E-01
         0.36215E+02          0.18111E-01
         0.36205E+02          0.18255E-01
         0.36194E+02          0.18781E-01
         0.36184E+02          0.17878E-01
         0.36173E+02          0.16344E-01
         0.36163E+02          0.17756E-01
         0.36152E+02          0.19270E-01
         0.36142E+02          0.19172E-01
         0.36131E+02          0.19477E-01
         0.36121E+02          0.19485E-01
         0.36110E+02          0.19573E-01
         0.36089E+02          0.19743E-01
         0.36078E+02          0.19801E-01
         0.36068E+02          0.19224E-01
         0.36057E+02          0.19208E-01
         0.36047E+02          0.19409E-01
         0.36037E+02          0.19537E-01
         0.36026E+02          0.19615E-01
         0.36016E+02          0.19659E-01
         0.36005E+02          0.19697E-01
         0.35995E+02          0.19891E-01
         0.35984E+02          0.21007E-01
         0.35974E+02          0.23330E-01
         0.35963E+02          0.23976E-01
         0.35953E+02          0.23839E-01
         0.35943E+02          0.23830E-01
         0.35932E+02          0.24040E-01
         0.35922E+02          0.24486E-01
         0.35911E+02          0.25255E-01
         0.35901E+02          0.26540E-01
         0.35890E+02          0.28669E-01
         0.35880E+02          0.15348E-01
         0.35870E+02          0.19705E-01
         0.35859E+02          0.17520E-01
         0.35849E+02          0.19682E-01
         0.35839E+02          0.29389E-01
         0.35828E+02          0.33604E-01
         0.35818E+02          0.41178E-01
         0.35808E+02          0.82084E-01
         0.35797E+02          0.48246E-01
         0.35787E+02          0.31462E-01
         0.35777E+02          0.20570E-01
         0.35766E+02          0.16456E-01
         0.35756E+02          0.15075E-01
         0.35746E+02          0.15028E-01
         0.35735E+02          0.15390E-01
         0.35725E+02          0.15782E-01
         0.35715E+02          0.16222E-01
         0.35704E+02          0.15553E-01
         0.35694E+02          0.15869E-01
         0.35684E+02          0.21115E-01
         0.35674E+02          0.19393E-01
         0.35663E+02          0.18454E-01
         0.35653E+02          0.18502E-01
         0.35643E+02          0.18641E-01
         0.35633E+02          0.18822E-01
         0.35622E+02          0.19033E-01
         0.35612E+02          0.19283E-01
         0.35602E+02          0.20169E-01
         0.35592E+02          0.19605E-01
         0.35581E+02          0.22224E-01
         0.35571E+02          0.20779E-01
         0.35561E+02          0.20623E-01
         0.35551E+02          0.19771E-01
         0.35541E+02          0.22537E-01
         0.35531E+02          0.29278E-01
         0.35520E+02          0.22767E-01
         0.35510E+02          0.29585E-01
         0.35500E+02          0.26885E-01
         0.35490E+02          0.15754E-01
         0.35480E+02          0.15604E-01
         0.35470E+02          0.17591E-01
         0.35459E+02          0.18786E-01
         0.35449E+02          0.22279E-01
         0.35439E+02          0.20048E-01
         0.35429E+02          0.20504E-01
         0.35419E+02          0.21083E-01
         0.35409E+02          0.21211E-01
         0.35399E+02          0.21562E-01
         0.35389E+02          0.21199E-01
         0.35378E+02          0.22515E-01
         0.35368E+02          0.26955E-01
         0.35358E+02          0.23373E-01
         0.35348E+02          0.26841E-01
         0.35338E+02          0.23374E-01
         0.35328E+02          0.17504E-01
         0.35318E+02          0.20214E-01
         0.35308E+02          0.20781E-01
         0.35298E+02          0.21422E-01
         0.35288E+02          0.21946E-01
         0.35278E+02          0.23514E-01
         0.35268E+02          0.24180E-01
         0.35258E+02          0.22046E-01
         0.35248E+02          0.31105E-01
         0.35238E+02          0.16542E-01
         0.35228E+02          0.20036E-01
         0.35218E+02          0.21364E-01
         0.35208E+02          0.23320E-01
         0.35198E+02          0.25881E-01
         0.35188E+02          0.22493E-01
         0.35178E+02          0.27381E-01
         0.35168E+02          0.22976E-01
         0.35158E+02          0.23427E-01
         0.35148E+02          0.28215E-01
         0.35138E+02          0.26067E-01
         0.35128E+02          0.36400E-01
         0.35118E+02          0.20839E-01
         0.35108E+02          0.25484E-01
         0.35098E+02          0.21148E-01
         0.35088E+02          0.21538E-01
         0.35078E+02          0.20034E-01
         0.35068E+02          0.24339E-01
         0.35058E+02          0.20511E-01
         0.35048E+02          0.19702E-01
         0.35038E+02          0.19863E-01
         0.35029E+02          0.21654E-01
         0.35019E+02          0.17774E-01
         0.35009E+02          0.19523E-01
         0.34999E+02          0.19369E-01
         0.34989E+02          0.82509E-01
         0.34979E+02          0.22679E-01
         0.34969E+02          0.22193E-01
         0.34959E+02          0.22515E-01
         0.34950E+02          0.22851E-01
         0.34940E+02          0.22055E-01
         0.34930E+02          0.22377E-01
         0.34920E+02          0.22276E-01
         0.34910E+02          0.22078E-01
         0.34900E+02          0.21970E-01
         0.34891E+02          0.21459E-01
         0.34881E+02          0.21151E-01
         0.34871E+02          0.21539E-01
         0.34861E+02          0.23204E-01
         0.34851E+02          0.22306E-01
         0.34842E+02          0.18417E-01
         0.34832E+02          0.18034E-01
         0.34822E+02          0.20866E-01
         0.34812E+02          0.23174E-01
         0.34802E+02          0.24479E-01
         0.34793E+02          0.23656E-01
         0.34783E+02          0.24149E-01
         0.34773E+02          0.24696E-01
         0.34763E+02          0.24660E-01
         0.34754E+02          0.24523E-01
         0.34744E+02          0.25135E-01
         0.34734E+02          0.24378E-01
         0.34724E+02          0.24551E-01
         0.34715E+02          0.24618E-01
         0.34705E+02          0.25161E-01
         0.34695E+02          0.24503E-01
         0.34686E+02          0.24447E-01
         0.34676E+02          0.25608E-01
         0.34666E+02          0.24336E-01
         0.34657E+02          0.24819E-01
         0.34647E+02          0.24468E-01
         0.34637E+02          0.24327E-01
         0.34627E+02          0.24838E-01
         0.34618E+02          0.25024E-01
         0.34608E+02          0.24290E-01
         0.34598E+02          0.24241E-01
         0.34589E+02          0.24267E-01
         0.34579E+02          0.24473E-01
         0.34570E+02          0.24107E-01
         0.34560E+02          0.23835E-01
         0.34550E+02          0.24370E-01
         0.34541E+02          0.24172E-01
         0.34531E+02          0.24665E-01
         0.34521E+02          0.24740E-01
         0.34512E+02          0.24975E-01
         0.34502E+02          0.24913E-01
         0.34493E+02          0.25144E-01
         0.34483E+02          0.25264E-01
         0.34473E+02          0.25347E-01
         0.34464E+02          0.25272E-01
         0.34454E+02          0.25271E-01
         0.34445E+02          0.25061E-01
         0.34435E+02          0.24712E-01
         0.34426E+02          0.24278E-01
         0.34416E+02          0.24725E-01
         0.34406E+02          0.24831E-01
         0.34397E+02          0.24850E-01
         0.34387E+02          0.24777E-01
         0.34378E+02          0.24326E-01
         0.34368E+02          0.23689E-01
         0.34359E+02          0.23886E-01
         0.34349E+02          0.23652E-01
         0.34340E+02          0.22606E-01
         0.34330E+02          0.24204E-01
         0.34321E+02          0.24846E-01
         0.34311E+02          0.24370E-01
         0.34302E+02          0.23796E-01
         0.34292E+02          0.22910E-01
         0.34283E+02          0.21141E-01
         0.34273E+02          0.18419E-01
         0.34264E+02          0.37672E-01
         0.34254E+02          0.31088E-01
         0.34245E+02          0.29165E-01
         0.34235E+02          0.28254E-01
         0.34226E+02          0.27712E-01
         0.34217E+02          0.27335E-01
         0.34207E+02          0.27050E-01
         0.34198E+02          0.26976E-01
         0.34188E+02          0.27014E-01
         0.34179E+02          0.27109E-01
         0.34169E+02          0.26990E-01
         0.34160E+02          0.26887E-01
         0.34151E+02          0.26799E-01
         0.34141E+02          0.26719E-01
         0.34132E+02          0.26640E-01
         0.34122E+02          0.26547E-01
         0.34113E+02          0.28707E-01
         0.34104E+02          0.26040E-01
         0.34094E+02          0.25659E-01
         0.34085E+02          0.26433E-01
         0.34075E+02          0.25839E-01
         0.34066E+02          0.26381E-01
         0.34057E+02          0.27599E-01
         0.34047E+02          0.26609E-01
         0.34038E+02          0.26286E-01
         0.34029E+02          0.26264E-01
         0.34019E+02          0.26023E-01
         0.34010E+02          0.30632E-01
         0.34001E+02          0.35475E-01
         0.33991E+02          0.31046E-01
         0.33982E+02          0.29291E-01
         0.33973E+02          0.28471E-01
         0.33963E+02          0.28164E-01
         0.33954E+02          0.27827E-01
         0.33945E+02          0.27211E-01
         0.74983E+02          0.00000E+00
