         0.16635E+02          0.00000E+00
         0.16645E+02          0.00000E+00
         0.16655E+02          0.00000E+00
         0.16665E+02          0.00000E+00
         0.16675E+02          0.00000E+00
         0.16685E+02          0.00000E+00
         0.16695E+02          0.00000E+00
         0.16705E+02          0.00000E+00
         0.16715E+02          0.00000E+00
         0.16725E+02          0.00000E+00
         0.16735E+02          0.00000E+00
         0.16745E+02          0.00000E+00
         0.16755E+02          0.00000E+00
         0.16765E+02          0.00000E+00
         0.16775E+02          0.00000E+00
         0.16785E+02          0.00000E+00
         0.16795E+02          0.00000E+00
         0.16805E+02          0.00000E+00
         0.16815E+02          0.00000E+00
         0.16825E+02          0.00000E+00
         0.16835E+02          0.00000E+00
         0.16845E+02          0.00000E+00
         0.16855E+02          0.00000E+00
         0.16865E+02          0.00000E+00
         0.16875E+02          0.00000E+00
         0.16885E+02          0.00000E+00
         0.16895E+02          0.00000E+00
         0.16905E+02          0.00000E+00
         0.16915E+02          0.00000E+00
         0.16925E+02          0.00000E+00
         0.16935E+02          0.00000E+00
         0.16945E+02          0.00000E+00
         0.16955E+02          0.00000E+00
         0.16965E+02          0.00000E+00
         0.16975E+02          0.00000E+00
         0.16985E+02          0.00000E+00
         0.16995E+02          0.00000E+00
         0.17005E+02          0.00000E+00
         0.17015E+02          0.00000E+00
         0.17025E+02          0.00000E+00
         0.17035E+02          0.00000E+00
         0.17045E+02          0.00000E+00
         0.17055E+02          0.00000E+00
         0.17065E+02          0.00000E+00
         0.17075E+02          0.00000E+00
         0.17085E+02          0.00000E+00
         0.17095E+02          0.00000E+00
         0.17105E+02          0.00000E+00
         0.17115E+02          0.00000E+00
         0.17125E+02          0.00000E+00
         0.17135E+02          0.00000E+00
         0.17145E+02          0.00000E+00
         0.17155E+02          0.00000E+00
         0.17165E+02          0.00000E+00
         0.17175E+02          0.00000E+00
         0.17185E+02          0.00000E+00
         0.17195E+02          0.00000E+00
         0.17205E+02          0.00000E+00
         0.17215E+02          0.00000E+00
         0.17225E+02          0.00000E+00
         0.17235E+02          0.00000E+00
         0.17245E+02          0.00000E+00
         0.17255E+02          0.00000E+00
         0.17265E+02          0.00000E+00
         0.17275E+02          0.00000E+00
         0.17285E+02          0.00000E+00
         0.17295E+02          0.00000E+00
         0.17305E+02          0.00000E+00
         0.17315E+02          0.00000E+00
         0.17325E+02          0.00000E+00
         0.17335E+02          0.00000E+00
         0.17345E+02          0.00000E+00
         0.17355E+02          0.00000E+00
         0.17365E+02          0.00000E+00
         0.17375E+02          0.00000E+00
         0.17385E+02          0.00000E+00
         0.17395E+02          0.00000E+00
         0.17405E+02          0.00000E+00
         0.17415E+02          0.00000E+00
         0.17425E+02          0.00000E+00
         0.17435E+02          0.00000E+00
         0.17445E+02          0.00000E+00
         0.17455E+02          0.00000E+00
         0.17465E+02          0.00000E+00
         0.17475E+02          0.00000E+00
         0.17485E+02          0.00000E+00
         0.17495E+02          0.00000E+00
         0.17505E+02          0.00000E+00
         0.17515E+02          0.00000E+00
         0.17525E+02          0.00000E+00
         0.17535E+02          0.00000E+00
         0.17545E+02          0.00000E+00
         0.17555E+02          0.00000E+00
         0.17565E+02          0.00000E+00
         0.17575E+02          0.00000E+00
         0.17585E+02          0.00000E+00
         0.17595E+02          0.00000E+00
         0.17605E+02          0.00000E+00
         0.17615E+02          0.00000E+00
         0.17625E+02          0.00000E+00
         0.17635E+02          0.00000E+00
         0.17645E+02          0.00000E+00
         0.17655E+02          0.00000E+00
         0.17665E+02          0.00000E+00
         0.17675E+02          0.00000E+00
         0.17685E+02          0.00000E+00
         0.17695E+02          0.00000E+00
         0.17705E+02          0.00000E+00
         0.17715E+02          0.00000E+00
         0.17725E+02          0.00000E+00
         0.17735E+02          0.00000E+00
         0.17745E+02          0.00000E+00
         0.17755E+02          0.00000E+00
         0.17765E+02          0.00000E+00
         0.17775E+02          0.00000E+00
         0.17785E+02          0.00000E+00
         0.17795E+02          0.00000E+00
         0.17805E+02          0.00000E+00
         0.17815E+02          0.00000E+00
         0.17825E+02          0.00000E+00
         0.17835E+02          0.00000E+00
         0.17845E+02          0.00000E+00
         0.17855E+02          0.00000E+00
         0.17865E+02          0.00000E+00
         0.17875E+02          0.00000E+00
         0.17885E+02          0.00000E+00
         0.17895E+02          0.00000E+00
         0.17905E+02          0.00000E+00
         0.17915E+02          0.00000E+00
         0.17925E+02          0.00000E+00
         0.17935E+02          0.00000E+00
         0.17945E+02          0.00000E+00
         0.17955E+02          0.00000E+00
         0.17965E+02          0.00000E+00
         0.17975E+02          0.00000E+00
         0.17985E+02          0.00000E+00
         0.17995E+02          0.00000E+00
         0.18005E+02          0.00000E+00
         0.18015E+02          0.00000E+00
         0.18025E+02          0.00000E+00
         0.18035E+02          0.00000E+00
         0.18045E+02          0.00000E+00
         0.18055E+02          0.00000E+00
         0.18065E+02          0.00000E+00
         0.18075E+02          0.00000E+00
         0.18085E+02          0.00000E+00
         0.18095E+02          0.00000E+00
         0.18105E+02          0.00000E+00
         0.18115E+02          0.00000E+00
         0.18125E+02          0.00000E+00
         0.18135E+02          0.00000E+00
         0.18145E+02          0.00000E+00
         0.18155E+02          0.00000E+00
         0.18165E+02          0.00000E+00
         0.18175E+02          0.00000E+00
         0.18185E+02          0.00000E+00
         0.18195E+02          0.00000E+00
         0.18205E+02          0.00000E+00
         0.18215E+02          0.00000E+00
         0.18225E+02          0.00000E+00
         0.18235E+02          0.00000E+00
         0.18245E+02          0.00000E+00
         0.18255E+02          0.00000E+00
         0.18265E+02          0.00000E+00
         0.18275E+02          0.00000E+00
         0.18285E+02          0.00000E+00
         0.18295E+02          0.00000E+00
         0.18305E+02          0.00000E+00
         0.18315E+02          0.00000E+00
         0.18325E+02          0.00000E+00
         0.18335E+02          0.00000E+00
         0.18345E+02          0.00000E+00
         0.18355E+02          0.00000E+00
         0.18365E+02          0.00000E+00
         0.18375E+02          0.00000E+00
         0.18385E+02          0.00000E+00
         0.18395E+02          0.00000E+00
         0.18405E+02          0.00000E+00
         0.18415E+02          0.00000E+00
         0.18425E+02          0.00000E+00
         0.18435E+02          0.00000E+00
         0.18445E+02          0.00000E+00
         0.18455E+02          0.00000E+00
         0.18465E+02          0.00000E+00
         0.18475E+02          0.00000E+00
         0.18485E+02          0.00000E+00
         0.18495E+02          0.00000E+00
         0.18505E+02          0.00000E+00
         0.18515E+02          0.00000E+00
         0.18525E+02          0.00000E+00
         0.18535E+02          0.00000E+00
         0.18545E+02          0.00000E+00
         0.18555E+02          0.00000E+00
         0.18565E+02          0.00000E+00
         0.18575E+02          0.00000E+00
         0.18585E+02          0.00000E+00
         0.18595E+02          0.00000E+00
         0.18605E+02          0.00000E+00
         0.18615E+02          0.00000E+00
         0.18625E+02          0.00000E+00
         0.18635E+02          0.00000E+00
         0.18645E+02          0.00000E+00
         0.18655E+02          0.00000E+00
         0.18665E+02          0.00000E+00
         0.18675E+02          0.00000E+00
         0.18685E+02          0.00000E+00
         0.18695E+02          0.00000E+00
         0.18705E+02          0.00000E+00
         0.18715E+02          0.00000E+00
         0.18725E+02          0.00000E+00
         0.18735E+02          0.00000E+00
         0.18745E+02          0.00000E+00
         0.18755E+02          0.00000E+00
         0.18765E+02          0.00000E+00
         0.18775E+02          0.00000E+00
         0.18785E+02          0.00000E+00
         0.18795E+02          0.00000E+00
         0.18805E+02          0.00000E+00
         0.18815E+02          0.00000E+00
         0.18825E+02          0.00000E+00
         0.18835E+02          0.00000E+00
         0.18845E+02          0.00000E+00
         0.18855E+02          0.00000E+00
         0.18865E+02          0.00000E+00
         0.18875E+02          0.00000E+00
         0.18885E+02          0.00000E+00
         0.18895E+02          0.00000E+00
         0.18905E+02          0.00000E+00
         0.18915E+02          0.00000E+00
         0.18925E+02          0.00000E+00
         0.18935E+02          0.00000E+00
         0.18945E+02          0.00000E+00
         0.18955E+02          0.00000E+00
         0.18965E+02          0.00000E+00
         0.18975E+02          0.00000E+00
         0.18985E+02          0.00000E+00
         0.18995E+02          0.00000E+00
         0.19005E+02          0.00000E+00
         0.19015E+02          0.00000E+00
         0.19025E+02          0.00000E+00
         0.19035E+02          0.00000E+00
         0.19045E+02          0.00000E+00
         0.19055E+02          0.00000E+00
         0.19065E+02          0.00000E+00
         0.19075E+02          0.00000E+00
         0.19085E+02          0.00000E+00
         0.19095E+02          0.00000E+00
         0.19105E+02          0.00000E+00
         0.19115E+02          0.00000E+00
         0.19125E+02          0.00000E+00
         0.19135E+02          0.00000E+00
         0.19145E+02          0.00000E+00
         0.19155E+02          0.00000E+00
         0.19165E+02          0.00000E+00
         0.19175E+02          0.00000E+00
         0.19185E+02          0.00000E+00
         0.19195E+02          0.00000E+00
         0.19205E+02          0.00000E+00
         0.19215E+02          0.00000E+00
         0.19225E+02          0.00000E+00
         0.19235E+02          0.00000E+00
         0.19245E+02          0.00000E+00
         0.19255E+02          0.00000E+00
         0.19265E+02          0.00000E+00
         0.19275E+02          0.00000E+00
         0.19285E+02          0.00000E+00
         0.19295E+02          0.00000E+00
         0.19305E+02          0.00000E+00
         0.19315E+02          0.00000E+00
         0.19325E+02          0.00000E+00
         0.19335E+02          0.00000E+00
         0.19345E+02          0.00000E+00
         0.19355E+02          0.00000E+00
         0.19365E+02          0.00000E+00
         0.19375E+02          0.00000E+00
         0.19385E+02          0.00000E+00
         0.19395E+02          0.00000E+00
         0.19405E+02          0.00000E+00
         0.19415E+02          0.00000E+00
         0.19425E+02          0.00000E+00
         0.19435E+02          0.00000E+00
         0.19445E+02          0.00000E+00
         0.19455E+02          0.00000E+00
         0.19465E+02          0.00000E+00
         0.19475E+02          0.00000E+00
         0.19485E+02          0.00000E+00
         0.19495E+02          0.00000E+00
         0.19505E+02          0.00000E+00
         0.19515E+02          0.00000E+00
         0.19525E+02          0.00000E+00
         0.19535E+02          0.00000E+00
         0.19545E+02          0.00000E+00
         0.19555E+02          0.00000E+00
         0.19565E+02          0.00000E+00
         0.19575E+02          0.00000E+00
         0.19585E+02          0.00000E+00
         0.19595E+02          0.00000E+00
         0.19605E+02          0.00000E+00
         0.19615E+02          0.00000E+00
         0.19625E+02          0.00000E+00
         0.19635E+02          0.00000E+00
         0.19645E+02          0.00000E+00
         0.19655E+02          0.00000E+00
         0.19665E+02          0.00000E+00
         0.19675E+02          0.00000E+00
         0.19685E+02          0.00000E+00
         0.19695E+02          0.00000E+00
         0.19705E+02          0.00000E+00
         0.19715E+02          0.00000E+00
         0.19725E+02          0.00000E+00
         0.19735E+02          0.00000E+00
         0.19745E+02          0.00000E+00
         0.19755E+02          0.00000E+00
         0.19765E+02          0.00000E+00
         0.19775E+02          0.00000E+00
         0.19785E+02          0.00000E+00
         0.19795E+02          0.00000E+00
         0.19805E+02          0.00000E+00
         0.19815E+02          0.00000E+00
         0.19825E+02          0.00000E+00
         0.19835E+02          0.00000E+00
         0.19845E+02          0.00000E+00
         0.19855E+02          0.00000E+00
         0.19865E+02          0.00000E+00
         0.19875E+02          0.00000E+00
         0.19885E+02          0.00000E+00
         0.19895E+02          0.00000E+00
         0.19905E+02          0.00000E+00
         0.19915E+02          0.00000E+00
         0.19925E+02          0.00000E+00
         0.19935E+02          0.00000E+00
         0.19945E+02          0.00000E+00
         0.19955E+02          0.00000E+00
         0.19965E+02          0.00000E+00
         0.19975E+02          0.00000E+00
         0.19985E+02          0.00000E+00
         0.19995E+02          0.00000E+00
         0.20005E+02          0.00000E+00
         0.20015E+02          0.00000E+00
         0.20025E+02          0.00000E+00
         0.20035E+02          0.00000E+00
         0.20045E+02          0.00000E+00
         0.20055E+02          0.00000E+00
         0.20065E+02          0.00000E+00
         0.20075E+02          0.00000E+00
         0.20085E+02          0.00000E+00
         0.20095E+02          0.00000E+00
         0.20105E+02          0.00000E+00
         0.20115E+02          0.00000E+00
         0.20125E+02          0.00000E+00
         0.20135E+02          0.00000E+00
         0.20145E+02          0.00000E+00
         0.20155E+02          0.00000E+00
         0.20165E+02          0.00000E+00
         0.20175E+02          0.00000E+00
         0.20185E+02          0.00000E+00
         0.20195E+02          0.00000E+00
         0.20205E+02          0.00000E+00
         0.20215E+02          0.00000E+00
         0.20225E+02          0.00000E+00
         0.20235E+02          0.00000E+00
         0.20245E+02          0.00000E+00
         0.20255E+02          0.00000E+00
         0.20265E+02          0.00000E+00
         0.20275E+02          0.00000E+00
         0.20285E+02          0.00000E+00
         0.20295E+02          0.00000E+00
         0.20305E+02          0.00000E+00
         0.20315E+02          0.00000E+00
         0.20325E+02          0.00000E+00
         0.20335E+02          0.00000E+00
         0.20345E+02          0.00000E+00
         0.20355E+02          0.00000E+00
         0.20365E+02          0.00000E+00
         0.20375E+02          0.00000E+00
         0.20385E+02          0.00000E+00
         0.20395E+02          0.00000E+00
         0.20405E+02          0.00000E+00
         0.20415E+02          0.00000E+00
         0.20425E+02          0.00000E+00
         0.20435E+02          0.00000E+00
         0.20445E+02          0.00000E+00
         0.20455E+02          0.00000E+00
         0.20465E+02          0.00000E+00
         0.20475E+02          0.00000E+00
         0.20485E+02          0.00000E+00
         0.20495E+02          0.00000E+00
         0.20505E+02          0.00000E+00
         0.20515E+02          0.00000E+00
         0.20525E+02          0.00000E+00
         0.20535E+02          0.00000E+00
         0.20545E+02          0.00000E+00
         0.20555E+02          0.00000E+00
         0.20565E+02          0.00000E+00
         0.20575E+02          0.00000E+00
         0.20585E+02          0.00000E+00
         0.20595E+02          0.00000E+00
         0.20605E+02          0.00000E+00
         0.20615E+02          0.00000E+00
         0.20625E+02          0.00000E+00
         0.20635E+02          0.00000E+00
         0.20645E+02          0.00000E+00
         0.20655E+02          0.00000E+00
         0.20665E+02          0.00000E+00
         0.20675E+02          0.00000E+00
         0.20685E+02          0.00000E+00
         0.20695E+02          0.00000E+00
         0.20705E+02          0.00000E+00
         0.20715E+02          0.00000E+00
         0.20725E+02          0.00000E+00
         0.20735E+02          0.00000E+00
         0.20745E+02          0.00000E+00
         0.20755E+02          0.00000E+00
         0.20765E+02          0.00000E+00
         0.20775E+02          0.00000E+00
         0.20785E+02          0.00000E+00
         0.20795E+02          0.00000E+00
         0.20805E+02          0.00000E+00
         0.20815E+02          0.00000E+00
         0.20825E+02          0.00000E+00
         0.20835E+02          0.00000E+00
         0.20845E+02          0.00000E+00
         0.20855E+02          0.00000E+00
         0.20865E+02          0.00000E+00
         0.20875E+02          0.00000E+00
         0.20885E+02          0.00000E+00
         0.20895E+02          0.00000E+00
         0.20905E+02          0.00000E+00
         0.20915E+02          0.00000E+00
         0.20925E+02          0.00000E+00
         0.20935E+02          0.00000E+00
         0.20945E+02          0.00000E+00
         0.20955E+02          0.00000E+00
         0.20965E+02          0.00000E+00
         0.20975E+02          0.00000E+00
         0.20985E+02          0.00000E+00
         0.20995E+02          0.00000E+00
         0.21005E+02          0.00000E+00
         0.21015E+02          0.00000E+00
         0.21025E+02          0.00000E+00
         0.21035E+02          0.00000E+00
         0.21045E+02          0.00000E+00
         0.21055E+02          0.00000E+00
         0.21065E+02          0.00000E+00
         0.21075E+02          0.00000E+00
         0.21085E+02          0.00000E+00
         0.21095E+02          0.00000E+00
         0.21105E+02          0.00000E+00
         0.21115E+02          0.00000E+00
         0.21125E+02          0.00000E+00
         0.21135E+02          0.00000E+00
         0.21145E+02          0.00000E+00
         0.21155E+02          0.00000E+00
         0.21165E+02          0.00000E+00
         0.21175E+02          0.00000E+00
         0.21185E+02          0.00000E+00
         0.21195E+02          0.00000E+00
         0.21205E+02          0.00000E+00
         0.21215E+02          0.00000E+00
         0.21225E+02          0.00000E+00
         0.21235E+02          0.00000E+00
         0.21245E+02          0.00000E+00
         0.21255E+02          0.00000E+00
         0.21265E+02          0.00000E+00
         0.21275E+02          0.00000E+00
         0.21285E+02          0.00000E+00
         0.21295E+02          0.00000E+00
         0.21305E+02          0.00000E+00
         0.21315E+02          0.00000E+00
         0.21325E+02          0.00000E+00
         0.21335E+02          0.00000E+00
         0.21345E+02          0.00000E+00
         0.21355E+02          0.00000E+00
         0.21365E+02          0.00000E+00
         0.21375E+02          0.00000E+00
         0.21385E+02          0.00000E+00
         0.21395E+02          0.00000E+00
         0.21405E+02          0.00000E+00
         0.21415E+02          0.00000E+00
         0.21425E+02          0.00000E+00
         0.21435E+02          0.00000E+00
         0.21445E+02          0.00000E+00
         0.21455E+02          0.00000E+00
         0.21465E+02          0.00000E+00
         0.21475E+02          0.00000E+00
         0.21485E+02          0.00000E+00
         0.21495E+02          0.00000E+00
         0.21505E+02          0.00000E+00
         0.21515E+02          0.00000E+00
         0.21525E+02          0.00000E+00
         0.21535E+02          0.00000E+00
         0.21545E+02          0.00000E+00
         0.21555E+02          0.00000E+00
         0.21565E+02          0.00000E+00
         0.21575E+02          0.00000E+00
         0.21585E+02          0.00000E+00
         0.21595E+02          0.00000E+00
         0.21605E+02          0.00000E+00
         0.21615E+02          0.00000E+00
         0.21625E+02          0.00000E+00
         0.21635E+02          0.00000E+00
         0.21645E+02          0.00000E+00
         0.21655E+02          0.00000E+00
         0.21665E+02          0.00000E+00
         0.21675E+02          0.00000E+00
         0.21685E+02          0.00000E+00
         0.21695E+02          0.00000E+00
         0.21705E+02          0.00000E+00
         0.21715E+02          0.00000E+00
         0.21725E+02          0.00000E+00
         0.21735E+02          0.00000E+00
         0.21745E+02          0.00000E+00
         0.21755E+02          0.00000E+00
         0.21765E+02          0.00000E+00
         0.21775E+02          0.00000E+00
         0.21785E+02          0.00000E+00
         0.21795E+02          0.00000E+00
         0.21805E+02          0.00000E+00
         0.21815E+02          0.00000E+00
         0.21825E+02          0.00000E+00
         0.21835E+02          0.00000E+00
         0.21845E+02          0.00000E+00
         0.21855E+02          0.00000E+00
         0.21865E+02          0.00000E+00
         0.21875E+02          0.00000E+00
         0.21885E+02          0.00000E+00
         0.21895E+02          0.00000E+00
         0.21905E+02          0.00000E+00
         0.21915E+02          0.00000E+00
         0.21925E+02          0.00000E+00
         0.21935E+02          0.00000E+00
         0.21945E+02          0.00000E+00
         0.21955E+02          0.00000E+00
         0.21965E+02          0.00000E+00
         0.21975E+02          0.00000E+00
         0.21985E+02          0.00000E+00
         0.21995E+02          0.00000E+00
         0.22005E+02          0.00000E+00
         0.22015E+02          0.00000E+00
         0.22025E+02          0.00000E+00
         0.22035E+02          0.00000E+00
         0.22045E+02          0.00000E+00
         0.22055E+02          0.00000E+00
         0.22065E+02          0.00000E+00
         0.22075E+02          0.00000E+00
         0.22085E+02          0.00000E+00
         0.22095E+02          0.00000E+00
         0.22105E+02          0.00000E+00
         0.22115E+02          0.00000E+00
         0.22125E+02          0.00000E+00
         0.22135E+02          0.00000E+00
         0.22145E+02          0.00000E+00
         0.22155E+02          0.00000E+00
         0.22165E+02          0.00000E+00
         0.22175E+02          0.00000E+00
         0.22185E+02          0.00000E+00
         0.22195E+02          0.00000E+00
         0.22205E+02          0.00000E+00
         0.22215E+02          0.00000E+00
         0.22225E+02          0.00000E+00
         0.22235E+02          0.00000E+00
         0.22245E+02          0.00000E+00
         0.22255E+02          0.00000E+00
         0.22265E+02          0.00000E+00
         0.22275E+02          0.00000E+00
         0.22285E+02          0.00000E+00
         0.22295E+02          0.00000E+00
         0.22305E+02          0.00000E+00
         0.22315E+02          0.00000E+00
         0.22325E+02          0.00000E+00
         0.22335E+02          0.00000E+00
         0.22345E+02          0.00000E+00
         0.22355E+02          0.00000E+00
         0.22365E+02          0.00000E+00
         0.22375E+02          0.00000E+00
         0.22385E+02          0.00000E+00
         0.22395E+02          0.00000E+00
         0.22405E+02          0.00000E+00
         0.22415E+02          0.00000E+00
         0.22425E+02          0.00000E+00
         0.22435E+02          0.00000E+00
         0.22445E+02          0.00000E+00
         0.22455E+02          0.00000E+00
         0.22465E+02          0.00000E+00
         0.22475E+02          0.00000E+00
         0.22485E+02          0.00000E+00
         0.22495E+02          0.00000E+00
         0.22505E+02          0.00000E+00
         0.22515E+02          0.00000E+00
         0.22525E+02          0.00000E+00
         0.22535E+02          0.00000E+00
         0.22545E+02          0.00000E+00
         0.22555E+02          0.00000E+00
         0.22565E+02          0.00000E+00
         0.22575E+02          0.00000E+00
         0.22585E+02          0.00000E+00
         0.22595E+02          0.00000E+00
         0.22605E+02          0.00000E+00
         0.22615E+02          0.00000E+00
         0.22625E+02          0.00000E+00
         0.22635E+02          0.00000E+00
         0.22645E+02          0.00000E+00
         0.22655E+02          0.00000E+00
         0.22665E+02          0.00000E+00
         0.22675E+02          0.00000E+00
         0.22685E+02          0.00000E+00
         0.22695E+02          0.00000E+00
         0.22705E+02          0.00000E+00
         0.22715E+02          0.00000E+00
         0.22725E+02          0.00000E+00
         0.22735E+02          0.00000E+00
         0.22745E+02          0.00000E+00
         0.22755E+02          0.00000E+00
         0.22765E+02          0.00000E+00
         0.22775E+02          0.00000E+00
         0.22785E+02          0.00000E+00
         0.22795E+02          0.00000E+00
         0.22805E+02          0.00000E+00
         0.22815E+02          0.00000E+00
         0.22825E+02          0.00000E+00
         0.22835E+02          0.00000E+00
         0.22845E+02          0.00000E+00
         0.22855E+02          0.00000E+00
         0.22865E+02          0.00000E+00
         0.22875E+02          0.00000E+00
         0.22885E+02          0.00000E+00
         0.22895E+02          0.00000E+00
         0.22905E+02          0.00000E+00
         0.22915E+02          0.00000E+00
         0.22925E+02          0.00000E+00
         0.22935E+02          0.00000E+00
         0.22945E+02          0.00000E+00
         0.22955E+02          0.00000E+00
         0.22965E+02          0.00000E+00
         0.22975E+02          0.00000E+00
         0.22985E+02          0.00000E+00
         0.22995E+02          0.00000E+00
         0.23005E+02          0.00000E+00
         0.23015E+02          0.00000E+00
         0.23025E+02          0.00000E+00
         0.23035E+02          0.00000E+00
         0.23045E+02          0.00000E+00
         0.23055E+02          0.00000E+00
         0.23065E+02          0.00000E+00
         0.23075E+02          0.00000E+00
         0.23085E+02          0.00000E+00
         0.23095E+02          0.00000E+00
         0.23105E+02          0.00000E+00
         0.23115E+02          0.00000E+00
         0.23125E+02          0.00000E+00
         0.23135E+02          0.00000E+00
         0.23145E+02          0.00000E+00
         0.23155E+02          0.00000E+00
         0.23165E+02          0.00000E+00
         0.23175E+02          0.00000E+00
         0.23185E+02          0.00000E+00
         0.23195E+02          0.00000E+00
         0.23205E+02          0.00000E+00
         0.23215E+02          0.00000E+00
         0.23225E+02          0.00000E+00
         0.23235E+02          0.00000E+00
         0.23245E+02          0.00000E+00
         0.23255E+02          0.00000E+00
         0.23265E+02          0.00000E+00
         0.23275E+02          0.00000E+00
         0.23285E+02          0.00000E+00
         0.23295E+02          0.00000E+00
         0.23305E+02          0.00000E+00
         0.23315E+02          0.00000E+00
         0.23325E+02          0.00000E+00
         0.23335E+02          0.00000E+00
         0.23345E+02          0.00000E+00
         0.23355E+02          0.00000E+00
         0.23365E+02          0.00000E+00
         0.23375E+02          0.00000E+00
         0.23385E+02          0.00000E+00
         0.23395E+02          0.00000E+00
         0.23405E+02          0.00000E+00
         0.23415E+02          0.00000E+00
         0.23425E+02          0.00000E+00
         0.23435E+02          0.00000E+00
         0.23445E+02          0.00000E+00
         0.23455E+02          0.00000E+00
         0.23465E+02          0.00000E+00
         0.23475E+02          0.00000E+00
         0.23485E+02          0.00000E+00
         0.23495E+02          0.00000E+00
         0.23505E+02          0.00000E+00
         0.23515E+02          0.00000E+00
         0.23525E+02          0.00000E+00
         0.23535E+02          0.00000E+00
         0.23545E+02          0.00000E+00
         0.23555E+02          0.00000E+00
         0.23565E+02          0.00000E+00
         0.23575E+02          0.00000E+00
         0.23585E+02          0.00000E+00
         0.23595E+02          0.00000E+00
         0.23605E+02          0.00000E+00
         0.23615E+02          0.00000E+00
         0.23625E+02          0.00000E+00
         0.23635E+02          0.00000E+00
         0.23645E+02          0.00000E+00
         0.23655E+02          0.00000E+00
         0.23665E+02          0.00000E+00
         0.23675E+02          0.00000E+00
         0.23685E+02          0.00000E+00
         0.23695E+02          0.00000E+00
         0.23705E+02          0.00000E+00
         0.23715E+02          0.00000E+00
         0.23725E+02          0.00000E+00
         0.23735E+02          0.00000E+00
         0.23745E+02          0.00000E+00
         0.23755E+02          0.00000E+00
         0.23765E+02          0.00000E+00
         0.23775E+02          0.00000E+00
         0.23785E+02          0.00000E+00
         0.23795E+02          0.00000E+00
         0.23805E+02          0.00000E+00
         0.23815E+02          0.00000E+00
         0.23825E+02          0.00000E+00
         0.23835E+02          0.00000E+00
         0.23845E+02          0.00000E+00
         0.23855E+02          0.00000E+00
         0.23865E+02          0.00000E+00
         0.23875E+02          0.00000E+00
         0.23885E+02          0.00000E+00
         0.23895E+02          0.00000E+00
         0.23905E+02          0.00000E+00
         0.23915E+02          0.00000E+00
         0.23925E+02          0.00000E+00
         0.23935E+02          0.00000E+00
         0.23945E+02          0.00000E+00
         0.23955E+02          0.00000E+00
         0.23965E+02          0.00000E+00
         0.23975E+02          0.00000E+00
         0.23985E+02          0.00000E+00
         0.23995E+02          0.00000E+00
         0.24005E+02          0.00000E+00
         0.24015E+02          0.00000E+00
         0.24025E+02          0.00000E+00
         0.24035E+02          0.00000E+00
         0.24045E+02          0.00000E+00
         0.24055E+02          0.00000E+00
         0.24065E+02          0.00000E+00
         0.24075E+02          0.00000E+00
         0.24085E+02          0.00000E+00
         0.24095E+02          0.00000E+00
         0.24105E+02          0.00000E+00
         0.24115E+02          0.00000E+00
         0.24125E+02          0.00000E+00
         0.24135E+02          0.00000E+00
         0.24145E+02          0.00000E+00
         0.24155E+02          0.00000E+00
         0.24165E+02          0.00000E+00
         0.24175E+02          0.00000E+00
         0.24185E+02          0.00000E+00
         0.24195E+02          0.00000E+00
         0.24205E+02          0.00000E+00
         0.24215E+02          0.00000E+00
         0.24225E+02          0.00000E+00
         0.24235E+02          0.00000E+00
         0.24245E+02          0.00000E+00
         0.24255E+02          0.00000E+00
         0.24265E+02          0.00000E+00
         0.24275E+02          0.00000E+00
         0.24285E+02          0.00000E+00
         0.24295E+02          0.00000E+00
         0.24305E+02          0.00000E+00
         0.24315E+02          0.00000E+00
         0.24325E+02          0.00000E+00
         0.24335E+02          0.00000E+00
         0.24345E+02          0.00000E+00
         0.24355E+02          0.00000E+00
         0.24365E+02          0.00000E+00
         0.24375E+02          0.00000E+00
         0.24385E+02          0.00000E+00
         0.24395E+02          0.00000E+00
         0.24405E+02          0.00000E+00
         0.24415E+02          0.00000E+00
         0.24425E+02          0.00000E+00
         0.24435E+02          0.00000E+00
         0.24445E+02          0.00000E+00
         0.24455E+02          0.00000E+00
         0.24465E+02          0.00000E+00
         0.24475E+02          0.00000E+00
         0.24485E+02          0.00000E+00
         0.24495E+02          0.00000E+00
         0.24505E+02          0.00000E+00
         0.24515E+02          0.00000E+00
         0.24525E+02          0.00000E+00
         0.24535E+02          0.00000E+00
         0.24545E+02          0.00000E+00
         0.24555E+02          0.00000E+00
         0.24565E+02          0.00000E+00
         0.24575E+02          0.00000E+00
         0.24585E+02          0.00000E+00
         0.24595E+02          0.00000E+00
         0.24605E+02          0.00000E+00
         0.24615E+02          0.00000E+00
         0.24625E+02          0.00000E+00
         0.24635E+02          0.00000E+00
         0.24645E+02          0.00000E+00
         0.24655E+02          0.00000E+00
         0.24665E+02          0.00000E+00
         0.24675E+02          0.00000E+00
         0.24685E+02          0.00000E+00
         0.24695E+02          0.00000E+00
         0.24705E+02          0.00000E+00
         0.24715E+02          0.00000E+00
         0.24725E+02          0.00000E+00
         0.24735E+02          0.00000E+00
         0.24745E+02          0.00000E+00
         0.24755E+02          0.00000E+00
         0.24765E+02          0.00000E+00
         0.24775E+02          0.00000E+00
         0.24785E+02          0.00000E+00
         0.24795E+02          0.00000E+00
         0.24805E+02          0.00000E+00
         0.24815E+02          0.00000E+00
         0.24825E+02          0.00000E+00
         0.24835E+02          0.00000E+00
         0.24845E+02          0.00000E+00
         0.24855E+02          0.00000E+00
         0.24865E+02          0.00000E+00
         0.24875E+02          0.00000E+00
         0.24885E+02          0.00000E+00
         0.24895E+02          0.00000E+00
         0.24905E+02          0.00000E+00
         0.24915E+02          0.00000E+00
         0.24925E+02          0.00000E+00
         0.24935E+02          0.00000E+00
         0.24945E+02          0.00000E+00
         0.24955E+02          0.00000E+00
         0.24965E+02          0.00000E+00
         0.24975E+02          0.00000E+00
         0.24985E+02          0.00000E+00
         0.24995E+02          0.00000E+00
         0.25005E+02          0.00000E+00
         0.25015E+02          0.00000E+00
         0.25025E+02          0.00000E+00
         0.25035E+02          0.00000E+00
         0.25045E+02          0.00000E+00
         0.25055E+02          0.00000E+00
         0.25065E+02          0.00000E+00
         0.25075E+02          0.00000E+00
         0.25085E+02          0.00000E+00
         0.25095E+02          0.00000E+00
         0.25105E+02          0.00000E+00
         0.25115E+02          0.00000E+00
         0.25125E+02          0.00000E+00
         0.25135E+02          0.00000E+00
         0.25145E+02          0.00000E+00
         0.25155E+02          0.00000E+00
         0.25165E+02          0.00000E+00
         0.25175E+02          0.00000E+00
         0.25185E+02          0.00000E+00
         0.25195E+02          0.00000E+00
         0.25205E+02          0.00000E+00
         0.25215E+02          0.00000E+00
         0.25225E+02          0.00000E+00
         0.25235E+02          0.00000E+00
         0.25245E+02          0.00000E+00
         0.25255E+02          0.00000E+00
         0.25265E+02          0.00000E+00
         0.25275E+02          0.00000E+00
         0.25285E+02          0.00000E+00
         0.25295E+02          0.00000E+00
         0.25305E+02          0.00000E+00
         0.25315E+02          0.00000E+00
         0.25325E+02          0.00000E+00
         0.25335E+02          0.00000E+00
         0.25345E+02          0.00000E+00
         0.25355E+02          0.00000E+00
         0.25365E+02          0.00000E+00
         0.25375E+02          0.00000E+00
         0.25385E+02          0.00000E+00
         0.25395E+02          0.00000E+00
         0.25405E+02          0.00000E+00
         0.25415E+02          0.00000E+00
         0.25425E+02          0.00000E+00
         0.25435E+02          0.00000E+00
         0.25445E+02          0.00000E+00
         0.25455E+02          0.00000E+00
         0.25465E+02          0.00000E+00
         0.25475E+02          0.00000E+00
         0.25485E+02          0.00000E+00
         0.25495E+02          0.00000E+00
         0.25505E+02          0.00000E+00
         0.25515E+02          0.00000E+00
         0.25525E+02          0.00000E+00
         0.25535E+02          0.00000E+00
         0.25545E+02          0.00000E+00
         0.25555E+02          0.00000E+00
         0.25565E+02          0.00000E+00
         0.25575E+02          0.00000E+00
         0.25585E+02          0.00000E+00
         0.25595E+02          0.00000E+00
         0.25605E+02          0.00000E+00
         0.25615E+02          0.00000E+00
         0.25625E+02          0.00000E+00
         0.25635E+02          0.00000E+00
         0.25645E+02          0.00000E+00
         0.25655E+02          0.00000E+00
         0.25665E+02          0.00000E+00
         0.25675E+02          0.00000E+00
         0.25685E+02          0.00000E+00
         0.25695E+02          0.00000E+00
         0.25705E+02          0.00000E+00
         0.25715E+02          0.00000E+00
         0.25725E+02          0.00000E+00
         0.25735E+02          0.00000E+00
         0.25745E+02          0.00000E+00
         0.25755E+02          0.00000E+00
         0.25765E+02          0.00000E+00
         0.25775E+02          0.00000E+00
         0.25785E+02          0.00000E+00
         0.25795E+02          0.00000E+00
         0.25805E+02          0.00000E+00
         0.25815E+02          0.00000E+00
         0.25825E+02          0.00000E+00
         0.25835E+02          0.00000E+00
         0.25845E+02          0.00000E+00
         0.25855E+02          0.00000E+00
         0.25865E+02          0.00000E+00
         0.25875E+02          0.00000E+00
         0.25885E+02          0.00000E+00
         0.25895E+02          0.00000E+00
         0.25905E+02          0.00000E+00
         0.25915E+02          0.00000E+00
         0.25925E+02          0.00000E+00
         0.25935E+02          0.00000E+00
         0.25945E+02          0.00000E+00
         0.25955E+02          0.00000E+00
         0.25965E+02          0.00000E+00
         0.25975E+02          0.00000E+00
         0.25985E+02          0.00000E+00
         0.25995E+02          0.00000E+00
         0.26005E+02          0.00000E+00
         0.26015E+02          0.00000E+00
         0.26025E+02          0.00000E+00
         0.26035E+02          0.00000E+00
         0.26045E+02          0.00000E+00
         0.26055E+02          0.00000E+00
         0.26065E+02          0.00000E+00
         0.26075E+02          0.00000E+00
         0.26085E+02          0.00000E+00
         0.26095E+02          0.00000E+00
         0.26105E+02          0.00000E+00
         0.26115E+02          0.00000E+00
         0.26125E+02          0.00000E+00
         0.26135E+02          0.00000E+00
         0.26145E+02          0.00000E+00
         0.26155E+02          0.00000E+00
         0.26165E+02          0.00000E+00
         0.26175E+02          0.00000E+00
         0.26185E+02          0.00000E+00
         0.26195E+02          0.00000E+00
         0.26205E+02          0.00000E+00
         0.26215E+02          0.26571E-01
         0.26225E+02          0.35352E-01
         0.26235E+02          0.32693E-01
         0.26245E+02          0.21515E-01
         0.26255E+02          0.21806E-01
         0.26265E+02          0.20745E-01
         0.26275E+02          0.20197E-01
         0.26285E+02          0.19901E-01
         0.26295E+02          0.19728E-01
         0.26305E+02          0.19605E-01
         0.26315E+02          0.19466E-01
         0.26325E+02          0.19189E-01
         0.26335E+02          0.18307E-01
         0.26345E+02          0.12009E-01
         0.26355E+02          0.31905E-01
         0.26365E+02          0.30098E-01
         0.26375E+02          0.60168E-01
         0.26385E+02          0.36518E-01
         0.26395E+02          0.19164E+00
         0.26405E+02          0.22460E-01
         0.26415E+02          0.19678E-01
         0.26425E+02          0.19386E-01
         0.26435E+02          0.19390E-01
         0.26445E+02          0.19446E-01
         0.26455E+02          0.19500E-01
         0.26465E+02          0.19529E-01
         0.26475E+02          0.19513E-01
         0.26485E+02          0.19408E-01
         0.26495E+02          0.19087E-01
         0.26505E+02          0.17950E-01
         0.26515E+02          0.20642E-02
         0.26525E+02          0.26803E-01
         0.26535E+02          0.44612E-01
         0.26545E+02          0.32503E-01
         0.26555E+02          0.22975E-01
         0.26565E+02          0.22344E-01
         0.26575E+02          0.22146E-01
         0.26585E+02          0.22099E-01
         0.26595E+02          0.22100E-01
         0.26605E+02          0.21907E-01
         0.26615E+02          0.12476E-01
         0.26625E+02          0.39720E-01
         0.26635E+02          0.22239E-01
         0.26645E+02          0.20351E-01
         0.26655E+02          0.20619E-01
         0.26665E+02          0.20571E-01
         0.26675E+02          0.19513E-01
         0.26685E+02          0.29782E-01
         0.26695E+02          0.25388E-01
         0.26705E+02          0.22728E-01
         0.26715E+02          0.24640E-01
         0.26725E+02          0.16727E-01
         0.26735E+02          0.27669E-01
         0.26745E+02          0.24104E-01
         0.26755E+02          0.25071E-01
         0.26765E+02          0.21393E-01
         0.26775E+02          0.20370E-01
         0.26785E+02          0.44067E-01
         0.26795E+02          0.21484E-01
         0.26805E+02          0.23539E-01
         0.26815E+02          0.41285E-01
         0.26825E+02          0.21832E-01
         0.26835E+02          0.40262E-01
         0.26845E+02          0.44991E-01
         0.26855E+02          0.26013E-01
         0.26865E+02          0.62172E-01
         0.26875E+02          0.32043E-01
         0.26885E+02          0.36720E-01
         0.26895E+02          0.61876E-01
         0.26905E+02          0.23084E-01
         0.26915E+02          0.25817E-01
         0.26925E+02          0.28347E-01
         0.26935E+02          0.28991E-01
         0.26945E+02          0.24879E-01
         0.26955E+02          0.26689E-01
         0.26965E+02          0.29870E-01
         0.26975E+02          0.26183E-01
         0.26985E+02          0.28457E-01
         0.26995E+02          0.26543E-01
         0.27005E+02          0.48750E-01
         0.27015E+02          0.28495E-01
         0.27025E+02          0.28161E-01
         0.27035E+02          0.29761E-01
         0.27045E+02          0.27041E-01
         0.27055E+02          0.27276E-01
         0.27065E+02          0.27422E-01
         0.27075E+02          0.26483E-01
         0.27085E+02          0.25993E-01
         0.27095E+02          0.25358E-01
         0.27105E+02          0.33259E-01
         0.27115E+02          0.33145E-01
         0.27125E+02          0.33165E-01
         0.27135E+02          0.33517E-01
         0.27145E+02          0.34144E-01
         0.27155E+02          0.35070E-01
         0.27165E+02          0.36402E-01
         0.27175E+02          0.38369E-01
         0.27185E+02          0.41457E-01
         0.27195E+02          0.46827E-01
         0.27205E+02          0.57871E-01
         0.27215E+02          0.87790E-01
         0.27225E+02          0.17346E+00
         0.27235E+02          0.86187E-01
         0.27245E+02          0.66745E-01
         0.27255E+02          0.73480E-01
         0.27265E+02          0.40425E-01
         0.27275E+02          0.30519E-01
         0.27285E+02          0.27610E-01
         0.27295E+02          0.26602E-01
         0.27305E+02          0.26240E-01
         0.27315E+02          0.26118E-01
         0.27325E+02          0.26061E-01
         0.27335E+02          0.26451E-01
         0.27345E+02          0.25668E-01
         0.27355E+02          0.27922E-01
         0.27365E+02          0.27402E-01
         0.27375E+02          0.27317E-01
         0.27385E+02          0.27281E-01
         0.27395E+02          0.27146E-01
         0.27405E+02          0.26088E-01
         0.27415E+02          0.28877E-01
         0.27425E+02          0.28293E-01
         0.27435E+02          0.28102E-01
         0.27445E+02          0.27940E-01
         0.27455E+02          0.29679E-01
         0.27465E+02          0.28819E-01
         0.27475E+02          0.28335E-01
         0.27485E+02          0.29963E-01
         0.27495E+02          0.29073E-01
         0.27505E+02          0.31522E-01
         0.27515E+02          0.29331E-01
         0.27525E+02          0.30145E-01
         0.27535E+02          0.32757E-01
         0.27545E+02          0.27136E-01
         0.27555E+02          0.31430E-01
         0.27565E+02          0.30318E-01
         0.27575E+02          0.38330E-01
         0.27585E+02          0.30675E-01
         0.27595E+02          0.31365E-01
         0.27605E+02          0.26888E-01
         0.27615E+02          0.31095E-01
         0.27625E+02          0.31399E-01
         0.27635E+02          0.31751E-01
         0.27645E+02          0.32174E-01
         0.27655E+02          0.32706E-01
         0.27665E+02          0.33412E-01
         0.27675E+02          0.34423E-01
         0.27685E+02          0.36031E-01
         0.27695E+02          0.39049E-01
         0.27705E+02          0.46684E-01
         0.27715E+02          0.85488E-01
         0.27725E+02          0.88093E-01
         0.27735E+02          0.39826E-01
         0.27745E+02          0.29268E-01
         0.27755E+02          0.28478E-01
         0.27765E+02          0.28655E-01
         0.27775E+02          0.28976E-01
         0.27785E+02          0.29302E-01
         0.27795E+02          0.29608E-01
         0.27805E+02          0.29893E-01
         0.27815E+02          0.30160E-01
         0.27825E+02          0.30416E-01
         0.27835E+02          0.30666E-01
         0.27845E+02          0.30916E-01
         0.27855E+02          0.31175E-01
         0.27865E+02          0.31460E-01
         0.27875E+02          0.31855E-01
         0.27885E+02          0.47993E-01
         0.27895E+02          0.32228E-01
         0.27905E+02          0.32677E-01
         0.27915E+02          0.33250E-01
         0.27925E+02          0.34081E-01
         0.27935E+02          0.35528E-01
         0.27945E+02          0.39001E-01
         0.27955E+02          0.58321E-01
         0.27965E+02          0.81234E-01
         0.27975E+02          0.29987E-01
         0.27985E+02          0.29908E-01
         0.27995E+02          0.30467E-01
         0.28005E+02          0.30964E-01
         0.28015E+02          0.31397E-01
         0.28025E+02          0.31799E-01
         0.28035E+02          0.32213E-01
         0.28045E+02          0.32791E-01
         0.28055E+02          0.33029E-01
         0.28065E+02          0.33687E-01
         0.28075E+02          0.34887E-01
         0.28085E+02          0.38212E-01
         0.28095E+02          0.11124E+00
         0.28105E+02          0.30620E-01
         0.28115E+02          0.31002E-01
         0.28125E+02          0.31779E-01
         0.28135E+02          0.32412E-01
         0.28145E+02          0.33087E-01
         0.28155E+02          0.33627E-01
         0.28165E+02          0.34983E-01
         0.28175E+02          0.41372E-01
         0.28185E+02          0.31768E-01
         0.28195E+02          0.31765E-01
         0.28205E+02          0.32760E-01
         0.28215E+02          0.34729E-01
         0.28225E+02          0.35111E-01
         0.28235E+02          0.69447E-01
         0.28245E+02          0.31852E-01
         0.28255E+02          0.33276E-01
         0.28265E+02          0.34684E-01
         0.28275E+02          0.16671E+00
         0.28285E+02          0.32840E-01
         0.28295E+02          0.34578E-01
         0.28305E+02          0.32277E-01
         0.28315E+02          0.34056E-01
         0.28325E+02          0.50660E-01
         0.28335E+02          0.34857E-01
         0.28345E+02          0.33195E-01
         0.28355E+02          0.32102E-01
         0.28365E+02          0.32312E-01
         0.28375E+02          0.34051E-01
         0.28385E+02          0.32388E-01
         0.28395E+02          0.37197E-01
         0.28405E+02          0.33964E-01
         0.28415E+02          0.34083E-01
         0.28425E+02          0.34267E-01
         0.28435E+02          0.35998E-01
         0.28445E+02          0.36056E-01
         0.28455E+02          0.36114E-01
         0.28465E+02          0.36172E-01
         0.28475E+02          0.36230E-01
         0.28485E+02          0.36288E-01
         0.28495E+02          0.36345E-01
         0.28505E+02          0.36404E-01
         0.28515E+02          0.36462E-01
         0.28525E+02          0.36520E-01
         0.28535E+02          0.36578E-01
         0.28545E+02          0.36636E-01
         0.28555E+02          0.36694E-01
         0.28565E+02          0.36753E-01
         0.28575E+02          0.36811E-01
         0.28585E+02          0.36870E-01
         0.28595E+02          0.36928E-01
         0.28605E+02          0.36987E-01
         0.28615E+02          0.37045E-01
         0.28625E+02          0.37104E-01
         0.28635E+02          0.37163E-01
         0.28645E+02          0.37222E-01
         0.28655E+02          0.37281E-01
         0.28665E+02          0.37339E-01
         0.28675E+02          0.37398E-01
         0.28685E+02          0.37457E-01
         0.28695E+02          0.37517E-01
         0.28705E+02          0.37576E-01
         0.28715E+02          0.37635E-01
         0.28725E+02          0.37694E-01
         0.28735E+02          0.37753E-01
         0.28745E+02          0.37813E-01
         0.28755E+02          0.37872E-01
         0.28765E+02          0.37932E-01
         0.28775E+02          0.37991E-01
         0.28785E+02          0.38051E-01
         0.28795E+02          0.38110E-01
         0.28805E+02          0.38170E-01
         0.28815E+02          0.38230E-01
         0.28825E+02          0.38290E-01
         0.28835E+02          0.38349E-01
         0.28845E+02          0.38409E-01
         0.28855E+02          0.38469E-01
         0.28865E+02          0.38529E-01
         0.28875E+02          0.38589E-01
         0.28885E+02          0.38650E-01
         0.28895E+02          0.38710E-01
         0.28905E+02          0.38770E-01
         0.28915E+02          0.38830E-01
         0.28925E+02          0.38891E-01
         0.28935E+02          0.38951E-01
         0.28945E+02          0.39011E-01
         0.28955E+02          0.39072E-01
         0.28965E+02          0.39133E-01
         0.28975E+02          0.39193E-01
         0.28985E+02          0.39254E-01
         0.28995E+02          0.39315E-01
         0.29005E+02          0.39375E-01
         0.29015E+02          0.39436E-01
         0.29025E+02          0.39497E-01
         0.29035E+02          0.39558E-01
         0.29045E+02          0.39619E-01
         0.29055E+02          0.39680E-01
         0.29065E+02          0.39741E-01
         0.29075E+02          0.39802E-01
         0.29085E+02          0.39863E-01
         0.29095E+02          0.39925E-01
         0.29105E+02          0.39986E-01
         0.29115E+02          0.40047E-01
         0.29125E+02          0.40109E-01
         0.29135E+02          0.40170E-01
         0.29145E+02          0.40232E-01
         0.29155E+02          0.40293E-01
         0.29165E+02          0.40355E-01
         0.29175E+02          0.40417E-01
         0.29185E+02          0.40478E-01
         0.29195E+02          0.40540E-01
         0.29205E+02          0.40602E-01
         0.29215E+02          0.40664E-01
         0.29225E+02          0.40726E-01
         0.29235E+02          0.40788E-01
         0.29245E+02          0.40850E-01
         0.29255E+02          0.40912E-01
         0.29265E+02          0.40974E-01
         0.29275E+02          0.41036E-01
         0.29285E+02          0.41099E-01
         0.29295E+02          0.41161E-01
         0.29305E+02          0.41223E-01
         0.29315E+02          0.41286E-01
         0.29325E+02          0.41348E-01
         0.29335E+02          0.41411E-01
         0.29345E+02          0.41473E-01
         0.29355E+02          0.41536E-01
         0.29365E+02          0.41599E-01
         0.29375E+02          0.41661E-01
         0.29385E+02          0.41724E-01
         0.29395E+02          0.41787E-01
         0.29405E+02          0.41850E-01
         0.29415E+02          0.41913E-01
         0.29425E+02          0.41976E-01
         0.29435E+02          0.42039E-01
         0.29445E+02          0.42102E-01
         0.29455E+02          0.42166E-01
         0.29465E+02          0.42229E-01
         0.29475E+02          0.42292E-01
         0.29485E+02          0.42356E-01
         0.29495E+02          0.42419E-01
         0.29505E+02          0.42483E-01
         0.29515E+02          0.42547E-01
         0.29525E+02          0.42610E-01
         0.29535E+02          0.42674E-01
         0.29545E+02          0.42738E-01
         0.29555E+02          0.42802E-01
         0.29565E+02          0.42866E-01
         0.29575E+02          0.42931E-01
         0.29585E+02          0.42995E-01
         0.29595E+02          0.43059E-01
         0.29605E+02          0.43124E-01
         0.29615E+02          0.43189E-01
         0.29625E+02          0.43254E-01
         0.29635E+02          0.43319E-01
         0.29645E+02          0.43384E-01
         0.29655E+02          0.43449E-01
         0.29665E+02          0.43515E-01
         0.29675E+02          0.43581E-01
         0.29685E+02          0.43647E-01
         0.29695E+02          0.43714E-01
         0.29705E+02          0.43781E-01
         0.29715E+02          0.43848E-01
         0.29725E+02          0.43916E-01
         0.29735E+02          0.43985E-01
         0.29745E+02          0.44055E-01
         0.29755E+02          0.44125E-01
         0.29765E+02          0.44197E-01
         0.29775E+02          0.44271E-01
         0.29785E+02          0.44347E-01
         0.29795E+02          0.44427E-01
         0.29805E+02          0.44511E-01
         0.29815E+02          0.44601E-01
         0.29825E+02          0.44701E-01
         0.29835E+02          0.44818E-01
         0.29845E+02          0.44962E-01
         0.29855E+02          0.45158E-01
         0.29865E+02          0.45467E-01
         0.29875E+02          0.46055E-01
         0.29885E+02          0.47390E-01
         0.29895E+02          0.48387E-01
         0.29905E+02          0.45823E-01
         0.29915E+02          0.44814E-01
         0.29925E+02          0.44448E-01
         0.29935E+02          0.44033E-01
         0.29945E+02          0.42915E-01
         0.29955E+02          0.37203E-01
         0.29965E+02          0.25864E-01
         0.29975E+02          0.42546E-01
         0.29985E+02          0.44629E-01
         0.29995E+02          0.45180E-01
         0.30005E+02          0.45423E-01
         0.30015E+02          0.45570E-01
         0.30025E+02          0.45679E-01
         0.30035E+02          0.45770E-01
         0.30045E+02          0.45851E-01
         0.30055E+02          0.45928E-01
         0.30065E+02          0.46001E-01
         0.30075E+02          0.46072E-01
         0.30085E+02          0.46141E-01
         0.30095E+02          0.46210E-01
         0.30105E+02          0.46278E-01
         0.30115E+02          0.46346E-01
         0.30125E+02          0.46413E-01
         0.30135E+02          0.46480E-01
         0.30145E+02          0.46547E-01
         0.30155E+02          0.46613E-01
         0.30165E+02          0.46680E-01
         0.30175E+02          0.46746E-01
         0.30185E+02          0.46813E-01
         0.30195E+02          0.46879E-01
         0.30205E+02          0.46945E-01
         0.30215E+02          0.47011E-01
         0.30225E+02          0.47077E-01
         0.30235E+02          0.47144E-01
         0.30245E+02          0.47210E-01
         0.30255E+02          0.47276E-01
         0.30265E+02          0.47342E-01
         0.30275E+02          0.47408E-01
         0.30285E+02          0.47474E-01
         0.30295E+02          0.47540E-01
         0.30305E+02          0.47606E-01
         0.30315E+02          0.47672E-01
         0.30325E+02          0.47738E-01
         0.30335E+02          0.47804E-01
         0.30345E+02          0.47870E-01
         0.30355E+02          0.47936E-01
         0.30365E+02          0.48002E-01
         0.30375E+02          0.48068E-01
         0.30385E+02          0.48134E-01
         0.30395E+02          0.48200E-01
         0.30405E+02          0.48266E-01
         0.30415E+02          0.48333E-01
         0.30425E+02          0.48399E-01
         0.30435E+02          0.48465E-01
         0.30445E+02          0.48531E-01
         0.30455E+02          0.48597E-01
         0.30465E+02          0.48663E-01
         0.30475E+02          0.48729E-01
         0.30485E+02          0.48795E-01
         0.30495E+02          0.48861E-01
         0.30505E+02          0.48927E-01
         0.30515E+02          0.48993E-01
         0.30525E+02          0.49059E-01
         0.30535E+02          0.49124E-01
         0.30545E+02          0.49190E-01
         0.30555E+02          0.49256E-01
         0.30565E+02          0.49322E-01
         0.30575E+02          0.49388E-01
         0.30585E+02          0.49454E-01
         0.30595E+02          0.49520E-01
         0.30605E+02          0.49585E-01
         0.30615E+02          0.49651E-01
         0.30625E+02          0.49717E-01
         0.30635E+02          0.49782E-01
         0.30645E+02          0.49848E-01
         0.30655E+02          0.49914E-01
         0.30665E+02          0.49979E-01
         0.30675E+02          0.50045E-01
         0.30685E+02          0.50110E-01
         0.30695E+02          0.50175E-01
         0.30705E+02          0.50241E-01
         0.30715E+02          0.50306E-01
         0.30725E+02          0.50371E-01
         0.30735E+02          0.50436E-01
         0.30745E+02          0.50501E-01
         0.30755E+02          0.50566E-01
         0.30765E+02          0.50631E-01
         0.30775E+02          0.50696E-01
         0.30785E+02          0.50760E-01
         0.30795E+02          0.50825E-01
         0.30805E+02          0.50889E-01
         0.30815E+02          0.50953E-01
         0.30825E+02          0.51017E-01
         0.30835E+02          0.51081E-01
         0.30845E+02          0.51145E-01
         0.30855E+02          0.51209E-01
         0.30865E+02          0.51273E-01
         0.30875E+02          0.51336E-01
         0.30885E+02          0.51399E-01
         0.30895E+02          0.51462E-01
         0.30905E+02          0.51525E-01
         0.30915E+02          0.51588E-01
         0.30925E+02          0.51650E-01
         0.30935E+02          0.51712E-01
         0.30945E+02          0.51774E-01
         0.30955E+02          0.51836E-01
         0.30965E+02          0.51898E-01
         0.30975E+02          0.51959E-01
         0.30985E+02          0.52020E-01
         0.30995E+02          0.52080E-01
         0.31005E+02          0.52141E-01
         0.31015E+02          0.52201E-01
         0.31025E+02          0.52261E-01
         0.31035E+02          0.52320E-01
         0.31045E+02          0.52379E-01
         0.31055E+02          0.52438E-01
         0.31065E+02          0.52496E-01
         0.31075E+02          0.52554E-01
         0.31085E+02          0.52612E-01
         0.31095E+02          0.52669E-01
         0.31105E+02          0.52726E-01
         0.31115E+02          0.52783E-01
         0.31125E+02          0.52840E-01
         0.31135E+02          0.52896E-01
         0.31145E+02          0.52952E-01
         0.31155E+02          0.53009E-01
         0.31165E+02          0.53066E-01
         0.31175E+02          0.53124E-01
         0.31185E+02          0.53183E-01
         0.31195E+02          0.53246E-01
         0.31205E+02          0.53314E-01
         0.31215E+02          0.53386E-01
         0.31225E+02          0.53366E-01
         0.31235E+02          0.51278E-01
         0.31245E+02          0.52665E-01
         0.31255E+02          0.53019E-01
         0.31265E+02          0.53114E-01
         0.31275E+02          0.53076E-01
         0.31285E+02          0.52729E-01
         0.31295E+02          0.48385E-01
         0.31305E+02          0.52674E-01
         0.31315E+02          0.53906E-01
         0.31325E+02          0.54016E-01
         0.31335E+02          0.54074E-01
         0.31345E+02          0.54139E-01
         0.31355E+02          0.54224E-01
         0.31365E+02          0.54333E-01
         0.31375E+02          0.54477E-01
         0.31385E+02          0.54674E-01
         0.31395E+02          0.54957E-01
         0.31405E+02          0.55381E-01
         0.31415E+02          0.56037E-01
         0.31425E+02          0.57051E-01
         0.31435E+02          0.58505E-01
         0.31445E+02          0.60299E-01
         0.31455E+02          0.62193E-01
         0.31465E+02          0.64148E-01
         0.31475E+02          0.66363E-01
         0.31485E+02          0.68816E-01
         0.31495E+02          0.70214E-01
         0.31505E+02          0.66816E-01
         0.31515E+02          0.57294E-01
         0.31525E+02          0.48324E-01
         0.31535E+02          0.43414E-01
         0.31545E+02          0.41093E-01
         0.31555E+02          0.39844E-01
         0.31565E+02          0.38946E-01
         0.31575E+02          0.38099E-01
         0.31585E+02          0.37182E-01
         0.31595E+02          0.36149E-01
         0.31605E+02          0.34994E-01
         0.31615E+02          0.33734E-01
         0.31625E+02          0.32414E-01
         0.31635E+02          0.31105E-01
         0.31645E+02          0.29903E-01
         0.31655E+02          0.28881E-01
         0.31665E+02          0.28513E-01
         0.31675E+02          0.28427E-01
         0.31685E+02          0.28985E-01
         0.31695E+02          0.30171E-01
         0.31705E+02          0.31907E-01
         0.31715E+02          0.34011E-01
         0.31725E+02          0.36134E-01
         0.31735E+02          0.37606E-01
         0.31745E+02          0.37908E-01
         0.31755E+02          0.38252E-01
         0.31765E+02          0.39542E-01
         0.31775E+02          0.41051E-01
         0.31785E+02          0.41734E-01
         0.31795E+02          0.26259E-01
         0.31805E+02          0.49547E-01
         0.31815E+02          0.48546E-01
         0.31825E+02          0.48687E-01
         0.31835E+02          0.49152E-01
         0.31845E+02          0.49633E-01
         0.31855E+02          0.50046E-01
         0.31865E+02          0.50372E-01
         0.31875E+02          0.50608E-01
         0.31885E+02          0.50756E-01
         0.31895E+02          0.50818E-01
         0.31905E+02          0.50795E-01
         0.31915E+02          0.50686E-01
         0.31925E+02          0.50487E-01
         0.31935E+02          0.50195E-01
         0.31945E+02          0.49801E-01
         0.31955E+02          0.49302E-01
         0.31965E+02          0.49025E-01
         0.31975E+02          0.47764E-01
         0.31985E+02          0.46777E-01
         0.31995E+02          0.45514E-01
         0.32005E+02          0.43864E-01
         0.32015E+02          0.41546E-01
         0.32025E+02          0.37549E-01
         0.32035E+02          0.22701E-01
         0.32045E+02          0.51675E-01
         0.32055E+02          0.42159E-01
         0.32065E+02          0.37437E-01
         0.32075E+02          0.33336E-01
         0.32085E+02          0.29211E-01
         0.32095E+02          0.24937E-01
         0.32105E+02          0.20599E-01
         0.32115E+02          0.16448E-01
         0.32125E+02          0.12889E-01
         0.32135E+02          0.10454E-01
         0.32145E+02          0.96727E-02
         0.32155E+02          0.11123E-01
         0.32165E+02          0.15992E-01
         0.32175E+02          0.41087E-01
         0.32185E+02          0.12386E-01
         0.32195E+02          0.19991E-01
         0.32205E+02          0.25970E-01
         0.32215E+02          0.31148E-01
         0.32225E+02          0.35723E-01
         0.32235E+02          0.39728E-01
         0.32245E+02          0.43541E-01
         0.32255E+02          0.48035E-01
         0.32265E+02          0.39761E-01
         0.32275E+02          0.48210E-01
         0.32285E+02          0.50792E-01
         0.32295E+02          0.52652E-01
         0.32305E+02          0.54550E-01
         0.32315E+02          0.58005E-01
         0.32325E+02          0.55523E-01
         0.32335E+02          0.57067E-01
         0.32345E+02          0.58407E-01
         0.32355E+02          0.61346E-01
         0.32365E+02          0.59213E-01
         0.32375E+02          0.58389E-01
         0.32385E+02          0.63414E-01
         0.32395E+02          0.61040E-01
         0.32405E+02          0.62479E-01
         0.32415E+02          0.61929E-01
         0.32425E+02          0.62154E-01
         0.32435E+02          0.63223E-01
         0.32445E+02          0.64002E-01
         0.32455E+02          0.63204E-01
         0.32465E+02          0.63927E-01
         0.32475E+02          0.65519E-01
         0.32485E+02          0.64222E-01
         0.32495E+02          0.64528E-01
         0.32505E+02          0.64774E-01
         0.32515E+02          0.65006E-01
         0.32525E+02          0.65234E-01
         0.32535E+02          0.65453E-01
         0.32545E+02          0.65662E-01
         0.32555E+02          0.65864E-01
         0.32565E+02          0.66058E-01
         0.32575E+02          0.66246E-01
         0.32585E+02          0.66428E-01
         0.32595E+02          0.66606E-01
         0.32605E+02          0.66780E-01
         0.32615E+02          0.66951E-01
         0.32625E+02          0.67121E-01
         0.32635E+02          0.67286E-01
         0.32645E+02          0.67425E-01
         0.32655E+02          0.67531E-01
         0.32665E+02          0.67656E-01
         0.32675E+02          0.67805E-01
         0.32685E+02          0.67975E-01
         0.32695E+02          0.68188E-01
         0.32705E+02          0.68523E-01
         0.32715E+02          0.68911E-01
         0.32725E+02          0.69149E-01
         0.32735E+02          0.69167E-01
         0.32745E+02          0.69138E-01
         0.32755E+02          0.69137E-01
         0.32765E+02          0.69166E-01
         0.32775E+02          0.69212E-01
         0.32785E+02          0.69267E-01
         0.32795E+02          0.69326E-01
         0.32805E+02          0.69387E-01
         0.32815E+02          0.69451E-01
         0.32825E+02          0.69520E-01
         0.32835E+02          0.69608E-01
         0.32845E+02          0.69740E-01
         0.32855E+02          0.69980E-01
         0.32865E+02          0.70491E-01
         0.32875E+02          0.71758E-01
         0.32885E+02          0.75560E-01
         0.32895E+02          0.87646E-01
         0.32905E+02          0.59542E-01
         0.32915E+02          0.49568E-01
         0.32925E+02          0.44784E-01
         0.32935E+02          0.38311E-01
         0.32945E+02          0.32595E-01
         0.32955E+02          0.33160E-01
         0.32965E+02          0.40839E-01
         0.32975E+02          0.49958E-01
         0.32985E+02          0.56966E-01
         0.32995E+02          0.61671E-01
         0.33005E+02          0.64772E-01
         0.33015E+02          0.66865E-01
         0.33025E+02          0.68332E-01
         0.33035E+02          0.69402E-01
         0.33045E+02          0.70214E-01
         0.33055E+02          0.70853E-01
         0.33065E+02          0.71379E-01
         0.33075E+02          0.71858E-01
         0.33085E+02          0.71872E-01
         0.33095E+02          0.72423E-01
         0.33105E+02          0.72762E-01
         0.33115E+02          0.73073E-01
         0.33125E+02          0.73069E-01
         0.33135E+02          0.73288E-01
         0.33145E+02          0.73502E-01
         0.33155E+02          0.73693E-01
         0.33165E+02          0.73866E-01
         0.33175E+02          0.74020E-01
         0.33185E+02          0.74150E-01
         0.33195E+02          0.74252E-01
         0.33205E+02          0.74366E-01
         0.33215E+02          0.74767E-01
         0.33225E+02          0.75176E-01
         0.33235E+02          0.75369E-01
         0.33245E+02          0.75514E-01
         0.33255E+02          0.75664E-01
         0.33265E+02          0.75848E-01
         0.33275E+02          0.76229E-01
         0.33285E+02          0.82919E-01
         0.33295E+02          0.73269E-01
         0.33305E+02          0.73389E-01
         0.33315E+02          0.73456E-01
         0.33325E+02          0.73823E-01
         0.33335E+02          0.74244E-01
         0.33345E+02          0.74586E-01
         0.33355E+02          0.74825E-01
         0.33365E+02          0.74971E-01
         0.33375E+02          0.75040E-01
         0.33385E+02          0.75096E-01
         0.33395E+02          0.75106E-01
         0.33405E+02          0.78368E-01
         0.33415E+02          0.83509E-01
         0.33425E+02          0.42944E-01
         0.33435E+02          0.33533E-01
         0.33445E+02          0.51696E-01
         0.33455E+02          0.64766E-01
         0.33465E+02          0.68454E-01
         0.33475E+02          0.72483E-01
         0.33485E+02          0.74220E-01
         0.33495E+02          0.74874E-01
         0.33505E+02          0.75798E-01
         0.33515E+02          0.76307E-01
         0.33525E+02          0.76580E-01
         0.33535E+02          0.76554E-01
         0.33545E+02          0.76669E-01
         0.33555E+02          0.77166E-01
         0.33565E+02          0.76914E-01
         0.33575E+02          0.77122E-01
         0.33585E+02          0.77410E-01
         0.33595E+02          0.10734E+00
         0.33605E+02          0.77190E-01
         0.33615E+02          0.76792E-01
         0.33625E+02          0.76230E-01
         0.33635E+02          0.73868E-01
         0.33645E+02          0.79965E-01
         0.33655E+02          0.75239E-01
         0.33665E+02          0.47997E-01
         0.33675E+02          0.36872E-01
         0.33685E+02          0.63227E-01
         0.33695E+02          0.70024E-01
         0.33705E+02          0.71737E-01
         0.33715E+02          0.72074E-01
         0.33725E+02          0.71766E-01
         0.33735E+02          0.70953E-01
         0.33745E+02          0.69481E-01
         0.33755E+02          0.66855E-01
         0.33765E+02          0.68909E-01
         0.33775E+02          0.62708E-01
         0.33785E+02          0.55482E-01
         0.33795E+02          0.40488E-01
         0.33805E+02          0.30724E-02
         0.33815E+02          0.28319E-01
         0.33825E+02          0.96358E-02
         0.33835E+02          0.40158E-01
         0.33845E+02          0.10889E+00
         0.33855E+02          0.12122E+00
         0.33865E+02          0.93524E-01
         0.33875E+02          0.10955E+00
         0.33885E+02          0.11059E+00
         0.33895E+02          0.10846E+00
         0.33905E+02          0.10715E+00
         0.33915E+02          0.10639E+00
         0.33925E+02          0.10856E+00
         0.33935E+02          0.10383E+00
         0.33945E+02          0.10577E+00
         0.33955E+02          0.10653E+00
         0.33965E+02          0.11548E+00
         0.33975E+02          0.10747E+00
         0.33985E+02          0.19190E+00
         0.33995E+02          0.31137E+00
         0.34005E+02          0.28930E+00
         0.34015E+02          0.13570E+00
         0.34025E+02          0.63235E-01
         0.34035E+02          0.54397E-01
         0.34045E+02          0.28863E-01
         0.34055E+02          0.22567E-01
         0.34065E+02          0.14908E-01
         0.34075E+02          0.21967E-01
         0.34085E+02          0.52142E-01
         0.34095E+02          0.45521E-01
         0.34105E+02          0.61642E-01
         0.34115E+02          0.66505E-01
         0.34125E+02          0.69517E-01
         0.34135E+02          0.70710E-01
         0.34145E+02          0.68396E-01
         0.34155E+02          0.69803E-01
         0.34165E+02          0.70991E-01
         0.34175E+02          0.72079E-01
         0.34185E+02          0.72832E-01
         0.34195E+02          0.73665E-01
         0.34205E+02          0.75046E-01
         0.34215E+02          0.76208E-01
         0.34225E+02          0.75291E-01
         0.34235E+02          0.75619E-01
         0.34245E+02          0.75940E-01
         0.34255E+02          0.76237E-01
         0.34265E+02          0.75740E-01
         0.34275E+02          0.76862E-01
         0.34285E+02          0.98665E-01
         0.34295E+02          0.80694E-01
         0.34305E+02          0.77278E-01
         0.34315E+02          0.77984E-01
         0.34325E+02          0.78233E-01
         0.34335E+02          0.78441E-01
         0.34355E+02          0.78709E-01
         0.34365E+02          0.78841E-01
         0.34375E+02          0.79046E-01
         0.34385E+02          0.79067E-01
         0.34395E+02          0.79065E-01
         0.34405E+02          0.79063E-01
         0.34415E+02          0.79044E-01
         0.34425E+02          0.78993E-01
         0.34435E+02          0.78852E-01
         0.34445E+02          0.78339E-01
         0.34455E+02          0.76285E-01
         0.34465E+02          0.72457E-01
         0.34475E+02          0.71053E-01
         0.34485E+02          0.70373E-01
         0.34495E+02          0.68909E-01
         0.34505E+02          0.66200E-01
         0.34515E+02          0.61491E-01
         0.34525E+02          0.52953E-01
         0.34535E+02          0.35993E-01
         0.34545E+02          0.10356E-01
         0.34555E+02          0.10572E+00
         0.34565E+02          0.13877E+00
         0.34575E+02          0.13607E+00
         0.34585E+02          0.10883E+00
         0.34595E+02          0.10571E+00
         0.34605E+02          0.10394E+00
         0.34615E+02          0.10095E+00
         0.34625E+02          0.11725E+00
         0.34635E+02          0.11947E+00
         0.34645E+02          0.28460E-01
         0.34655E+02          0.29040E-01
         0.34665E+02          0.44937E-01
         0.34675E+02          0.57799E-01
         0.34685E+02          0.67588E-01
         0.34695E+02          0.73850E-01
         0.34705E+02          0.78455E-01
         0.34715E+02          0.82636E-01
         0.34725E+02          0.86689E-01
         0.34735E+02          0.97454E-01
         0.34745E+02          0.87704E-01
         0.34755E+02          0.77663E-01
         0.34765E+02          0.81816E-01
         0.34775E+02          0.84229E-01
         0.34785E+02          0.85866E-01
         0.34795E+02          0.87026E-01
         0.34805E+02          0.87832E-01
         0.34815E+02          0.88405E-01
         0.34825E+02          0.89323E-01
         0.34835E+02          0.91843E-01
         0.34845E+02          0.67511E-01
         0.34855E+02          0.72134E-01
         0.34865E+02          0.65223E-01
         0.34875E+02          0.40518E-01
         0.34885E+02          0.13949E+00
         0.34895E+02          0.11174E+00
         0.34905E+02          0.10198E+00
         0.34915E+02          0.72450E-01
         0.34925E+02          0.12233E+00
         0.34935E+02          0.60829E-01
         0.34945E+02          0.11236E+00
         0.34955E+02          0.11352E+00
         0.34965E+02          0.11153E+00
         0.34975E+02          0.11124E+00
         0.34985E+02          0.10608E+00
         0.34995E+02          0.10465E+00
         0.35005E+02          0.99838E-01
         0.35015E+02          0.10096E+00
         0.35025E+02          0.98201E-01
         0.35035E+02          0.92261E-01
         0.35045E+02          0.91194E-01
         0.35055E+02          0.36428E-01
         0.35065E+02          0.10582E+00
         0.35075E+02          0.91656E-01
         0.35085E+02          0.11485E+00
         0.35095E+02          0.10125E+00
         0.35105E+02          0.10838E+00
         0.35115E+02          0.10376E+00
         0.35125E+02          0.10187E+00
         0.35135E+02          0.99705E-01
         0.35145E+02          0.96210E-01
         0.35155E+02          0.91055E-01
         0.35165E+02          0.98444E-01
         0.35175E+02          0.10693E+00
         0.35185E+02          0.93625E-01
         0.35195E+02          0.10672E+00
         0.35205E+02          0.10112E+00
         0.35215E+02          0.93386E-01
         0.35225E+02          0.94916E-01
         0.35235E+02          0.12470E+00
         0.35245E+02          0.11506E+00
         0.35255E+02          0.92527E-01
         0.35265E+02          0.98102E-01
         0.35275E+02          0.94703E-01
         0.35285E+02          0.72378E-01
         0.35295E+02          0.88980E-01
         0.35305E+02          0.98752E-01
         0.35315E+02          0.10261E+00
         0.35325E+02          0.98478E-01
         0.35335E+02          0.84733E-01
         0.35345E+02          0.96072E-01
         0.35355E+02          0.10372E+00
         0.35365E+02          0.98340E-01
         0.35375E+02          0.97429E-01
         0.35385E+02          0.97252E-01
         0.35395E+02          0.98496E-01
         0.35405E+02          0.86797E-01
         0.35415E+02          0.95588E-01
         0.35425E+02          0.10075E+00
         0.35435E+02          0.10207E+00
         0.35445E+02          0.10158E+00
         0.35455E+02          0.86415E-01
         0.35465E+02          0.86296E-01
         0.35475E+02          0.86374E-01
         0.35485E+02          0.84229E-01
         0.35495E+02          0.83717E-01
         0.35505E+02          0.84045E-01
         0.35515E+02          0.83781E-01
         0.35525E+02          0.83139E-01
         0.35535E+02          0.82355E-01
         0.35545E+02          0.80617E-01
         0.35555E+02          0.77559E-01
         0.35565E+02          0.76550E-01
         0.35575E+02          0.75263E-01
         0.35585E+02          0.78173E-01
         0.35595E+02          0.91321E-01
         0.35605E+02          0.10143E+00
         0.35615E+02          0.10321E+00
         0.35625E+02          0.10230E+00
         0.35635E+02          0.96850E-01
         0.35645E+02          0.97780E-01
         0.35655E+02          0.96891E-01
         0.35665E+02          0.96175E-01
         0.35675E+02          0.95692E-01
         0.35685E+02          0.95488E-01
         0.35695E+02          0.93647E-01
         0.35705E+02          0.93789E-01
         0.35715E+02          0.93706E-01
         0.35725E+02          0.93713E-01
         0.35735E+02          0.92600E-01
         0.35745E+02          0.92867E-01
         0.35755E+02          0.89910E-01
         0.35765E+02          0.92057E-01
         0.35775E+02          0.92254E-01
         0.35785E+02          0.91734E-01
         0.35795E+02          0.90650E-01
         0.35805E+02          0.90670E-01
         0.35815E+02          0.91071E-01
         0.35825E+02          0.88241E-01
         0.35835E+02          0.90243E-01
         0.35845E+02          0.89160E-01
         0.35855E+02          0.87217E-01
         0.35865E+02          0.87677E-01
         0.35875E+02          0.88115E-01
         0.35885E+02          0.86952E-01
         0.35895E+02          0.86734E-01
         0.35905E+02          0.87048E-01
         0.35915E+02          0.87025E-01
         0.35925E+02          0.87753E-01
         0.35935E+02          0.88040E-01
         0.35945E+02          0.87837E-01
         0.35955E+02          0.88715E-01
         0.35965E+02          0.89298E-01
         0.35975E+02          0.89478E-01
         0.35985E+02          0.90100E-01
         0.35995E+02          0.90786E-01
         0.36005E+02          0.89139E-01
         0.36015E+02          0.83778E-01
         0.36025E+02          0.85670E-01
         0.36035E+02          0.86469E-01
         0.36045E+02          0.86706E-01
         0.36055E+02          0.86796E-01
         0.36065E+02          0.86776E-01
         0.36075E+02          0.86882E-01
         0.36085E+02          0.86910E-01
         0.36095E+02          0.86818E-01
         0.36105E+02          0.86650E-01
         0.36115E+02          0.86361E-01
         0.36125E+02          0.86100E-01
         0.36135E+02          0.85770E-01
         0.36145E+02          0.85215E-01
         0.36155E+02          0.84266E-01
         0.36165E+02          0.82395E-01
         0.36175E+02          0.79398E-01
         0.36185E+02          0.10401E+00
         0.36195E+02          0.94186E-01
         0.36205E+02          0.91507E-01
         0.36215E+02          0.90279E-01
         0.36225E+02          0.89521E-01
         0.36235E+02          0.88850E-01
         0.36245E+02          0.88587E-01
         0.36255E+02          0.88322E-01
         0.36265E+02          0.86816E-01
         0.36275E+02          0.87157E-01
         0.36285E+02          0.87216E-01
         0.36295E+02          0.87138E-01
         0.36305E+02          0.87012E-01
         0.36315E+02          0.86861E-01
         0.36325E+02          0.86688E-01
         0.36335E+02          0.86469E-01
         0.36345E+02          0.74512E-01
         0.36355E+02          0.86328E-01
         0.36365E+02          0.86125E-01
         0.36375E+02          0.86411E-01
         0.36385E+02          0.85687E-01
         0.36395E+02          0.85591E-01
         0.36405E+02          0.84504E-01
         0.36415E+02          0.84389E-01
         0.36425E+02          0.81664E-01
         0.36435E+02          0.81334E-01
         0.36445E+02          0.78719E-01
         0.36455E+02          0.76094E-01
         0.36465E+02          0.83167E-01
         0.36475E+02          0.77924E-01
         0.36485E+02          0.79501E-01
         0.36495E+02          0.78604E-01
         0.36505E+02          0.76986E-01
         0.36515E+02          0.75528E-01
         0.36525E+02          0.73886E-01
         0.16535E+02          0.00000E+00
