         0.74532E+02          0.00000E+00
         0.74487E+02          0.00000E+00
         0.74442E+02          0.00000E+00
         0.74398E+02          0.00000E+00
         0.74353E+02          0.00000E+00
         0.74308E+02          0.00000E+00
         0.74264E+02          0.00000E+00
         0.74220E+02          0.00000E+00
         0.74175E+02          0.00000E+00
         0.74131E+02          0.00000E+00
         0.74086E+02          0.00000E+00
         0.74042E+02          0.00000E+00
         0.73998E+02          0.00000E+00
         0.73954E+02          0.00000E+00
         0.73910E+02          0.00000E+00
         0.73866E+02          0.00000E+00
         0.73822E+02          0.00000E+00
         0.73778E+02          0.00000E+00
         0.73734E+02          0.00000E+00
         0.73690E+02          0.00000E+00
         0.73646E+02          0.00000E+00
         0.73603E+02          0.00000E+00
         0.73559E+02          0.00000E+00
         0.73515E+02          0.00000E+00
         0.73472E+02          0.00000E+00
         0.73428E+02          0.00000E+00
         0.73385E+02          0.00000E+00
         0.73341E+02          0.00000E+00
         0.73298E+02          0.00000E+00
         0.73255E+02          0.00000E+00
         0.73212E+02          0.00000E+00
         0.73168E+02          0.00000E+00
         0.73125E+02          0.00000E+00
         0.73082E+02          0.00000E+00
         0.73039E+02          0.00000E+00
         0.72996E+02          0.00000E+00
         0.72953E+02          0.00000E+00
         0.72910E+02          0.00000E+00
         0.72867E+02          0.00000E+00
         0.72824E+02          0.00000E+00
         0.72782E+02          0.00000E+00
         0.72739E+02          0.00000E+00
         0.72696E+02          0.00000E+00
         0.72654E+02          0.00000E+00
         0.72611E+02          0.00000E+00
         0.72569E+02          0.00000E+00
         0.72526E+02          0.00000E+00
         0.72484E+02          0.00000E+00
         0.72442E+02          0.00000E+00
         0.72399E+02          0.00000E+00
         0.72357E+02          0.00000E+00
         0.72315E+02          0.00000E+00
         0.72273E+02          0.00000E+00
         0.72231E+02          0.00000E+00
         0.72188E+02          0.00000E+00
         0.72146E+02          0.00000E+00
         0.72105E+02          0.00000E+00
         0.72063E+02          0.00000E+00
         0.72021E+02          0.00000E+00
         0.71979E+02          0.00000E+00
         0.71937E+02          0.00000E+00
         0.71895E+02          0.00000E+00
         0.71854E+02          0.00000E+00
         0.71812E+02          0.00000E+00
         0.71771E+02          0.00000E+00
         0.71729E+02          0.00000E+00
         0.71688E+02          0.00000E+00
         0.71646E+02          0.00000E+00
         0.71605E+02          0.00000E+00
         0.71563E+02          0.00000E+00
         0.71522E+02          0.00000E+00
         0.71481E+02          0.00000E+00
         0.71440E+02          0.00000E+00
         0.71399E+02          0.00000E+00
         0.71358E+02          0.00000E+00
         0.71316E+02          0.00000E+00
         0.71275E+02          0.00000E+00
         0.71235E+02          0.00000E+00
         0.71194E+02          0.00000E+00
         0.71153E+02          0.00000E+00
         0.71112E+02          0.00000E+00
         0.71071E+02          0.00000E+00
         0.71030E+02          0.00000E+00
         0.70990E+02          0.00000E+00
         0.70949E+02          0.00000E+00
         0.70909E+02          0.00000E+00
         0.70868E+02          0.00000E+00
         0.70828E+02          0.00000E+00
         0.70787E+02          0.00000E+00
         0.70747E+02          0.00000E+00
         0.70706E+02          0.00000E+00
         0.70666E+02          0.00000E+00
         0.70626E+02          0.00000E+00
         0.70586E+02          0.00000E+00
         0.70545E+02          0.00000E+00
         0.70505E+02          0.00000E+00
         0.70465E+02          0.00000E+00
         0.70425E+02          0.00000E+00
         0.70385E+02          0.00000E+00
         0.70345E+02          0.00000E+00
         0.70305E+02          0.00000E+00
         0.70266E+02          0.00000E+00
         0.70226E+02          0.00000E+00
         0.70186E+02          0.00000E+00
         0.70146E+02          0.00000E+00
         0.70107E+02          0.00000E+00
         0.70067E+02          0.00000E+00
         0.70028E+02          0.00000E+00
         0.69988E+02          0.00000E+00
         0.69948E+02          0.00000E+00
         0.69909E+02          0.00000E+00
         0.69870E+02          0.00000E+00
         0.69830E+02          0.00000E+00
         0.69791E+02          0.00000E+00
         0.69752E+02          0.00000E+00
         0.69713E+02          0.00000E+00
         0.69673E+02          0.00000E+00
         0.69634E+02          0.00000E+00
         0.69595E+02          0.00000E+00
         0.69556E+02          0.00000E+00
         0.69517E+02          0.00000E+00
         0.69478E+02          0.00000E+00
         0.69439E+02          0.00000E+00
         0.69400E+02          0.00000E+00
         0.69362E+02          0.00000E+00
         0.69323E+02          0.00000E+00
         0.69284E+02          0.00000E+00
         0.69245E+02          0.00000E+00
         0.69207E+02          0.00000E+00
         0.69168E+02          0.00000E+00
         0.69129E+02          0.00000E+00
         0.69091E+02          0.00000E+00
         0.69052E+02          0.00000E+00
         0.69014E+02          0.00000E+00
         0.68976E+02          0.00000E+00
         0.68937E+02          0.00000E+00
         0.68899E+02          0.00000E+00
         0.68861E+02          0.00000E+00
         0.68822E+02          0.00000E+00
         0.68784E+02          0.00000E+00
         0.68746E+02          0.00000E+00
         0.68708E+02          0.00000E+00
         0.68670E+02          0.00000E+00
         0.68632E+02          0.00000E+00
         0.68594E+02          0.00000E+00
         0.68556E+02          0.00000E+00
         0.68518E+02          0.00000E+00
         0.68480E+02          0.00000E+00
         0.68443E+02          0.00000E+00
         0.68405E+02          0.00000E+00
         0.68367E+02          0.00000E+00
         0.68329E+02          0.00000E+00
         0.68292E+02          0.00000E+00
         0.68254E+02          0.00000E+00
         0.68217E+02          0.00000E+00
         0.68179E+02          0.00000E+00
         0.68142E+02          0.00000E+00
         0.68104E+02          0.00000E+00
         0.68067E+02          0.00000E+00
         0.68029E+02          0.00000E+00
         0.67992E+02          0.00000E+00
         0.67955E+02          0.00000E+00
         0.67918E+02          0.00000E+00
         0.67880E+02          0.00000E+00
         0.67843E+02          0.00000E+00
         0.67806E+02          0.00000E+00
         0.67769E+02          0.00000E+00
         0.67732E+02          0.00000E+00
         0.67695E+02          0.00000E+00
         0.67658E+02          0.00000E+00
         0.67621E+02          0.00000E+00
         0.67584E+02          0.00000E+00
         0.67548E+02          0.00000E+00
         0.67511E+02          0.00000E+00
         0.67474E+02          0.00000E+00
         0.67437E+02          0.00000E+00
         0.67401E+02          0.00000E+00
         0.67364E+02          0.00000E+00
         0.67328E+02          0.00000E+00
         0.67291E+02          0.00000E+00
         0.67255E+02          0.00000E+00
         0.67218E+02          0.00000E+00
         0.67182E+02          0.00000E+00
         0.67145E+02          0.00000E+00
         0.67109E+02          0.00000E+00
         0.67073E+02          0.00000E+00
         0.67036E+02          0.00000E+00
         0.67000E+02          0.00000E+00
         0.66964E+02          0.00000E+00
         0.66928E+02          0.00000E+00
         0.66892E+02          0.00000E+00
         0.66856E+02          0.00000E+00
         0.66820E+02          0.00000E+00
         0.66784E+02          0.00000E+00
         0.66748E+02          0.00000E+00
         0.66712E+02          0.00000E+00
         0.66676E+02          0.00000E+00
         0.66640E+02          0.00000E+00
         0.66604E+02          0.00000E+00
         0.66568E+02          0.00000E+00
         0.66533E+02          0.00000E+00
         0.66497E+02          0.00000E+00
         0.66461E+02          0.00000E+00
         0.66426E+02          0.00000E+00
         0.66390E+02          0.00000E+00
         0.66355E+02          0.00000E+00
         0.66319E+02          0.00000E+00
         0.66284E+02          0.00000E+00
         0.66248E+02          0.00000E+00
         0.66213E+02          0.00000E+00
         0.66178E+02          0.00000E+00
         0.66142E+02          0.00000E+00
         0.66107E+02          0.00000E+00
         0.66072E+02          0.00000E+00
         0.66037E+02          0.00000E+00
         0.66001E+02          0.00000E+00
         0.65966E+02          0.00000E+00
         0.65931E+02          0.00000E+00
         0.65896E+02          0.00000E+00
         0.65861E+02          0.00000E+00
         0.65826E+02          0.00000E+00
         0.65791E+02          0.00000E+00
         0.65756E+02          0.00000E+00
         0.65722E+02          0.00000E+00
         0.65687E+02          0.00000E+00
         0.65652E+02          0.00000E+00
         0.65617E+02          0.00000E+00
         0.65582E+02          0.00000E+00
         0.65548E+02          0.00000E+00
         0.65513E+02          0.00000E+00
         0.65479E+02          0.00000E+00
         0.65444E+02          0.00000E+00
         0.65410E+02          0.00000E+00
         0.65375E+02          0.00000E+00
         0.65341E+02          0.00000E+00
         0.65306E+02          0.00000E+00
         0.65272E+02          0.00000E+00
         0.65237E+02          0.00000E+00
         0.65203E+02          0.00000E+00
         0.65169E+02          0.00000E+00
         0.65135E+02          0.00000E+00
         0.65100E+02          0.00000E+00
         0.65066E+02          0.00000E+00
         0.65032E+02          0.00000E+00
         0.64998E+02          0.00000E+00
         0.64964E+02          0.00000E+00
         0.64930E+02          0.00000E+00
         0.64896E+02          0.00000E+00
         0.64862E+02          0.00000E+00
         0.64828E+02          0.00000E+00
         0.64794E+02          0.00000E+00
         0.64760E+02          0.00000E+00
         0.64727E+02          0.00000E+00
         0.64693E+02          0.00000E+00
         0.64659E+02          0.00000E+00
         0.64625E+02          0.00000E+00
         0.64592E+02          0.00000E+00
         0.64558E+02          0.00000E+00
         0.64524E+02          0.00000E+00
         0.64491E+02          0.00000E+00
         0.64457E+02          0.00000E+00
         0.64424E+02          0.00000E+00
         0.64390E+02          0.00000E+00
         0.64357E+02          0.00000E+00
         0.64324E+02          0.00000E+00
         0.64290E+02          0.00000E+00
         0.64257E+02          0.00000E+00
         0.64224E+02          0.00000E+00
         0.64190E+02          0.00000E+00
         0.64157E+02          0.00000E+00
         0.64124E+02          0.00000E+00
         0.64091E+02          0.00000E+00
         0.64058E+02          0.00000E+00
         0.64025E+02          0.00000E+00
         0.63992E+02          0.00000E+00
         0.63959E+02          0.00000E+00
         0.63926E+02          0.00000E+00
         0.63893E+02          0.00000E+00
         0.63860E+02          0.00000E+00
         0.63827E+02          0.00000E+00
         0.63794E+02          0.00000E+00
         0.63761E+02          0.00000E+00
         0.63728E+02          0.00000E+00
         0.63696E+02          0.00000E+00
         0.63663E+02          0.00000E+00
         0.63630E+02          0.00000E+00
         0.63598E+02          0.00000E+00
         0.63565E+02          0.00000E+00
         0.63533E+02          0.00000E+00
         0.63500E+02          0.00000E+00
         0.63467E+02          0.00000E+00
         0.63435E+02          0.00000E+00
         0.63403E+02          0.00000E+00
         0.63370E+02          0.00000E+00
         0.63338E+02          0.00000E+00
         0.63305E+02          0.00000E+00
         0.63273E+02          0.00000E+00
         0.63241E+02          0.00000E+00
         0.63209E+02          0.00000E+00
         0.63176E+02          0.00000E+00
         0.63144E+02          0.00000E+00
         0.63112E+02          0.00000E+00
         0.63080E+02          0.00000E+00
         0.63048E+02          0.00000E+00
         0.63016E+02          0.00000E+00
         0.62984E+02          0.00000E+00
         0.62952E+02          0.00000E+00
         0.62920E+02          0.00000E+00
         0.62888E+02          0.00000E+00
         0.62856E+02          0.00000E+00
         0.62824E+02          0.00000E+00
         0.62792E+02          0.00000E+00
         0.62761E+02          0.00000E+00
         0.62729E+02          0.00000E+00
         0.62697E+02          0.00000E+00
         0.62666E+02          0.00000E+00
         0.62634E+02          0.00000E+00
         0.62602E+02          0.00000E+00
         0.62571E+02          0.00000E+00
         0.62539E+02          0.00000E+00
         0.62508E+02          0.00000E+00
         0.62476E+02          0.00000E+00
         0.62445E+02          0.00000E+00
         0.62413E+02          0.00000E+00
         0.62382E+02          0.00000E+00
         0.62350E+02          0.00000E+00
         0.62319E+02          0.00000E+00
         0.62288E+02          0.00000E+00
         0.62256E+02          0.00000E+00
         0.62225E+02          0.00000E+00
         0.62194E+02          0.00000E+00
         0.62163E+02          0.00000E+00
         0.62132E+02          0.00000E+00
         0.62101E+02          0.00000E+00
         0.62069E+02          0.00000E+00
         0.62038E+02          0.00000E+00
         0.62007E+02          0.00000E+00
         0.61976E+02          0.00000E+00
         0.61945E+02          0.00000E+00
         0.61914E+02          0.00000E+00
         0.61884E+02          0.00000E+00
         0.61853E+02          0.00000E+00
         0.61822E+02          0.00000E+00
         0.61791E+02          0.00000E+00
         0.61760E+02          0.00000E+00
         0.61730E+02          0.00000E+00
         0.61699E+02          0.00000E+00
         0.61668E+02          0.00000E+00
         0.61637E+02          0.00000E+00
         0.61607E+02          0.00000E+00
         0.61576E+02          0.00000E+00
         0.61546E+02          0.00000E+00
         0.61515E+02          0.00000E+00
         0.61485E+02          0.00000E+00
         0.61454E+02          0.00000E+00
         0.61424E+02          0.00000E+00
         0.61393E+02          0.00000E+00
         0.61363E+02          0.00000E+00
         0.61333E+02          0.00000E+00
         0.61302E+02          0.00000E+00
         0.61272E+02          0.00000E+00
         0.61242E+02          0.00000E+00
         0.61211E+02          0.00000E+00
         0.61181E+02          0.00000E+00
         0.61151E+02          0.00000E+00
         0.61121E+02          0.00000E+00
         0.61091E+02          0.00000E+00
         0.61061E+02          0.00000E+00
         0.61031E+02          0.00000E+00
         0.61001E+02          0.00000E+00
         0.60971E+02          0.00000E+00
         0.60941E+02          0.00000E+00
         0.60911E+02          0.00000E+00
         0.60881E+02          0.00000E+00
         0.60851E+02          0.00000E+00
         0.60821E+02          0.00000E+00
         0.60791E+02          0.00000E+00
         0.60761E+02          0.00000E+00
         0.60732E+02          0.00000E+00
         0.60702E+02          0.00000E+00
         0.60672E+02          0.00000E+00
         0.60643E+02          0.00000E+00
         0.60613E+02          0.00000E+00
         0.60583E+02          0.00000E+00
         0.60554E+02          0.00000E+00
         0.60524E+02          0.00000E+00
         0.60495E+02          0.00000E+00
         0.60465E+02          0.00000E+00
         0.60436E+02          0.00000E+00
         0.60406E+02          0.00000E+00
         0.60377E+02          0.00000E+00
         0.60347E+02          0.00000E+00
         0.60318E+02          0.00000E+00
         0.60289E+02          0.00000E+00
         0.60259E+02          0.00000E+00
         0.60230E+02          0.00000E+00
         0.60201E+02          0.00000E+00
         0.60172E+02          0.00000E+00
         0.60142E+02          0.00000E+00
         0.60113E+02          0.00000E+00
         0.60084E+02          0.00000E+00
         0.60055E+02          0.00000E+00
         0.60026E+02          0.00000E+00
         0.59997E+02          0.00000E+00
         0.59968E+02          0.00000E+00
         0.59939E+02          0.00000E+00
         0.59910E+02          0.00000E+00
         0.59881E+02          0.00000E+00
         0.59852E+02          0.00000E+00
         0.59823E+02          0.00000E+00
         0.59794E+02          0.00000E+00
         0.59766E+02          0.00000E+00
         0.59737E+02          0.00000E+00
         0.59708E+02          0.00000E+00
         0.59679E+02          0.00000E+00
         0.59651E+02          0.00000E+00
         0.59622E+02          0.00000E+00
         0.59593E+02          0.00000E+00
         0.59565E+02          0.00000E+00
         0.59536E+02          0.00000E+00
         0.59507E+02          0.00000E+00
         0.59479E+02          0.00000E+00
         0.59450E+02          0.00000E+00
         0.59422E+02          0.00000E+00
         0.59393E+02          0.00000E+00
         0.59365E+02          0.00000E+00
         0.59337E+02          0.00000E+00
         0.59308E+02          0.00000E+00
         0.59280E+02          0.00000E+00
         0.59251E+02          0.00000E+00
         0.59223E+02          0.00000E+00
         0.59195E+02          0.00000E+00
         0.59167E+02          0.00000E+00
         0.59138E+02          0.00000E+00
         0.59110E+02          0.00000E+00
         0.59082E+02          0.00000E+00
         0.59054E+02          0.00000E+00
         0.59026E+02          0.00000E+00
         0.58998E+02          0.00000E+00
         0.58970E+02          0.00000E+00
         0.58942E+02          0.00000E+00
         0.58914E+02          0.00000E+00
         0.58886E+02          0.00000E+00
         0.58858E+02          0.00000E+00
         0.58830E+02          0.00000E+00
         0.58802E+02          0.00000E+00
         0.58774E+02          0.00000E+00
         0.58746E+02          0.00000E+00
         0.58718E+02          0.00000E+00
         0.58691E+02          0.00000E+00
         0.58663E+02          0.00000E+00
         0.58635E+02          0.00000E+00
         0.58607E+02          0.00000E+00
         0.58580E+02          0.00000E+00
         0.58552E+02          0.00000E+00
         0.58524E+02          0.00000E+00
         0.58497E+02          0.00000E+00
         0.58469E+02          0.00000E+00
         0.58442E+02          0.00000E+00
         0.58414E+02          0.00000E+00
         0.58386E+02          0.00000E+00
         0.58359E+02          0.00000E+00
         0.58332E+02          0.00000E+00
         0.58304E+02          0.00000E+00
         0.58277E+02          0.00000E+00
         0.58249E+02          0.00000E+00
         0.58222E+02          0.00000E+00
         0.58195E+02          0.00000E+00
         0.58167E+02          0.00000E+00
         0.58140E+02          0.00000E+00
         0.58113E+02          0.00000E+00
         0.58086E+02          0.00000E+00
         0.58058E+02          0.00000E+00
         0.58031E+02          0.00000E+00
         0.58004E+02          0.00000E+00
         0.57977E+02          0.00000E+00
         0.57950E+02          0.00000E+00
         0.57923E+02          0.00000E+00
         0.57896E+02          0.00000E+00
         0.57869E+02          0.00000E+00
         0.57842E+02          0.00000E+00
         0.57815E+02          0.00000E+00
         0.57788E+02          0.00000E+00
         0.57761E+02          0.00000E+00
         0.57734E+02          0.00000E+00
         0.57707E+02          0.00000E+00
         0.57680E+02          0.00000E+00
         0.57653E+02          0.00000E+00
         0.57627E+02          0.00000E+00
         0.57600E+02          0.00000E+00
         0.57573E+02          0.00000E+00
         0.57546E+02          0.00000E+00
         0.57520E+02          0.00000E+00
         0.57493E+02          0.00000E+00
         0.57466E+02          0.00000E+00
         0.57440E+02          0.00000E+00
         0.57413E+02          0.00000E+00
         0.57387E+02          0.00000E+00
         0.57360E+02          0.00000E+00
         0.57334E+02          0.00000E+00
         0.57307E+02          0.00000E+00
         0.57281E+02          0.00000E+00
         0.57254E+02          0.00000E+00
         0.57228E+02          0.00000E+00
         0.57201E+02          0.00000E+00
         0.57175E+02          0.00000E+00
         0.57149E+02          0.00000E+00
         0.57122E+02          0.00000E+00
         0.57096E+02          0.00000E+00
         0.57070E+02          0.00000E+00
         0.57043E+02          0.00000E+00
         0.57017E+02          0.00000E+00
         0.56991E+02          0.00000E+00
         0.56965E+02          0.00000E+00
         0.56939E+02          0.00000E+00
         0.56912E+02          0.00000E+00
         0.56886E+02          0.00000E+00
         0.56860E+02          0.00000E+00
         0.56834E+02          0.00000E+00
         0.56808E+02          0.00000E+00
         0.56782E+02          0.00000E+00
         0.56756E+02          0.00000E+00
         0.56730E+02          0.00000E+00
         0.56704E+02          0.00000E+00
         0.56678E+02          0.00000E+00
         0.56652E+02          0.00000E+00
         0.56626E+02          0.00000E+00
         0.56601E+02          0.00000E+00
         0.56575E+02          0.00000E+00
         0.56549E+02          0.00000E+00
         0.56523E+02          0.00000E+00
         0.56497E+02          0.00000E+00
         0.56472E+02          0.00000E+00
         0.56446E+02          0.00000E+00
         0.56420E+02          0.00000E+00
         0.56395E+02          0.00000E+00
         0.56369E+02          0.00000E+00
         0.56343E+02          0.00000E+00
         0.56318E+02          0.00000E+00
         0.56292E+02          0.00000E+00
         0.56267E+02          0.00000E+00
         0.56241E+02          0.00000E+00
         0.56216E+02          0.00000E+00
         0.56190E+02          0.00000E+00
         0.56165E+02          0.00000E+00
         0.56139E+02          0.00000E+00
         0.56114E+02          0.00000E+00
         0.56089E+02          0.00000E+00
         0.56063E+02          0.00000E+00
         0.56038E+02          0.00000E+00
         0.56013E+02          0.00000E+00
         0.55987E+02          0.00000E+00
         0.55962E+02          0.00000E+00
         0.55937E+02          0.00000E+00
         0.55911E+02          0.00000E+00
         0.55886E+02          0.00000E+00
         0.55861E+02          0.00000E+00
         0.55836E+02          0.00000E+00
         0.55811E+02          0.00000E+00
         0.55786E+02          0.00000E+00
         0.55761E+02          0.00000E+00
         0.55736E+02          0.00000E+00
         0.55710E+02          0.00000E+00
         0.55685E+02          0.00000E+00
         0.55660E+02          0.00000E+00
         0.55635E+02          0.00000E+00
         0.55611E+02          0.00000E+00
         0.55586E+02          0.00000E+00
         0.55561E+02          0.00000E+00
         0.55536E+02          0.00000E+00
         0.55511E+02          0.00000E+00
         0.55486E+02          0.00000E+00
         0.55461E+02          0.00000E+00
         0.55436E+02          0.00000E+00
         0.55412E+02          0.00000E+00
         0.55387E+02          0.00000E+00
         0.55362E+02          0.00000E+00
         0.55338E+02          0.00000E+00
         0.55313E+02          0.00000E+00
         0.55288E+02          0.00000E+00
         0.55264E+02          0.00000E+00
         0.55239E+02          0.00000E+00
         0.55214E+02          0.00000E+00
         0.55190E+02          0.00000E+00
         0.55165E+02          0.00000E+00
         0.55141E+02          0.00000E+00
         0.55116E+02          0.00000E+00
         0.55092E+02          0.00000E+00
         0.55067E+02          0.00000E+00
         0.55043E+02          0.00000E+00
         0.55018E+02          0.00000E+00
         0.54994E+02          0.00000E+00
         0.54969E+02          0.00000E+00
         0.54945E+02          0.00000E+00
         0.54921E+02          0.00000E+00
         0.54896E+02          0.00000E+00
         0.54872E+02          0.00000E+00
         0.54848E+02          0.00000E+00
         0.54824E+02          0.00000E+00
         0.54799E+02          0.00000E+00
         0.54775E+02          0.00000E+00
         0.54751E+02          0.00000E+00
         0.54727E+02          0.00000E+00
         0.54703E+02          0.00000E+00
         0.54679E+02          0.00000E+00
         0.54654E+02          0.00000E+00
         0.54630E+02          0.00000E+00
         0.54606E+02          0.00000E+00
         0.54582E+02          0.00000E+00
         0.54558E+02          0.00000E+00
         0.54534E+02          0.00000E+00
         0.54510E+02          0.00000E+00
         0.54486E+02          0.00000E+00
         0.54462E+02          0.00000E+00
         0.54439E+02          0.00000E+00
         0.54415E+02          0.00000E+00
         0.54391E+02          0.00000E+00
         0.54367E+02          0.00000E+00
         0.54343E+02          0.00000E+00
         0.54319E+02          0.00000E+00
         0.54295E+02          0.00000E+00
         0.54272E+02          0.00000E+00
         0.54248E+02          0.00000E+00
         0.54224E+02          0.00000E+00
         0.54201E+02          0.00000E+00
         0.54177E+02          0.00000E+00
         0.54153E+02          0.00000E+00
         0.54130E+02          0.00000E+00
         0.54106E+02          0.00000E+00
         0.54082E+02          0.00000E+00
         0.54059E+02          0.00000E+00
         0.54035E+02          0.00000E+00
         0.54012E+02          0.00000E+00
         0.53988E+02          0.00000E+00
         0.53965E+02          0.00000E+00
         0.53941E+02          0.00000E+00
         0.53918E+02          0.00000E+00
         0.53894E+02          0.00000E+00
         0.53871E+02          0.00000E+00
         0.53847E+02          0.00000E+00
         0.53824E+02          0.00000E+00
         0.53801E+02          0.00000E+00
         0.53777E+02          0.00000E+00
         0.53754E+02          0.00000E+00
         0.53731E+02          0.00000E+00
         0.53707E+02          0.00000E+00
         0.53684E+02          0.00000E+00
         0.53661E+02          0.00000E+00
         0.53638E+02          0.00000E+00
         0.53615E+02          0.00000E+00
         0.53591E+02          0.00000E+00
         0.53568E+02          0.00000E+00
         0.53545E+02          0.00000E+00
         0.53522E+02          0.00000E+00
         0.53499E+02          0.00000E+00
         0.53476E+02          0.00000E+00
         0.53453E+02          0.00000E+00
         0.53430E+02          0.00000E+00
         0.53407E+02          0.00000E+00
         0.53384E+02          0.00000E+00
         0.53361E+02          0.00000E+00
         0.53338E+02          0.00000E+00
         0.53315E+02          0.00000E+00
         0.53292E+02          0.00000E+00
         0.53269E+02          0.00000E+00
         0.53246E+02          0.00000E+00
         0.53223E+02          0.00000E+00
         0.53200E+02          0.00000E+00
         0.53178E+02          0.00000E+00
         0.53155E+02          0.00000E+00
         0.53132E+02          0.00000E+00
         0.53109E+02          0.00000E+00
         0.53087E+02          0.00000E+00
         0.53064E+02          0.00000E+00
         0.53041E+02          0.00000E+00
         0.53018E+02          0.00000E+00
         0.52996E+02          0.00000E+00
         0.52973E+02          0.00000E+00
         0.52951E+02          0.00000E+00
         0.52928E+02          0.00000E+00
         0.52905E+02          0.00000E+00
         0.52883E+02          0.00000E+00
         0.52860E+02          0.00000E+00
         0.52838E+02          0.00000E+00
         0.52815E+02          0.00000E+00
         0.52793E+02          0.00000E+00
         0.52770E+02          0.00000E+00
         0.52748E+02          0.00000E+00
         0.52725E+02          0.00000E+00
         0.52703E+02          0.00000E+00
         0.52681E+02          0.00000E+00
         0.52658E+02          0.00000E+00
         0.52636E+02          0.00000E+00
         0.52613E+02          0.00000E+00
         0.52591E+02          0.00000E+00
         0.52569E+02          0.00000E+00
         0.52547E+02          0.00000E+00
         0.52524E+02          0.00000E+00
         0.52502E+02          0.00000E+00
         0.52480E+02          0.00000E+00
         0.52458E+02          0.00000E+00
         0.52435E+02          0.00000E+00
         0.52413E+02          0.00000E+00
         0.52391E+02          0.00000E+00
         0.52369E+02          0.00000E+00
         0.52347E+02          0.00000E+00
         0.52325E+02          0.00000E+00
         0.52303E+02          0.00000E+00
         0.52281E+02          0.00000E+00
         0.52259E+02          0.00000E+00
         0.52237E+02          0.00000E+00
         0.52215E+02          0.00000E+00
         0.52193E+02          0.00000E+00
         0.52171E+02          0.00000E+00
         0.52149E+02          0.00000E+00
         0.52127E+02          0.00000E+00
         0.52105E+02          0.00000E+00
         0.52083E+02          0.00000E+00
         0.52061E+02          0.00000E+00
         0.52039E+02          0.00000E+00
         0.52017E+02          0.00000E+00
         0.51996E+02          0.00000E+00
         0.51974E+02          0.00000E+00
         0.51952E+02          0.00000E+00
         0.51930E+02          0.00000E+00
         0.51909E+02          0.00000E+00
         0.51887E+02          0.00000E+00
         0.51865E+02          0.00000E+00
         0.51843E+02          0.00000E+00
         0.51822E+02          0.00000E+00
         0.51800E+02          0.00000E+00
         0.51779E+02          0.00000E+00
         0.51757E+02          0.00000E+00
         0.51735E+02          0.00000E+00
         0.51714E+02          0.00000E+00
         0.51692E+02          0.00000E+00
         0.51671E+02          0.00000E+00
         0.51649E+02          0.00000E+00
         0.51628E+02          0.00000E+00
         0.51606E+02          0.00000E+00
         0.51585E+02          0.00000E+00
         0.51563E+02          0.00000E+00
         0.51542E+02          0.00000E+00
         0.51520E+02          0.00000E+00
         0.51499E+02          0.00000E+00
         0.51478E+02          0.00000E+00
         0.51456E+02          0.00000E+00
         0.51435E+02          0.00000E+00
         0.51414E+02          0.00000E+00
         0.51392E+02          0.00000E+00
         0.51371E+02          0.00000E+00
         0.51350E+02          0.00000E+00
         0.51328E+02          0.00000E+00
         0.51307E+02          0.00000E+00
         0.51286E+02          0.00000E+00
         0.51265E+02          0.00000E+00
         0.51244E+02          0.00000E+00
         0.51222E+02          0.00000E+00
         0.51201E+02          0.00000E+00
         0.51180E+02          0.00000E+00
         0.51159E+02          0.00000E+00
         0.51138E+02          0.00000E+00
         0.51117E+02          0.00000E+00
         0.51096E+02          0.00000E+00
         0.51075E+02          0.00000E+00
         0.51054E+02          0.00000E+00
         0.51033E+02          0.00000E+00
         0.51012E+02          0.00000E+00
         0.50991E+02          0.00000E+00
         0.50970E+02          0.00000E+00
         0.50949E+02          0.00000E+00
         0.50928E+02          0.00000E+00
         0.50907E+02          0.00000E+00
         0.50886E+02          0.00000E+00
         0.50865E+02          0.00000E+00
         0.50844E+02          0.00000E+00
         0.50823E+02          0.00000E+00
         0.50803E+02          0.00000E+00
         0.50782E+02          0.00000E+00
         0.50761E+02          0.00000E+00
         0.50740E+02          0.00000E+00
         0.50719E+02          0.00000E+00
         0.50699E+02          0.00000E+00
         0.50678E+02          0.00000E+00
         0.50657E+02          0.00000E+00
         0.50637E+02          0.00000E+00
         0.50616E+02          0.00000E+00
         0.50595E+02          0.00000E+00
         0.50575E+02          0.00000E+00
         0.50554E+02          0.00000E+00
         0.50533E+02          0.00000E+00
         0.50513E+02          0.00000E+00
         0.50492E+02          0.00000E+00
         0.50472E+02          0.00000E+00
         0.50451E+02          0.00000E+00
         0.50431E+02          0.00000E+00
         0.50410E+02          0.00000E+00
         0.50390E+02          0.00000E+00
         0.50369E+02          0.00000E+00
         0.50349E+02          0.00000E+00
         0.50328E+02          0.00000E+00
         0.50308E+02          0.00000E+00
         0.50287E+02          0.00000E+00
         0.50267E+02          0.00000E+00
         0.50247E+02          0.00000E+00
         0.50226E+02          0.00000E+00
         0.50206E+02          0.00000E+00
         0.50186E+02          0.00000E+00
         0.50165E+02          0.00000E+00
         0.50145E+02          0.00000E+00
         0.50125E+02          0.00000E+00
         0.50105E+02          0.00000E+00
         0.50084E+02          0.00000E+00
         0.50064E+02          0.00000E+00
         0.50044E+02          0.00000E+00
         0.50024E+02          0.00000E+00
         0.50004E+02          0.00000E+00
         0.49983E+02          0.00000E+00
         0.49963E+02          0.00000E+00
         0.49943E+02          0.00000E+00
         0.49923E+02          0.00000E+00
         0.49903E+02          0.00000E+00
         0.49883E+02          0.00000E+00
         0.49863E+02          0.00000E+00
         0.49843E+02          0.00000E+00
         0.49823E+02          0.00000E+00
         0.49803E+02          0.00000E+00
         0.49783E+02          0.00000E+00
         0.49763E+02          0.00000E+00
         0.49743E+02          0.00000E+00
         0.49723E+02          0.00000E+00
         0.49703E+02          0.00000E+00
         0.49683E+02          0.00000E+00
         0.49663E+02          0.00000E+00
         0.49643E+02          0.00000E+00
         0.49623E+02          0.00000E+00
         0.49603E+02          0.00000E+00
         0.49584E+02          0.00000E+00
         0.49564E+02          0.85763E-01
         0.49544E+02          0.83100E-01
         0.49524E+02          0.89104E-01
         0.49504E+02          0.88021E-01
         0.49485E+02          0.88010E-01
         0.49465E+02          0.80140E-01
         0.49445E+02          0.49210E-01
         0.49425E+02          0.82118E-01
         0.49406E+02          0.66383E-01
         0.49386E+02          0.12474E+00
         0.49366E+02          0.86311E-01
         0.49347E+02          0.89201E-01
         0.49327E+02          0.90866E-01
         0.49307E+02          0.89490E-01
         0.49288E+02          0.85232E-01
         0.49268E+02          0.88894E-01
         0.49249E+02          0.88367E-01
         0.49229E+02          0.88021E-01
         0.49210E+02          0.87751E-01
         0.49190E+02          0.87514E-01
         0.49171E+02          0.87287E-01
         0.49151E+02          0.87055E-01
         0.49132E+02          0.86805E-01
         0.49112E+02          0.86525E-01
         0.49093E+02          0.86198E-01
         0.49073E+02          0.85811E-01
         0.49054E+02          0.85388E-01
         0.49034E+02          0.84628E-01
         0.49015E+02          0.83780E-01
         0.48996E+02          0.82897E-01
         0.48976E+02          0.81037E-01
         0.48957E+02          0.78247E-01
         0.48938E+02          0.36813E+00
         0.48918E+02          0.79428E-01
         0.48899E+02          0.32363E+00
         0.48880E+02          0.81995E-01
         0.48861E+02          0.66980E-01
         0.48841E+02          0.10533E+01
         0.48822E+02          0.23287E+00
         0.48803E+02          0.15080E+00
         0.48784E+02          0.13013E+00
         0.48764E+02          0.11653E+00
         0.48745E+02          0.14797E+00
         0.48726E+02          0.12940E+00
         0.48707E+02          0.12810E+00
         0.48688E+02          0.13024E+00
         0.48669E+02          0.13478E+00
         0.48650E+02          0.14306E+00
         0.48631E+02          0.15699E+00
         0.48612E+02          0.18116E+00
         0.48592E+02          0.22556E+00
         0.48573E+02          0.30905E+00
         0.48554E+02          0.43100E+00
         0.48535E+02          0.44020E+00
         0.48516E+02          0.30177E+00
         0.48497E+02          0.19958E+00
         0.48478E+02          0.14491E+00
         0.48460E+02          0.26089E+00
         0.48441E+02          0.13052E+00
         0.48422E+02          0.11350E+00
         0.48403E+02          0.10456E+00
         0.48384E+02          0.97887E-01
         0.48365E+02          0.92575E-01
         0.48346E+02          0.82586E-01
         0.48327E+02          0.12392E+00
         0.48308E+02          0.13580E+00
         0.48290E+02          0.73402E-01
         0.48271E+02          0.96303E-01
         0.48252E+02          0.86231E-01
         0.48233E+02          0.16604E+00
         0.48215E+02          0.14118E+00
         0.48196E+02          0.12845E+00
         0.48177E+02          0.12164E+00
         0.48158E+02          0.38703E+00
         0.48140E+02          0.11610E+00
         0.48121E+02          0.11320E+00
         0.48102E+02          0.11123E+00
         0.48084E+02          0.11076E+00
         0.48065E+02          0.10461E+00
         0.48046E+02          0.99385E-01
         0.48028E+02          0.76794E-01
         0.48009E+02          0.10477E+00
         0.47991E+02          0.11200E+00
         0.47972E+02          0.15968E+00
         0.47953E+02          0.27653E+00
         0.47935E+02          0.68202E+00
         0.47916E+02          0.21590E+00
         0.47898E+02          0.11580E+00
         0.47879E+02          0.12791E+00
         0.47861E+02          0.10405E+00
         0.47842E+02          0.18028E+00
         0.47824E+02          0.17605E+00
         0.47806E+02          0.13842E+00
         0.47787E+02          0.12670E+00
         0.47769E+02          0.26204E+00
         0.47750E+02          0.82959E-01
         0.47732E+02          0.92449E-01
         0.47714E+02          0.97743E-01
         0.47695E+02          0.10905E+00
         0.47677E+02          0.14441E+00
         0.47659E+02          0.88352E-01
         0.47640E+02          0.11938E+00
         0.47622E+02          0.97688E-01
         0.47604E+02          0.58472E+00
         0.47585E+02          0.11193E+00
         0.47567E+02          0.99764E-01
         0.47549E+02          0.11694E+00
         0.47531E+02          0.93720E-01
         0.47512E+02          0.10639E+00
         0.47494E+02          0.13965E+00
         0.47476E+02          0.11584E+00
         0.47458E+02          0.11885E+00
         0.47440E+02          0.17532E+00
         0.47422E+02          0.12190E+00
         0.47403E+02          0.11770E+00
         0.47385E+02          0.12708E+00
         0.47367E+02          0.11915E+00
         0.47349E+02          0.14060E+00
         0.47331E+02          0.14956E+00
         0.47313E+02          0.11059E+00
         0.47295E+02          0.27630E+00
         0.47277E+02          0.42957E+00
         0.47259E+02          0.33240E+00
         0.47241E+02          0.22857E+00
         0.47223E+02          0.15962E+00
         0.47205E+02          0.13504E+00
         0.47187E+02          0.12315E+00
         0.47169E+02          0.11654E+00
         0.47151E+02          0.11245E+00
         0.47133E+02          0.10966E+00
         0.47115E+02          0.10753E+00
         0.47097E+02          0.10562E+00
         0.47079E+02          0.10317E+00
         0.47062E+02          0.96994E-01
         0.47044E+02          0.12069E+00
         0.47026E+02          0.11651E+00
         0.47008E+02          0.19885E+00
         0.46990E+02          0.13062E+00
         0.46972E+02          0.22065E+00
         0.46955E+02          0.12886E+00
         0.46937E+02          0.11946E+00
         0.46919E+02          0.11526E+00
         0.46901E+02          0.11295E+00
         0.46884E+02          0.11146E+00
         0.46866E+02          0.11038E+00
         0.46848E+02          0.10950E+00
         0.46830E+02          0.10869E+00
         0.46813E+02          0.10783E+00
         0.46795E+02          0.10671E+00
         0.46777E+02          0.10465E+00
         0.46760E+02          0.11166E+00
         0.46742E+02          0.11250E+00
         0.46725E+02          0.15183E+00
         0.46707E+02          0.12383E+00
         0.46689E+02          0.12218E+00
         0.46672E+02          0.11666E+00
         0.46654E+02          0.11450E+00
         0.46637E+02          0.11331E+00
         0.46619E+02          0.11249E+00
         0.46602E+02          0.11164E+00
         0.46584E+02          0.10567E+00
         0.46567E+02          0.13226E+00
         0.46549E+02          0.11775E+00
         0.46532E+02          0.11157E+00
         0.46514E+02          0.11068E+00
         0.46497E+02          0.10984E+00
         0.46479E+02          0.10785E+00
         0.46462E+02          0.11641E+00
         0.46445E+02          0.12375E+00
         0.46427E+02          0.11405E+00
         0.46410E+02          0.11374E+00
         0.46392E+02          0.10637E+00
         0.46375E+02          0.12778E+00
         0.46358E+02          0.11668E+00
         0.46340E+02          0.11963E+00
         0.46323E+02          0.98113E-01
         0.46306E+02          0.10948E+00
         0.46288E+02          0.12071E+00
         0.46271E+02          0.11628E+00
         0.46254E+02          0.12749E+00
         0.46237E+02          0.13878E+00
         0.46219E+02          0.12456E+00
         0.46202E+02          0.13000E+00
         0.46185E+02          0.15441E+00
         0.46168E+02          0.14272E+00
         0.46151E+02          0.25524E+00
         0.46133E+02          0.12034E+00
         0.46116E+02          0.12981E+00
         0.46099E+02          0.19077E+00
         0.46082E+02          0.11854E+00
         0.46065E+02          0.12342E+00
         0.46048E+02          0.12858E+00
         0.46031E+02          0.12824E+00
         0.46014E+02          0.12019E+00
         0.45997E+02          0.12280E+00
         0.45979E+02          0.12845E+00
         0.45962E+02          0.12136E+00
         0.45945E+02          0.12517E+00
         0.45928E+02          0.12117E+00
         0.45911E+02          0.14311E+00
         0.45894E+02          0.12391E+00
         0.45877E+02          0.12290E+00
         0.45860E+02          0.12497E+00
         0.45843E+02          0.11941E+00
         0.45827E+02          0.11904E+00
         0.45810E+02          0.11837E+00
         0.45793E+02          0.11598E+00
         0.45776E+02          0.11687E+00
         0.45759E+02          0.15809E+00
         0.45742E+02          0.16763E+00
         0.45725E+02          0.14451E+00
         0.45708E+02          0.13758E+00
         0.45691E+02          0.13466E+00
         0.45675E+02          0.13325E+00
         0.45658E+02          0.13259E+00
         0.45641E+02          0.13245E+00
         0.45624E+02          0.13280E+00
         0.45607E+02          0.13381E+00
         0.45591E+02          0.13608E+00
         0.45574E+02          0.14175E+00
         0.45557E+02          0.15232E+00
         0.45540E+02          0.17361E+00
         0.45524E+02          0.14912E+00
         0.45507E+02          0.15324E+00
         0.45490E+02          0.30488E+00
         0.45474E+02          0.13467E+00
         0.45457E+02          0.12582E+00
         0.45440E+02          0.12432E+00
         0.45424E+02          0.12387E+00
         0.45407E+02          0.12362E+00
         0.45390E+02          0.12334E+00
         0.45374E+02          0.12290E+00
         0.45357E+02          0.12598E+00
         0.45341E+02          0.15257E+00
         0.45324E+02          0.13570E+00
         0.45307E+02          0.12857E+00
         0.45291E+02          0.12671E+00
         0.45274E+02          0.12556E+00
         0.45258E+02          0.12423E+00
         0.45241E+02          0.12545E+00
         0.45225E+02          0.13497E+00
         0.45208E+02          0.12855E+00
         0.45192E+02          0.12648E+00
         0.45175E+02          0.12570E+00
         0.45159E+02          0.13719E+00
         0.45142E+02          0.12853E+00
         0.45126E+02          0.12533E+00
         0.45110E+02          0.13572E+00
         0.45093E+02          0.12775E+00
         0.45077E+02          0.15252E+00
         0.45060E+02          0.12776E+00
         0.45044E+02          0.13230E+00
         0.45028E+02          0.17282E+00
         0.45011E+02          0.13585E+00
         0.44995E+02          0.13971E+00
         0.44979E+02          0.12878E+00
         0.44962E+02          0.13489E+00
         0.44946E+02          0.12923E+00
         0.44930E+02          0.13334E+00
         0.44913E+02          0.14557E+00
         0.44897E+02          0.13456E+00
         0.44881E+02          0.13485E+00
         0.44865E+02          0.13516E+00
         0.44849E+02          0.13552E+00
         0.44832E+02          0.13594E+00
         0.44816E+02          0.13648E+00
         0.44800E+02          0.13722E+00
         0.44784E+02          0.13839E+00
         0.44768E+02          0.14060E+00
         0.44751E+02          0.14681E+00
         0.44735E+02          0.17828E+00
         0.44719E+02          0.16899E+00
         0.44703E+02          0.13321E+00
         0.44687E+02          0.13301E+00
         0.44671E+02          0.13351E+00
         0.44655E+02          0.13397E+00
         0.44639E+02          0.13437E+00
         0.44623E+02          0.13471E+00
         0.44606E+02          0.13502E+00
         0.44590E+02          0.13530E+00
         0.44574E+02          0.13557E+00
         0.44558E+02          0.13582E+00
         0.44542E+02          0.13608E+00
         0.44526E+02          0.13634E+00
         0.44510E+02          0.13663E+00
         0.44494E+02          0.13697E+00
         0.44478E+02          0.13757E+00
         0.44463E+02          0.15179E+00
         0.44447E+02          0.13723E+00
         0.44431E+02          0.13773E+00
         0.44415E+02          0.13824E+00
         0.44399E+02          0.13891E+00
         0.44383E+02          0.14000E+00
         0.44367E+02          0.14259E+00
         0.44351E+02          0.15992E+00
         0.44335E+02          0.14319E+00
         0.44319E+02          0.13531E+00
         0.44304E+02          0.13621E+00
         0.44288E+02          0.13685E+00
         0.44272E+02          0.13734E+00
         0.44256E+02          0.13776E+00
         0.44240E+02          0.13815E+00
         0.44225E+02          0.13859E+00
         0.44209E+02          0.13940E+00
         0.44193E+02          0.13869E+00
         0.44177E+02          0.13956E+00
         0.44162E+02          0.14055E+00
         0.44146E+02          0.14307E+00
         0.44130E+02          0.20117E+00
         0.44114E+02          0.13658E+00
         0.44099E+02          0.13791E+00
         0.44083E+02          0.13869E+00
         0.44067E+02          0.13930E+00
         0.44052E+02          0.14006E+00
         0.44036E+02          0.13988E+00
         0.44020E+02          0.14122E+00
         0.44005E+02          0.14621E+00
         0.43989E+02          0.13708E+00
         0.43974E+02          0.13901E+00
         0.43958E+02          0.13998E+00
         0.43942E+02          0.14240E+00
         0.43927E+02          0.14170E+00
         0.43911E+02          0.17108E+00
         0.43896E+02          0.13931E+00
         0.43880E+02          0.14072E+00
         0.43865E+02          0.14156E+00
         0.43849E+02          0.25078E+00
         0.43834E+02          0.14044E+00
         0.43818E+02          0.14157E+00
         0.43803E+02          0.13821E+00
         0.43787E+02          0.14186E+00
         0.43772E+02          0.14022E+00
         0.43756E+02          0.14134E+00
         0.43741E+02          0.14105E+00
         0.43726E+02          0.13990E+00
         0.43710E+02          0.14020E+00
         0.43695E+02          0.14204E+00
         0.43679E+02          0.14034E+00
         0.43664E+02          0.14508E+00
         0.43649E+02          0.14194E+00
         0.43633E+02          0.14212E+00
         0.43618E+02          0.14234E+00
         0.43602E+02          0.14509E+00
         0.43587E+02          0.14520E+00
         0.43572E+02          0.14530E+00
         0.43557E+02          0.14540E+00
         0.43541E+02          0.14550E+00
         0.43526E+02          0.14560E+00
         0.43511E+02          0.14570E+00
         0.43495E+02          0.14580E+00
         0.43480E+02          0.14590E+00
         0.43465E+02          0.14600E+00
         0.43450E+02          0.14610E+00
         0.43434E+02          0.14620E+00
         0.43419E+02          0.14630E+00
         0.43404E+02          0.14640E+00
         0.43389E+02          0.14650E+00
         0.43374E+02          0.14660E+00
         0.43359E+02          0.14670E+00
         0.43343E+02          0.14680E+00
         0.43328E+02          0.14690E+00
         0.43313E+02          0.14700E+00
         0.43298E+02          0.14710E+00
         0.43283E+02          0.14720E+00
         0.43268E+02          0.14730E+00
         0.43253E+02          0.14740E+00
         0.43238E+02          0.14750E+00
         0.43222E+02          0.14760E+00
         0.43207E+02          0.14770E+00
         0.43192E+02          0.14780E+00
         0.43177E+02          0.14789E+00
         0.43162E+02          0.14799E+00
         0.43147E+02          0.14809E+00
         0.43132E+02          0.14819E+00
         0.43117E+02          0.14829E+00
         0.43102E+02          0.14839E+00
         0.43087E+02          0.14849E+00
         0.43072E+02          0.14858E+00
         0.43057E+02          0.14868E+00
         0.43042E+02          0.14878E+00
         0.43027E+02          0.14888E+00
         0.43013E+02          0.14898E+00
         0.42998E+02          0.14908E+00
         0.42983E+02          0.14918E+00
         0.42968E+02          0.14927E+00
         0.42953E+02          0.14937E+00
         0.42938E+02          0.14947E+00
         0.42923E+02          0.14957E+00
         0.42908E+02          0.14967E+00
         0.42894E+02          0.14977E+00
         0.42879E+02          0.14986E+00
         0.42864E+02          0.14996E+00
         0.42849E+02          0.15006E+00
         0.42834E+02          0.15016E+00
         0.42819E+02          0.15026E+00
         0.42805E+02          0.15036E+00
         0.42790E+02          0.15045E+00
         0.42775E+02          0.15055E+00
         0.42760E+02          0.15065E+00
         0.42746E+02          0.15075E+00
         0.42731E+02          0.15085E+00
         0.42716E+02          0.15095E+00
         0.42701E+02          0.15105E+00
         0.42687E+02          0.15115E+00
         0.42672E+02          0.15125E+00
         0.42657E+02          0.15135E+00
         0.42643E+02          0.15145E+00
         0.42628E+02          0.15155E+00
         0.42613E+02          0.15165E+00
         0.42599E+02          0.15175E+00
         0.42584E+02          0.15185E+00
         0.42570E+02          0.15195E+00
         0.42555E+02          0.15205E+00
         0.42540E+02          0.15215E+00
         0.42526E+02          0.15225E+00
         0.42511E+02          0.15235E+00
         0.42497E+02          0.15246E+00
         0.42482E+02          0.15256E+00
         0.42467E+02          0.15266E+00
         0.42453E+02          0.15276E+00
         0.42438E+02          0.15287E+00
         0.42424E+02          0.15297E+00
         0.42409E+02          0.15308E+00
         0.42395E+02          0.15318E+00
         0.42380E+02          0.15329E+00
         0.42366E+02          0.15339E+00
         0.42351E+02          0.15350E+00
         0.42337E+02          0.15361E+00
         0.42322E+02          0.15371E+00
         0.42308E+02          0.15382E+00
         0.42294E+02          0.15393E+00
         0.42279E+02          0.15404E+00
         0.42265E+02          0.15415E+00
         0.42250E+02          0.15426E+00
         0.42236E+02          0.15438E+00
         0.42222E+02          0.15449E+00
         0.42207E+02          0.15461E+00
         0.42193E+02          0.15472E+00
         0.42178E+02          0.15484E+00
         0.42164E+02          0.15496E+00
         0.42150E+02          0.15508E+00
         0.42135E+02          0.15520E+00
         0.42121E+02          0.15532E+00
         0.42107E+02          0.15544E+00
         0.42093E+02          0.15557E+00
         0.42078E+02          0.15569E+00
         0.42064E+02          0.15582E+00
         0.42050E+02          0.15595E+00
         0.42035E+02          0.15609E+00
         0.42021E+02          0.15622E+00
         0.42007E+02          0.15636E+00
         0.41993E+02          0.15650E+00
         0.41979E+02          0.15665E+00
         0.41964E+02          0.15679E+00
         0.41950E+02          0.15694E+00
         0.41936E+02          0.15710E+00
         0.41922E+02          0.15726E+00
         0.41908E+02          0.15742E+00
         0.41893E+02          0.15758E+00
         0.41879E+02          0.15776E+00
         0.41865E+02          0.15793E+00
         0.41851E+02          0.15812E+00
         0.41837E+02          0.15831E+00
         0.41823E+02          0.15850E+00
         0.41809E+02          0.15871E+00
         0.41795E+02          0.15892E+00
         0.41781E+02          0.15915E+00
         0.41766E+02          0.15938E+00
         0.41752E+02          0.15963E+00
         0.41738E+02          0.15989E+00
         0.41724E+02          0.16017E+00
         0.41710E+02          0.16046E+00
         0.41696E+02          0.16078E+00
         0.41682E+02          0.16112E+00
         0.41668E+02          0.16148E+00
         0.41654E+02          0.16187E+00
         0.41640E+02          0.16230E+00
         0.41626E+02          0.16278E+00
         0.41612E+02          0.16330E+00
         0.41598E+02          0.16388E+00
         0.41584E+02          0.16452E+00
         0.41570E+02          0.16524E+00
         0.41556E+02          0.16605E+00
         0.41543E+02          0.16693E+00
         0.41529E+02          0.16780E+00
         0.41515E+02          0.16837E+00
         0.41501E+02          0.16724E+00
         0.41487E+02          0.15754E+00
         0.41473E+02          0.12947E+00
         0.41459E+02          0.14378E+00
         0.41445E+02          0.16245E+00
         0.41431E+02          0.17558E+00
         0.41418E+02          0.19124E+00
         0.41404E+02          0.22204E+00
         0.41390E+02          0.32898E+00
         0.41376E+02          0.33784E+00
         0.41362E+02          0.13391E+00
         0.41349E+02          0.13055E+00
         0.41335E+02          0.13483E+00
         0.41321E+02          0.13852E+00
         0.41307E+02          0.14134E+00
         0.41293E+02          0.14350E+00
         0.41280E+02          0.14521E+00
         0.41266E+02          0.14660E+00
         0.41252E+02          0.14774E+00
         0.41239E+02          0.14871E+00
         0.41225E+02          0.14954E+00
         0.41211E+02          0.15026E+00
         0.41197E+02          0.15089E+00
         0.41184E+02          0.15146E+00
         0.41170E+02          0.15197E+00
         0.41156E+02          0.15243E+00
         0.41143E+02          0.15285E+00
         0.41129E+02          0.15324E+00
         0.41115E+02          0.15359E+00
         0.41102E+02          0.15393E+00
         0.41088E+02          0.15424E+00
         0.41075E+02          0.15454E+00
         0.41061E+02          0.15481E+00
         0.41047E+02          0.15508E+00
         0.41034E+02          0.15533E+00
         0.41020E+02          0.15557E+00
         0.41007E+02          0.15580E+00
         0.40993E+02          0.15602E+00
         0.40980E+02          0.15623E+00
         0.40966E+02          0.15644E+00
         0.40953E+02          0.15664E+00
         0.40939E+02          0.15683E+00
         0.40925E+02          0.15702E+00
         0.40912E+02          0.15720E+00
         0.40898E+02          0.15738E+00
         0.40885E+02          0.15756E+00
         0.40872E+02          0.15773E+00
         0.40858E+02          0.15790E+00
         0.40845E+02          0.15807E+00
         0.40831E+02          0.15823E+00
         0.40818E+02          0.15839E+00
         0.40804E+02          0.15855E+00
         0.40791E+02          0.15871E+00
         0.40777E+02          0.15886E+00
         0.40764E+02          0.15902E+00
         0.40751E+02          0.15917E+00
         0.40737E+02          0.15932E+00
         0.40724E+02          0.15947E+00
         0.40710E+02          0.15962E+00
         0.40697E+02          0.15977E+00
         0.40684E+02          0.15991E+00
         0.40670E+02          0.16006E+00
         0.40657E+02          0.16020E+00
         0.40644E+02          0.16035E+00
         0.40630E+02          0.16049E+00
         0.40617E+02          0.16064E+00
         0.40604E+02          0.16078E+00
         0.40591E+02          0.16092E+00
         0.40577E+02          0.16107E+00
         0.40564E+02          0.16121E+00
         0.40551E+02          0.16135E+00
         0.40537E+02          0.16150E+00
         0.40524E+02          0.16164E+00
         0.40511E+02          0.16179E+00
         0.40498E+02          0.16194E+00
         0.40484E+02          0.16208E+00
         0.40471E+02          0.16223E+00
         0.40458E+02          0.16238E+00
         0.40445E+02          0.16253E+00
         0.40432E+02          0.16268E+00
         0.40418E+02          0.16284E+00
         0.40405E+02          0.16299E+00
         0.40392E+02          0.16315E+00
         0.40379E+02          0.16331E+00
         0.40366E+02          0.16347E+00
         0.40353E+02          0.16363E+00
         0.40340E+02          0.16379E+00
         0.40326E+02          0.16396E+00
         0.40313E+02          0.16413E+00
         0.40300E+02          0.16430E+00
         0.40287E+02          0.16447E+00
         0.40274E+02          0.16464E+00
         0.40261E+02          0.16482E+00
         0.40248E+02          0.16500E+00
         0.40235E+02          0.16519E+00
         0.40222E+02          0.16537E+00
         0.40209E+02          0.16557E+00
         0.40196E+02          0.16576E+00
         0.40183E+02          0.16596E+00
         0.40170E+02          0.16616E+00
         0.40157E+02          0.16636E+00
         0.40144E+02          0.16657E+00
         0.40131E+02          0.16679E+00
         0.40118E+02          0.16701E+00
         0.40105E+02          0.16723E+00
         0.40092E+02          0.16746E+00
         0.40079E+02          0.16770E+00
         0.40066E+02          0.16794E+00
         0.40053E+02          0.16819E+00
         0.40040E+02          0.16844E+00
         0.40027E+02          0.16871E+00
         0.40014E+02          0.16898E+00
         0.40001E+02          0.16926E+00
         0.39988E+02          0.16955E+00
         0.39975E+02          0.16984E+00
         0.39963E+02          0.17015E+00
         0.39950E+02          0.17047E+00
         0.39937E+02          0.17081E+00
         0.39924E+02          0.17115E+00
         0.39911E+02          0.17152E+00
         0.39898E+02          0.17189E+00
         0.39885E+02          0.17229E+00
         0.39873E+02          0.17270E+00
         0.39860E+02          0.17314E+00
         0.39847E+02          0.17360E+00
         0.39834E+02          0.17409E+00
         0.39821E+02          0.17461E+00
         0.39809E+02          0.17517E+00
         0.39796E+02          0.17576E+00
         0.39783E+02          0.17641E+00
         0.39770E+02          0.17711E+00
         0.39757E+02          0.17788E+00
         0.39745E+02          0.17872E+00
         0.39732E+02          0.17966E+00
         0.39719E+02          0.18069E+00
         0.39707E+02          0.18158E+00
         0.39694E+02          0.18119E+00
         0.39681E+02          0.18543E+00
         0.39668E+02          0.18834E+00
         0.39656E+02          0.19236E+00
         0.39643E+02          0.19931E+00
         0.39630E+02          0.21617E+00
         0.39618E+02          0.33114E+00
         0.39605E+02          0.14530E+00
         0.39592E+02          0.16126E+00
         0.39580E+02          0.16993E+00
         0.39567E+02          0.17502E+00
         0.39555E+02          0.17870E+00
         0.39542E+02          0.18174E+00
         0.39529E+02          0.18444E+00
         0.39517E+02          0.18694E+00
         0.39504E+02          0.18912E+00
         0.39492E+02          0.19071E+00
         0.39479E+02          0.19103E+00
         0.39466E+02          0.18878E+00
         0.39454E+02          0.18197E+00
         0.39441E+02          0.16923E+00
         0.39429E+02          0.15276E+00
         0.39416E+02          0.13860E+00
         0.39404E+02          0.13053E+00
         0.39391E+02          0.12746E+00
         0.39379E+02          0.12675E+00
         0.39366E+02          0.12742E+00
         0.39354E+02          0.13162E+00
         0.39341E+02          0.14128E+00
         0.39329E+02          0.15164E+00
         0.39316E+02          0.15904E+00
         0.39304E+02          0.16407E+00
         0.39291E+02          0.16788E+00
         0.39279E+02          0.17111E+00
         0.39266E+02          0.17408E+00
         0.39254E+02          0.17694E+00
         0.39242E+02          0.17977E+00
         0.39229E+02          0.18259E+00
         0.39217E+02          0.18537E+00
         0.39204E+02          0.18804E+00
         0.39192E+02          0.19047E+00
         0.39180E+02          0.19252E+00
         0.39167E+02          0.19409E+00
         0.39155E+02          0.19524E+00
         0.39142E+02          0.19559E+00
         0.39130E+02          0.19532E+00
         0.39118E+02          0.19437E+00
         0.39105E+02          0.19280E+00
         0.39093E+02          0.19072E+00
         0.39081E+02          0.18828E+00
         0.39068E+02          0.18620E+00
         0.39056E+02          0.18655E+00
         0.39044E+02          0.19016E+00
         0.39032E+02          0.19534E+00
         0.39019E+02          0.20333E+00
         0.39007E+02          0.22337E+00
         0.38995E+02          0.52372E+00
         0.38982E+02          0.15594E+00
         0.38970E+02          0.16108E+00
         0.38958E+02          0.16232E+00
         0.38946E+02          0.16426E+00
         0.38933E+02          0.16621E+00
         0.38921E+02          0.16797E+00
         0.38909E+02          0.16957E+00
         0.38897E+02          0.17106E+00
         0.38885E+02          0.17251E+00
         0.38872E+02          0.17395E+00
         0.38860E+02          0.17542E+00
         0.38848E+02          0.17695E+00
         0.38836E+02          0.17857E+00
         0.38824E+02          0.18030E+00
         0.38812E+02          0.18219E+00
         0.38799E+02          0.18427E+00
         0.38787E+02          0.18615E+00
         0.38775E+02          0.18953E+00
         0.38763E+02          0.19278E+00
         0.38751E+02          0.19690E+00
         0.38739E+02          0.20252E+00
         0.38727E+02          0.21139E+00
         0.38715E+02          0.23043E+00
         0.38703E+02          0.30478E+00
         0.38690E+02          0.13918E+00
         0.38678E+02          0.17306E+00
         0.38666E+02          0.18627E+00
         0.38654E+02          0.19437E+00
         0.38642E+02          0.20045E+00
         0.38630E+02          0.20532E+00
         0.38618E+02          0.20908E+00
         0.38606E+02          0.21152E+00
         0.38594E+02          0.21214E+00
         0.38582E+02          0.21287E+00
         0.38570E+02          0.20857E+00
         0.38558E+02          0.20352E+00
         0.38546E+02          0.19760E+00
         0.38534E+02          0.17816E+00
         0.38522E+02          0.17476E+00
         0.38510E+02          0.17200E+00
         0.38498E+02          0.16711E+00
         0.38486E+02          0.16270E+00
         0.38474E+02          0.15901E+00
         0.38462E+02          0.15621E+00
         0.38451E+02          0.15340E+00
         0.38439E+02          0.15008E+00
         0.38427E+02          0.16511E+00
         0.38415E+02          0.15342E+00
         0.38403E+02          0.15171E+00
         0.38391E+02          0.15084E+00
         0.38379E+02          0.14962E+00
         0.38367E+02          0.13795E+00
         0.38355E+02          0.15358E+00
         0.38343E+02          0.15168E+00
         0.38332E+02          0.15058E+00
         0.38320E+02          0.12733E+00
         0.38308E+02          0.15329E+00
         0.38296E+02          0.15453E+00
         0.38284E+02          0.13474E+00
         0.38272E+02          0.15344E+00
         0.38261E+02          0.14838E+00
         0.38249E+02          0.15398E+00
         0.38237E+02          0.15622E+00
         0.38225E+02          0.14518E+00
         0.38213E+02          0.14870E+00
         0.38202E+02          0.15751E+00
         0.38190E+02          0.15479E+00
         0.38178E+02          0.12339E+00
         0.38166E+02          0.15698E+00
         0.38155E+02          0.15710E+00
         0.38143E+02          0.15735E+00
         0.38131E+02          0.15647E+00
         0.38120E+02          0.15691E+00
         0.38108E+02          0.15734E+00
         0.38096E+02          0.15778E+00
         0.38084E+02          0.15822E+00
         0.38073E+02          0.15866E+00
         0.38061E+02          0.15910E+00
         0.38049E+02          0.15954E+00
         0.38038E+02          0.15999E+00
         0.38026E+02          0.16045E+00
         0.38014E+02          0.16090E+00
         0.38003E+02          0.16136E+00
         0.37991E+02          0.16181E+00
         0.37979E+02          0.16225E+00
         0.37968E+02          0.16265E+00
         0.37956E+02          0.16293E+00
         0.37945E+02          0.16297E+00
         0.37933E+02          0.16246E+00
         0.37921E+02          0.16063E+00
         0.37910E+02          0.15610E+00
         0.37898E+02          0.14861E+00
         0.37887E+02          0.14426E+00
         0.37875E+02          0.14661E+00
         0.37863E+02          0.15087E+00
         0.37852E+02          0.15444E+00
         0.37840E+02          0.15713E+00
         0.37829E+02          0.15922E+00
         0.37817E+02          0.16093E+00
         0.37806E+02          0.16244E+00
         0.37794E+02          0.16385E+00
         0.37783E+02          0.16525E+00
         0.37771E+02          0.16673E+00
         0.37760E+02          0.16838E+00
         0.37748E+02          0.17035E+00
         0.37737E+02          0.17286E+00
         0.37725E+02          0.17637E+00
         0.37714E+02          0.18185E+00
         0.37702E+02          0.19172E+00
         0.37691E+02          0.20279E+00
         0.37679E+02          0.14399E+00
         0.37668E+02          0.15480E+00
         0.37656E+02          0.16604E+00
         0.37645E+02          0.17545E+00
         0.37634E+02          0.18297E+00
         0.37622E+02          0.18524E+00
         0.37611E+02          0.18167E+00
         0.37599E+02          0.17645E+00
         0.37588E+02          0.17241E+00
         0.37577E+02          0.16985E+00
         0.37565E+02          0.16836E+00
         0.37554E+02          0.16754E+00
         0.37542E+02          0.16713E+00
         0.37531E+02          0.16698E+00
         0.37520E+02          0.16700E+00
         0.37508E+02          0.16714E+00
         0.37497E+02          0.16738E+00
         0.37486E+02          0.16780E+00
         0.37474E+02          0.16736E+00
         0.37463E+02          0.16798E+00
         0.37452E+02          0.16838E+00
         0.37440E+02          0.16878E+00
         0.37429E+02          0.16917E+00
         0.37418E+02          0.16957E+00
         0.37406E+02          0.16998E+00
         0.37395E+02          0.17037E+00
         0.37384E+02          0.17070E+00
         0.37373E+02          0.17085E+00
         0.37361E+02          0.17041E+00
         0.37350E+02          0.16801E+00
         0.37339E+02          0.15910E+00
         0.37328E+02          0.14652E+00
         0.37316E+02          0.15363E+00
         0.37305E+02          0.16155E+00
         0.37294E+02          0.16580E+00
         0.37283E+02          0.16826E+00
         0.37272E+02          0.16986E+00
         0.37260E+02          0.17118E+00
         0.37249E+02          0.18124E+00
         0.37238E+02          0.16271E+00
         0.37227E+02          0.16272E+00
         0.37216E+02          0.16308E+00
         0.37204E+02          0.16532E+00
         0.37193E+02          0.16813E+00
         0.37182E+02          0.17083E+00
         0.37171E+02          0.17343E+00
         0.37160E+02          0.17611E+00
         0.37149E+02          0.17927E+00
         0.37138E+02          0.18374E+00
         0.37126E+02          0.18966E+00
         0.37115E+02          0.21046E+00
         0.37104E+02          0.17520E+00
         0.37093E+02          0.16056E+00
         0.37082E+02          0.17421E+00
         0.37071E+02          0.16330E+00
         0.37060E+02          0.15568E+00
         0.37049E+02          0.17083E+00
         0.37038E+02          0.16208E+00
         0.37027E+02          0.16176E+00
         0.37016E+02          0.16040E+00
         0.37005E+02          0.16234E+00
         0.36993E+02          0.16300E+00
         0.36982E+02          0.16400E+00
         0.36971E+02          0.16684E+00
         0.36960E+02          0.16913E+00
         0.36949E+02          0.17020E+00
         0.36938E+02          0.17097E+00
         0.36927E+02          0.17208E+00
         0.36916E+02          0.17376E+00
         0.36905E+02          0.39097E+00
         0.36894E+02          0.16689E+00
         0.36883E+02          0.17284E+00
         0.36872E+02          0.17539E+00
         0.36862E+02          0.17955E+00
         0.36851E+02          0.20649E+00
         0.36840E+02          0.21637E+00
         0.36829E+02          0.17184E+00
         0.36818E+02          0.19067E+00
         0.36807E+02          0.17411E+00
         0.36796E+02          0.17182E+00
         0.36785E+02          0.17171E+00
         0.36774E+02          0.17275E+00
         0.36763E+02          0.17401E+00
         0.36752E+02          0.17544E+00
         0.36741E+02          0.17711E+00
         0.36730E+02          0.18143E+00
         0.36720E+02          0.18079E+00
         0.36709E+02          0.18685E+00
         0.36698E+02          0.19828E+00
         0.36687E+02          0.22790E+00
         0.36676E+02          0.21463E+00
         0.36665E+02          0.17537E+00
         0.36654E+02          0.21619E+00
         0.36644E+02          0.28073E+00
         0.36633E+02          0.23711E+00
         0.36622E+02          0.20400E+00
         0.36611E+02          0.20169E+00
         0.36600E+02          0.19029E+00
         0.36590E+02          0.20311E+00
         0.36579E+02          0.16889E+00
         0.36568E+02          0.17735E+00
         0.36557E+02          0.17402E+00
         0.36546E+02          0.16548E+00
         0.36536E+02          0.17623E+00
         0.36525E+02          0.15152E+00
         0.36514E+02          0.15716E+00
         0.36503E+02          0.16488E+00
         0.36493E+02          0.16202E+00
         0.36482E+02          0.16879E+00
         0.36471E+02          0.38008E+00
         0.36460E+02          0.25767E+00
         0.36450E+02          0.24323E+00
         0.36439E+02          0.25659E+00
         0.36428E+02          0.16380E+00
         0.36418E+02          0.17930E+00
         0.36407E+02          0.17663E+00
         0.36396E+02          0.18770E+00
         0.36386E+02          0.18225E+00
         0.36375E+02          0.17149E+00
         0.36364E+02          0.15207E+00
         0.36354E+02          0.17365E+00
         0.36343E+02          0.17393E+00
         0.36332E+02          0.17478E+00
         0.36322E+02          0.17466E+00
         0.36311E+02          0.17622E+00
         0.36300E+02          0.17669E+00
         0.36290E+02          0.17710E+00
         0.36279E+02          0.17751E+00
         0.36268E+02          0.17774E+00
         0.36258E+02          0.17801E+00
         0.36247E+02          0.17718E+00
         0.36237E+02          0.17154E+00
         0.36226E+02          0.17661E+00
         0.36215E+02          0.17729E+00
         0.36205E+02          0.17728E+00
         0.36194E+02          0.17652E+00
         0.36184E+02          0.16918E+00
         0.36173E+02          0.17472E+00
         0.36163E+02          0.18986E+00
         0.36152E+02          0.19625E+00
         0.36142E+02          0.18628E+00
         0.36131E+02          0.18299E+00
         0.36121E+02          0.18254E+00
         0.36110E+02          0.18245E+00
         0.36089E+02          0.18254E+00
         0.36078E+02          0.18264E+00
         0.36068E+02          0.18276E+00
         0.36057E+02          0.18288E+00
         0.36047E+02          0.18300E+00
         0.36037E+02          0.18314E+00
         0.36026E+02          0.18328E+00
         0.36016E+02          0.18343E+00
         0.36005E+02          0.18360E+00
         0.35995E+02          0.18396E+00
         0.35984E+02          0.18511E+00
         0.35974E+02          0.18709E+00
         0.35963E+02          0.18767E+00
         0.35953E+02          0.18776E+00
         0.35943E+02          0.18809E+00
         0.35932E+02          0.18876E+00
         0.35922E+02          0.18991E+00
         0.35911E+02          0.19198E+00
         0.35901E+02          0.19659E+00
         0.35890E+02          0.19285E+00
         0.35880E+02          0.19660E+00
         0.35870E+02          0.18108E+00
         0.35859E+02          0.18775E+00
         0.35849E+02          0.19405E+00
         0.35839E+02          0.18713E+00
         0.35828E+02          0.18047E+00
         0.35818E+02          0.17363E+00
         0.35808E+02          0.14782E+00
         0.35797E+02          0.29533E+00
         0.35787E+02          0.20998E+00
         0.35777E+02          0.16852E+00
         0.35766E+02          0.15251E+00
         0.35756E+02          0.15457E+00
         0.35746E+02          0.16326E+00
         0.35735E+02          0.16781E+00
         0.35725E+02          0.17040E+00
         0.35715E+02          0.17247E+00
         0.35704E+02          0.16768E+00
         0.35694E+02          0.17157E+00
         0.35684E+02          0.20188E+00
         0.35674E+02          0.18113E+00
         0.35663E+02          0.17921E+00
         0.35653E+02          0.17907E+00
         0.35643E+02          0.17932E+00
         0.35633E+02          0.17968E+00
         0.35622E+02          0.18009E+00
         0.35612E+02          0.18060E+00
         0.35602E+02          0.18299E+00
         0.35592E+02          0.17741E+00
         0.35581E+02          0.19274E+00
         0.35571E+02          0.17758E+00
         0.35561E+02          0.17362E+00
         0.35551E+02          0.16359E+00
         0.35541E+02          0.21094E+00
         0.35531E+02          0.19647E+00
         0.35520E+02          0.18170E+00
         0.35510E+02          0.14920E+00
         0.35500E+02          0.28076E+00
         0.35490E+02          0.16671E+00
         0.35480E+02          0.18776E+00
         0.35470E+02          0.19305E+00
         0.35459E+02          0.19467E+00
         0.35449E+02          0.18721E+00
         0.35439E+02          0.19415E+00
         0.35429E+02          0.19415E+00
         0.35419E+02          0.19382E+00
         0.35409E+02          0.19302E+00
         0.35399E+02          0.19183E+00
         0.35389E+02          0.19527E+00
         0.35378E+02          0.18434E+00
         0.35368E+02          0.21560E+00
         0.35358E+02          0.19125E+00
         0.35348E+02          0.16689E+00
         0.35338E+02          0.24922E+00
         0.35328E+02          0.19928E+00
         0.35318E+02          0.20212E+00
         0.35308E+02          0.19931E+00
         0.35298E+02          0.19829E+00
         0.35288E+02          0.19817E+00
         0.35278E+02          0.20137E+00
         0.35268E+02          0.17603E+00
         0.35258E+02          0.20192E+00
         0.35248E+02          0.13710E+00
         0.35238E+02          0.22967E+00
         0.35228E+02          0.20908E+00
         0.35218E+02          0.19604E+00
         0.35208E+02          0.18194E+00
         0.35198E+02          0.19056E+00
         0.35188E+02          0.22309E+00
         0.35178E+02          0.16752E+00
         0.35168E+02          0.18927E+00
         0.35158E+02          0.19502E+00
         0.35148E+02          0.19810E+00
         0.35138E+02          0.21851E+00
         0.35128E+02          0.18175E+00
         0.35118E+02          0.20552E+00
         0.35108E+02          0.19327E+00
         0.35098E+02          0.19958E+00
         0.35088E+02          0.21319E+00
         0.35078E+02          0.20100E+00
         0.35068E+02          0.19432E+00
         0.35058E+02          0.20239E+00
         0.35048E+02          0.20191E+00
         0.35038E+02          0.20231E+00
         0.35029E+02          0.20205E+00
         0.35019E+02          0.18661E+00
         0.35009E+02          0.19234E+00
         0.34999E+02          0.20253E+00
         0.34989E+02          0.21892E+00
         0.34979E+02          0.21728E+00
         0.34969E+02          0.19092E+00
         0.34959E+02          0.19137E+00
         0.34950E+02          0.19216E+00
         0.34940E+02          0.19017E+00
         0.34930E+02          0.19178E+00
         0.34920E+02          0.19188E+00
         0.34910E+02          0.19199E+00
         0.34900E+02          0.19228E+00
         0.34891E+02          0.19267E+00
         0.34881E+02          0.18925E+00
         0.34871E+02          0.18785E+00
         0.34861E+02          0.19013E+00
         0.34851E+02          0.19019E+00
         0.34842E+02          0.18912E+00
         0.34832E+02          0.19003E+00
         0.34822E+02          0.19207E+00
         0.34812E+02          0.19376E+00
         0.34802E+02          0.19550E+00
         0.34793E+02          0.18439E+00
         0.34783E+02          0.19274E+00
         0.34773E+02          0.19242E+00
         0.34763E+02          0.19349E+00
         0.34754E+02          0.19440E+00
         0.34744E+02          0.19569E+00
         0.34734E+02          0.19146E+00
         0.34724E+02          0.19349E+00
         0.34715E+02          0.19459E+00
         0.34705E+02          0.19600E+00
         0.34695E+02          0.19292E+00
         0.34686E+02          0.19544E+00
         0.34676E+02          0.18660E+00
         0.34666E+02          0.19368E+00
         0.34657E+02          0.19606E+00
         0.34647E+02          0.19414E+00
         0.34637E+02          0.19028E+00
         0.34627E+02          0.19477E+00
         0.34618E+02          0.19496E+00
         0.34608E+02          0.18280E+00
         0.34598E+02          0.19474E+00
         0.34589E+02          0.19469E+00
         0.34579E+02          0.19272E+00
         0.34570E+02          0.19462E+00
         0.34560E+02          0.19462E+00
         0.34550E+02          0.19219E+00
         0.34541E+02          0.19294E+00
         0.34531E+02          0.19363E+00
         0.34521E+02          0.19453E+00
         0.34512E+02          0.19468E+00
         0.34502E+02          0.19516E+00
         0.34493E+02          0.19698E+00
         0.34483E+02          0.19540E+00
         0.34473E+02          0.19772E+00
         0.34464E+02          0.19593E+00
         0.34454E+02          0.19615E+00
         0.34445E+02          0.19631E+00
         0.34435E+02          0.19625E+00
         0.34426E+02          0.19543E+00
         0.34416E+02          0.19558E+00
         0.34406E+02          0.19577E+00
         0.34397E+02          0.19602E+00
         0.34387E+02          0.19641E+00
         0.34378E+02          0.19725E+00
         0.34368E+02          0.19698E+00
         0.34359E+02          0.19623E+00
         0.34349E+02          0.19611E+00
         0.34340E+02          0.19617E+00
         0.34330E+02          0.19656E+00
         0.34321E+02          0.19713E+00
         0.34311E+02          0.19722E+00
         0.34302E+02          0.19751E+00
         0.34292E+02          0.19813E+00
         0.34283E+02          0.19961E+00
         0.34273E+02          0.20534E+00
         0.34264E+02          0.19318E+00
         0.34254E+02          0.19276E+00
         0.34245E+02          0.19389E+00
         0.34235E+02          0.19443E+00
         0.34226E+02          0.19471E+00
         0.34217E+02          0.19479E+00
         0.34207E+02          0.19489E+00
         0.34198E+02          0.19484E+00
         0.34188E+02          0.19533E+00
         0.34179E+02          0.19563E+00
         0.34169E+02          0.19570E+00
         0.34160E+02          0.19575E+00
         0.34151E+02          0.19579E+00
         0.34141E+02          0.19584E+00
         0.34132E+02          0.19589E+00
         0.34122E+02          0.19593E+00
         0.34113E+02          0.19324E+00
         0.34104E+02          0.19608E+00
         0.34094E+02          0.19619E+00
         0.34085E+02          0.19667E+00
         0.34075E+02          0.19683E+00
         0.34066E+02          0.19923E+00
         0.34057E+02          0.19614E+00
         0.34047E+02          0.19661E+00
         0.34038E+02          0.20137E+00
         0.34029E+02          0.19851E+00
         0.34019E+02          0.19897E+00
         0.34010E+02          0.20313E+00
         0.34001E+02          0.18727E+00
         0.33991E+02          0.18917E+00
         0.33982E+02          0.19143E+00
         0.33973E+02          0.19152E+00
         0.33963E+02          0.19021E+00
         0.33954E+02          0.18880E+00
         0.33945E+02          0.18642E+00
         0.74983E+02          0.00000E+00
