         0.16693E+02          0.00000E+00
         0.16703E+02          0.00000E+00
         0.16713E+02          0.00000E+00
         0.16723E+02          0.00000E+00
         0.16733E+02          0.00000E+00
         0.16743E+02          0.00000E+00
         0.16753E+02          0.00000E+00
         0.16763E+02          0.00000E+00
         0.16773E+02          0.00000E+00
         0.16783E+02          0.00000E+00
         0.16793E+02          0.00000E+00
         0.16803E+02          0.00000E+00
         0.16813E+02          0.00000E+00
         0.16823E+02          0.00000E+00
         0.16833E+02          0.00000E+00
         0.16843E+02          0.00000E+00
         0.16853E+02          0.00000E+00
         0.16863E+02          0.00000E+00
         0.16873E+02          0.00000E+00
         0.16883E+02          0.00000E+00
         0.16893E+02          0.92996E+01
         0.16903E+02          0.92830E+01
         0.16913E+02          0.92664E+01
         0.16923E+02          0.92499E+01
         0.16933E+02          0.92335E+01
         0.16943E+02          0.92173E+01
         0.16953E+02          0.92011E+01
         0.16963E+02          0.91850E+01
         0.16973E+02          0.91690E+01
         0.16983E+02          0.91531E+01
         0.16993E+02          0.91373E+01
         0.17003E+02          0.91216E+01
         0.17013E+02          0.91060E+01
         0.17023E+02          0.90904E+01
         0.17033E+02          0.90750E+01
         0.17043E+02          0.90596E+01
         0.17053E+02          0.90444E+01
         0.17063E+02          0.90292E+01
         0.17073E+02          0.90141E+01
         0.17083E+02          0.89991E+01
         0.17093E+02          0.89842E+01
         0.17103E+02          0.89694E+01
         0.17113E+02          0.89547E+01
         0.17123E+02          0.89400E+01
         0.17133E+02          0.89254E+01
         0.17143E+02          0.89109E+01
         0.17153E+02          0.88965E+01
         0.17163E+02          0.88822E+01
         0.17173E+02          0.88680E+01
         0.17183E+02          0.88538E+01
         0.17193E+02          0.88397E+01
         0.17203E+02          0.88257E+01
         0.17213E+02          0.88118E+01
         0.17223E+02          0.87979E+01
         0.17233E+02          0.87842E+01
         0.17243E+02          0.87705E+01
         0.17253E+02          0.87569E+01
         0.17263E+02          0.87433E+01
         0.17273E+02          0.87299E+01
         0.17283E+02          0.87165E+01
         0.17293E+02          0.87032E+01
         0.17303E+02          0.86900E+01
         0.17313E+02          0.86768E+01
         0.17323E+02          0.86637E+01
         0.17333E+02          0.86507E+01
         0.17343E+02          0.86378E+01
         0.17353E+02          0.86249E+01
         0.17363E+02          0.86121E+01
         0.17373E+02          0.85994E+01
         0.17383E+02          0.85867E+01
         0.17393E+02          0.85742E+01
         0.17403E+02          0.85617E+01
         0.17413E+02          0.85492E+01
         0.17423E+02          0.85369E+01
         0.17433E+02          0.85246E+01
         0.17443E+02          0.85124E+01
         0.17453E+02          0.85002E+01
         0.17463E+02          0.84881E+01
         0.17473E+02          0.84761E+01
         0.17483E+02          0.84642E+01
         0.17493E+02          0.84523E+01
         0.17503E+02          0.84405E+01
         0.17513E+02          0.84287E+01
         0.17523E+02          0.84171E+01
         0.17533E+02          0.84055E+01
         0.17543E+02          0.83939E+01
         0.17553E+02          0.83825E+01
         0.17563E+02          0.83711E+01
         0.17573E+02          0.83597E+01
         0.17583E+02          0.83485E+01
         0.17593E+02          0.83373E+01
         0.17603E+02          0.83261E+01
         0.17613E+02          0.83151E+01
         0.17623E+02          0.83041E+01
         0.17633E+02          0.82932E+01
         0.17643E+02          0.82823E+01
         0.17653E+02          0.82715E+01
         0.17663E+02          0.82608E+01
         0.17673E+02          0.82501E+01
         0.17683E+02          0.82395E+01
         0.17693E+02          0.82290E+01
         0.17703E+02          0.82185E+01
         0.17713E+02          0.82082E+01
         0.17723E+02          0.81978E+01
         0.17733E+02          0.81876E+01
         0.17743E+02          0.81774E+01
         0.17753E+02          0.81673E+01
         0.17763E+02          0.81572E+01
         0.17773E+02          0.81473E+01
         0.17783E+02          0.81373E+01
         0.17793E+02          0.81275E+01
         0.17803E+02          0.81177E+01
         0.17813E+02          0.81080E+01
         0.17823E+02          0.80984E+01
         0.17833E+02          0.80889E+01
         0.17843E+02          0.80794E+01
         0.17853E+02          0.80700E+01
         0.17863E+02          0.80606E+01
         0.17873E+02          0.80514E+01
         0.17883E+02          0.80422E+01
         0.17893E+02          0.80331E+01
         0.17903E+02          0.80240E+01
         0.17913E+02          0.80151E+01
         0.17923E+02          0.80062E+01
         0.17933E+02          0.79974E+01
         0.17943E+02          0.79887E+01
         0.17953E+02          0.79800E+01
         0.17963E+02          0.79715E+01
         0.17973E+02          0.79630E+01
         0.17983E+02          0.79546E+01
         0.17993E+02          0.79463E+01
         0.18003E+02          0.79381E+01
         0.18013E+02          0.79300E+01
         0.18023E+02          0.79220E+01
         0.18033E+02          0.79141E+01
         0.18043E+02          0.79062E+01
         0.18053E+02          0.78985E+01
         0.18063E+02          0.78909E+01
         0.18073E+02          0.78834E+01
         0.18083E+02          0.78760E+01
         0.18093E+02          0.78688E+01
         0.18103E+02          0.78616E+01
         0.18113E+02          0.78546E+01
         0.18123E+02          0.78477E+01
         0.18133E+02          0.78410E+01
         0.18143E+02          0.78344E+01
         0.18153E+02          0.78279E+01
         0.18163E+02          0.78217E+01
         0.18173E+02          0.78156E+01
         0.18183E+02          0.78096E+01
         0.18193E+02          0.78039E+01
         0.18203E+02          0.77983E+01
         0.18213E+02          0.77930E+01
         0.18223E+02          0.77879E+01
         0.18233E+02          0.77831E+01
         0.18243E+02          0.77785E+01
         0.18253E+02          0.77743E+01
         0.18263E+02          0.77703E+01
         0.18273E+02          0.77667E+01
         0.18283E+02          0.77635E+01
         0.18293E+02          0.77607E+01
         0.18303E+02          0.77584E+01
         0.18313E+02          0.77566E+01
         0.18323E+02          0.77554E+01
         0.18333E+02          0.77548E+01
         0.18343E+02          0.77549E+01
         0.18353E+02          0.77559E+01
         0.18363E+02          0.77578E+01
         0.18373E+02          0.77608E+01
         0.18383E+02          0.77651E+01
         0.18393E+02          0.77708E+01
         0.18403E+02          0.77782E+01
         0.18413E+02          0.77875E+01
         0.18423E+02          0.77991E+01
         0.18433E+02          0.78133E+01
         0.18443E+02          0.78303E+01
         0.18453E+02          0.78505E+01
         0.18463E+02          0.78734E+01
         0.18473E+02          0.78979E+01
         0.18483E+02          0.79198E+01
         0.18493E+02          0.79290E+01
         0.18503E+02          0.79031E+01
         0.18513E+02          0.78015E+01
         0.18523E+02          0.75848E+01
         0.18533E+02          0.72868E+01
         0.18543E+02          0.70350E+01
         0.18553E+02          0.69079E+01
         0.18563E+02          0.68790E+01
         0.18573E+02          0.68976E+01
         0.18583E+02          0.69320E+01
         0.18593E+02          0.69684E+01
         0.18603E+02          0.70016E+01
         0.18613E+02          0.70302E+01
         0.18623E+02          0.70542E+01
         0.18633E+02          0.70742E+01
         0.18643E+02          0.70907E+01
         0.18653E+02          0.71043E+01
         0.18663E+02          0.71153E+01
         0.18673E+02          0.71243E+01
         0.18683E+02          0.71316E+01
         0.18693E+02          0.71374E+01
         0.18703E+02          0.71420E+01
         0.18713E+02          0.71455E+01
         0.18723E+02          0.71480E+01
         0.18733E+02          0.71498E+01
         0.18743E+02          0.71509E+01
         0.18753E+02          0.71514E+01
         0.18763E+02          0.71514E+01
         0.18773E+02          0.71509E+01
         0.18783E+02          0.71500E+01
         0.18793E+02          0.71487E+01
         0.18803E+02          0.71471E+01
         0.18813E+02          0.71452E+01
         0.18823E+02          0.71431E+01
         0.18833E+02          0.71407E+01
         0.18843E+02          0.71382E+01
         0.18853E+02          0.71354E+01
         0.18863E+02          0.71325E+01
         0.18873E+02          0.71294E+01
         0.18883E+02          0.71261E+01
         0.18893E+02          0.71227E+01
         0.18903E+02          0.71192E+01
         0.18913E+02          0.71156E+01
         0.18923E+02          0.71119E+01
         0.18933E+02          0.71081E+01
         0.18943E+02          0.71041E+01
         0.18953E+02          0.71001E+01
         0.18963E+02          0.70960E+01
         0.18973E+02          0.70918E+01
         0.18983E+02          0.70875E+01
         0.18993E+02          0.70831E+01
         0.19003E+02          0.70787E+01
         0.19013E+02          0.70741E+01
         0.19023E+02          0.70694E+01
         0.19033E+02          0.70647E+01
         0.19043E+02          0.70598E+01
         0.19053E+02          0.70548E+01
         0.19063E+02          0.70497E+01
         0.19073E+02          0.70444E+01
         0.19083E+02          0.70389E+01
         0.19093E+02          0.70333E+01
         0.19103E+02          0.70274E+01
         0.19113E+02          0.70213E+01
         0.19123E+02          0.70148E+01
         0.19133E+02          0.70080E+01
         0.19143E+02          0.70007E+01
         0.19153E+02          0.69928E+01
         0.19163E+02          0.69842E+01
         0.19173E+02          0.69748E+01
         0.19183E+02          0.69643E+01
         0.19193E+02          0.69525E+01
         0.19203E+02          0.69396E+01
         0.19213E+02          0.69264E+01
         0.19223E+02          0.69173E+01
         0.19233E+02          0.69288E+01
         0.19243E+02          0.70021E+01
         0.19253E+02          0.71324E+01
         0.19263E+02          0.71877E+01
         0.19273E+02          0.71685E+01
         0.19283E+02          0.71355E+01
         0.19293E+02          0.71070E+01
         0.19303E+02          0.70843E+01
         0.19313E+02          0.70663E+01
         0.19323E+02          0.70516E+01
         0.19333E+02          0.70393E+01
         0.19343E+02          0.70286E+01
         0.19353E+02          0.70193E+01
         0.19363E+02          0.70109E+01
         0.19373E+02          0.70033E+01
         0.19383E+02          0.69962E+01
         0.19393E+02          0.69897E+01
         0.19403E+02          0.69835E+01
         0.19413E+02          0.69776E+01
         0.19423E+02          0.69721E+01
         0.19433E+02          0.69667E+01
         0.19443E+02          0.69615E+01
         0.19453E+02          0.69566E+01
         0.19463E+02          0.69517E+01
         0.19473E+02          0.69470E+01
         0.19483E+02          0.69424E+01
         0.19493E+02          0.69379E+01
         0.19503E+02          0.69335E+01
         0.19513E+02          0.69292E+01
         0.19523E+02          0.69250E+01
         0.19533E+02          0.69208E+01
         0.19543E+02          0.69167E+01
         0.19553E+02          0.69126E+01
         0.19563E+02          0.69086E+01
         0.19573E+02          0.69047E+01
         0.19583E+02          0.69008E+01
         0.19593E+02          0.68970E+01
         0.19603E+02          0.68931E+01
         0.19613E+02          0.68894E+01
         0.19623E+02          0.68856E+01
         0.19633E+02          0.68820E+01
         0.19643E+02          0.68783E+01
         0.19653E+02          0.68747E+01
         0.19663E+02          0.68711E+01
         0.19673E+02          0.68675E+01
         0.19683E+02          0.68640E+01
         0.19693E+02          0.68605E+01
         0.19703E+02          0.68570E+01
         0.19713E+02          0.68535E+01
         0.19723E+02          0.68501E+01
         0.19733E+02          0.68467E+01
         0.19743E+02          0.68433E+01
         0.19753E+02          0.68399E+01
         0.19763E+02          0.68366E+01
         0.19773E+02          0.68333E+01
         0.19783E+02          0.68300E+01
         0.19793E+02          0.68267E+01
         0.19803E+02          0.68235E+01
         0.19813E+02          0.68202E+01
         0.19823E+02          0.68170E+01
         0.19833E+02          0.68138E+01
         0.19843E+02          0.68106E+01
         0.19853E+02          0.68075E+01
         0.19863E+02          0.68043E+01
         0.19873E+02          0.68012E+01
         0.19883E+02          0.67981E+01
         0.19893E+02          0.67950E+01
         0.19903E+02          0.67919E+01
         0.19913E+02          0.67889E+01
         0.19923E+02          0.67858E+01
         0.19933E+02          0.67828E+01
         0.19943E+02          0.67798E+01
         0.19953E+02          0.67768E+01
         0.19963E+02          0.67738E+01
         0.19973E+02          0.67708E+01
         0.19983E+02          0.67679E+01
         0.19993E+02          0.67649E+01
         0.20003E+02          0.67620E+01
         0.20013E+02          0.67591E+01
         0.20023E+02          0.67562E+01
         0.20033E+02          0.67533E+01
         0.20043E+02          0.67504E+01
         0.20053E+02          0.67476E+01
         0.20063E+02          0.67447E+01
         0.20073E+02          0.67419E+01
         0.20083E+02          0.67391E+01
         0.20093E+02          0.67363E+01
         0.20103E+02          0.67335E+01
         0.20113E+02          0.67307E+01
         0.20123E+02          0.67279E+01
         0.20133E+02          0.67252E+01
         0.20143E+02          0.67224E+01
         0.20153E+02          0.67197E+01
         0.20163E+02          0.67170E+01
         0.20173E+02          0.67142E+01
         0.20183E+02          0.67115E+01
         0.20193E+02          0.67088E+01
         0.20203E+02          0.67062E+01
         0.20213E+02          0.67035E+01
         0.20223E+02          0.67008E+01
         0.20233E+02          0.66982E+01
         0.20243E+02          0.66956E+01
         0.20253E+02          0.66929E+01
         0.20263E+02          0.66903E+01
         0.20273E+02          0.66877E+01
         0.20283E+02          0.66851E+01
         0.20293E+02          0.66825E+01
         0.20303E+02          0.66800E+01
         0.20313E+02          0.66774E+01
         0.20323E+02          0.66749E+01
         0.20333E+02          0.66723E+01
         0.20343E+02          0.66698E+01
         0.20353E+02          0.66673E+01
         0.20363E+02          0.66648E+01
         0.20373E+02          0.66623E+01
         0.20383E+02          0.66598E+01
         0.20393E+02          0.66573E+01
         0.20403E+02          0.66549E+01
         0.20413E+02          0.66524E+01
         0.20423E+02          0.66500E+01
         0.20433E+02          0.66475E+01
         0.20443E+02          0.66451E+01
         0.20453E+02          0.66427E+01
         0.20463E+02          0.66403E+01
         0.20473E+02          0.66379E+01
         0.20483E+02          0.66355E+01
         0.20493E+02          0.66332E+01
         0.20503E+02          0.66308E+01
         0.20513E+02          0.66285E+01
         0.20523E+02          0.66261E+01
         0.20533E+02          0.66238E+01
         0.20543E+02          0.66214E+01
         0.20553E+02          0.66191E+01
         0.20563E+02          0.66168E+01
         0.20573E+02          0.66145E+01
         0.20583E+02          0.66121E+01
         0.20593E+02          0.66098E+01
         0.20603E+02          0.66074E+01
         0.20613E+02          0.66050E+01
         0.20623E+02          0.66026E+01
         0.20633E+02          0.66000E+01
         0.20643E+02          0.65974E+01
         0.20653E+02          0.65947E+01
         0.20663E+02          0.65917E+01
         0.20673E+02          0.65885E+01
         0.20683E+02          0.65848E+01
         0.20693E+02          0.65806E+01
         0.20703E+02          0.65755E+01
         0.20713E+02          0.65690E+01
         0.20723E+02          0.65603E+01
         0.20733E+02          0.65481E+01
         0.20743E+02          0.65297E+01
         0.20753E+02          0.65005E+01
         0.20763E+02          0.64501E+01
         0.20773E+02          0.63567E+01
         0.20783E+02          0.61735E+01
         0.20793E+02          0.58386E+01
         0.20803E+02          0.54955E+01
         0.20813E+02          0.55787E+01
         0.20823E+02          0.58783E+01
         0.20833E+02          0.60975E+01
         0.20843E+02          0.62276E+01
         0.20853E+02          0.63055E+01
         0.20863E+02          0.63543E+01
         0.20873E+02          0.63864E+01
         0.20883E+02          0.64084E+01
         0.20893E+02          0.64239E+01
         0.20903E+02          0.64350E+01
         0.20913E+02          0.64432E+01
         0.20923E+02          0.64492E+01
         0.20933E+02          0.64536E+01
         0.20943E+02          0.64568E+01
         0.20953E+02          0.64591E+01
         0.20963E+02          0.64607E+01
         0.20973E+02          0.64617E+01
         0.20983E+02          0.64622E+01
         0.20993E+02          0.64624E+01
         0.21003E+02          0.64622E+01
         0.21013E+02          0.64618E+01
         0.21023E+02          0.64612E+01
         0.21033E+02          0.64604E+01
         0.21043E+02          0.64594E+01
         0.21053E+02          0.64583E+01
         0.21063E+02          0.64571E+01
         0.21073E+02          0.64557E+01
         0.21083E+02          0.64543E+01
         0.21093E+02          0.64528E+01
         0.21103E+02          0.64513E+01
         0.21113E+02          0.64496E+01
         0.21123E+02          0.64479E+01
         0.21133E+02          0.64462E+01
         0.21143E+02          0.64444E+01
         0.21153E+02          0.64426E+01
         0.21163E+02          0.64407E+01
         0.21173E+02          0.64389E+01
         0.21183E+02          0.64369E+01
         0.21193E+02          0.64350E+01
         0.21203E+02          0.64330E+01
         0.21213E+02          0.64310E+01
         0.21223E+02          0.64290E+01
         0.21233E+02          0.64270E+01
         0.21243E+02          0.64249E+01
         0.21253E+02          0.64229E+01
         0.21263E+02          0.64208E+01
         0.21273E+02          0.64187E+01
         0.21283E+02          0.64166E+01
         0.21293E+02          0.64145E+01
         0.21303E+02          0.64124E+01
         0.21313E+02          0.64103E+01
         0.21323E+02          0.64081E+01
         0.21333E+02          0.64060E+01
         0.21343E+02          0.64038E+01
         0.21353E+02          0.64017E+01
         0.21363E+02          0.63995E+01
         0.21373E+02          0.63973E+01
         0.21383E+02          0.63952E+01
         0.21393E+02          0.63930E+01
         0.21403E+02          0.63908E+01
         0.21413E+02          0.63886E+01
         0.21423E+02          0.63865E+01
         0.21433E+02          0.63843E+01
         0.21443E+02          0.63821E+01
         0.21453E+02          0.63799E+01
         0.21463E+02          0.63777E+01
         0.21473E+02          0.63756E+01
         0.21483E+02          0.63734E+01
         0.21493E+02          0.63712E+01
         0.21503E+02          0.63690E+01
         0.21513E+02          0.63669E+01
         0.21523E+02          0.63647E+01
         0.21533E+02          0.63625E+01
         0.21543E+02          0.63604E+01
         0.21553E+02          0.63582E+01
         0.21563E+02          0.63561E+01
         0.21573E+02          0.63539E+01
         0.21583E+02          0.63518E+01
         0.21593E+02          0.63497E+01
         0.21603E+02          0.63475E+01
         0.21613E+02          0.63454E+01
         0.21623E+02          0.63433E+01
         0.21633E+02          0.63412E+01
         0.21643E+02          0.63392E+01
         0.21653E+02          0.63371E+01
         0.21663E+02          0.63350E+01
         0.21673E+02          0.63330E+01
         0.21683E+02          0.63310E+01
         0.21693E+02          0.63290E+01
         0.21703E+02          0.63270E+01
         0.21713E+02          0.63250E+01
         0.21723E+02          0.63231E+01
         0.21733E+02          0.63212E+01
         0.21743E+02          0.63193E+01
         0.21753E+02          0.63174E+01
         0.21763E+02          0.63156E+01
         0.21773E+02          0.63138E+01
         0.21783E+02          0.63121E+01
         0.21793E+02          0.63104E+01
         0.21803E+02          0.63087E+01
         0.21813E+02          0.63071E+01
         0.21823E+02          0.63055E+01
         0.21833E+02          0.63040E+01
         0.21843E+02          0.63026E+01
         0.21853E+02          0.63013E+01
         0.21863E+02          0.63000E+01
         0.21873E+02          0.62988E+01
         0.21883E+02          0.62978E+01
         0.21893E+02          0.62968E+01
         0.21903E+02          0.62961E+01
         0.21913E+02          0.62954E+01
         0.21923E+02          0.62950E+01
         0.21933E+02          0.62948E+01
         0.21943E+02          0.62948E+01
         0.21953E+02          0.62951E+01
         0.21963E+02          0.62958E+01
         0.21973E+02          0.62969E+01
         0.21983E+02          0.62985E+01
         0.21993E+02          0.63008E+01
         0.22003E+02          0.63038E+01
         0.22013E+02          0.63077E+01
         0.22023E+02          0.63128E+01
         0.22033E+02          0.63195E+01
         0.22043E+02          0.63281E+01
         0.22053E+02          0.63390E+01
         0.22063E+02          0.63526E+01
         0.22073E+02          0.63686E+01
         0.22083E+02          0.63839E+01
         0.22093E+02          0.63874E+01
         0.22103E+02          0.63526E+01
         0.22113E+02          0.62593E+01
         0.22123E+02          0.61553E+01
         0.22133E+02          0.60983E+01
         0.22143E+02          0.60815E+01
         0.22153E+02          0.60824E+01
         0.22163E+02          0.60887E+01
         0.22173E+02          0.60959E+01
         0.22183E+02          0.61023E+01
         0.22193E+02          0.61078E+01
         0.22203E+02          0.61121E+01
         0.22213E+02          0.61156E+01
         0.22223E+02          0.61182E+01
         0.22233E+02          0.61202E+01
         0.22243E+02          0.61217E+01
         0.22253E+02          0.61226E+01
         0.22263E+02          0.61232E+01
         0.22273E+02          0.61235E+01
         0.22283E+02          0.61234E+01
         0.22293E+02          0.61232E+01
         0.22303E+02          0.61227E+01
         0.22313E+02          0.61220E+01
         0.22323E+02          0.61212E+01
         0.22333E+02          0.61202E+01
         0.22343E+02          0.61192E+01
         0.22353E+02          0.61180E+01
         0.22363E+02          0.61167E+01
         0.22373E+02          0.61153E+01
         0.22383E+02          0.61139E+01
         0.22393E+02          0.61124E+01
         0.22403E+02          0.61108E+01
         0.22413E+02          0.61092E+01
         0.22423E+02          0.61075E+01
         0.22433E+02          0.61058E+01
         0.22443E+02          0.61040E+01
         0.22453E+02          0.61022E+01
         0.22463E+02          0.61003E+01
         0.22473E+02          0.60985E+01
         0.22483E+02          0.60965E+01
         0.22493E+02          0.60946E+01
         0.22503E+02          0.60926E+01
         0.22513E+02          0.60906E+01
         0.22523E+02          0.60886E+01
         0.22533E+02          0.60866E+01
         0.22543E+02          0.60845E+01
         0.22553E+02          0.60824E+01
         0.22563E+02          0.60803E+01
         0.22573E+02          0.60782E+01
         0.22583E+02          0.60761E+01
         0.22593E+02          0.60739E+01
         0.22603E+02          0.60718E+01
         0.22613E+02          0.60696E+01
         0.22623E+02          0.60674E+01
         0.22633E+02          0.60652E+01
         0.22643E+02          0.60630E+01
         0.22653E+02          0.60607E+01
         0.22663E+02          0.60585E+01
         0.22673E+02          0.60562E+01
         0.22683E+02          0.60539E+01
         0.22693E+02          0.60516E+01
         0.22703E+02          0.60493E+01
         0.22713E+02          0.60470E+01
         0.22723E+02          0.60446E+01
         0.22733E+02          0.60423E+01
         0.22743E+02          0.60399E+01
         0.22753E+02          0.60375E+01
         0.22763E+02          0.60351E+01
         0.22773E+02          0.60327E+01
         0.22783E+02          0.60302E+01
         0.22793E+02          0.60278E+01
         0.22803E+02          0.60253E+01
         0.22813E+02          0.60228E+01
         0.22823E+02          0.60203E+01
         0.22833E+02          0.60177E+01
         0.22843E+02          0.60151E+01
         0.22853E+02          0.60125E+01
         0.22863E+02          0.60099E+01
         0.22873E+02          0.60073E+01
         0.22883E+02          0.60046E+01
         0.22893E+02          0.60018E+01
         0.22903E+02          0.59991E+01
         0.22913E+02          0.59963E+01
         0.22923E+02          0.59934E+01
         0.22933E+02          0.59905E+01
         0.22943E+02          0.59875E+01
         0.22953E+02          0.59845E+01
         0.22963E+02          0.59814E+01
         0.22973E+02          0.59783E+01
         0.22983E+02          0.59750E+01
         0.22993E+02          0.59717E+01
         0.23003E+02          0.59682E+01
         0.23013E+02          0.59647E+01
         0.23023E+02          0.59610E+01
         0.23033E+02          0.59571E+01
         0.23043E+02          0.59531E+01
         0.23053E+02          0.59489E+01
         0.23063E+02          0.59445E+01
         0.23073E+02          0.59398E+01
         0.23083E+02          0.59349E+01
         0.23093E+02          0.59298E+01
         0.23103E+02          0.59244E+01
         0.23113E+02          0.59189E+01
         0.23123E+02          0.59137E+01
         0.23133E+02          0.59098E+01
         0.23143E+02          0.59103E+01
         0.23153E+02          0.59338E+01
         0.23163E+02          0.59576E+01
         0.23173E+02          0.61552E+01
         0.23183E+02          0.69562E+01
         0.23193E+02          0.72329E+01
         0.23203E+02          0.65941E+01
         0.23213E+02          0.63099E+01
         0.23223E+02          0.61810E+01
         0.23233E+02          0.61107E+01
         0.23243E+02          0.60664E+01
         0.23253E+02          0.60352E+01
         0.23263E+02          0.60111E+01
         0.23273E+02          0.59909E+01
         0.23283E+02          0.59725E+01
         0.23293E+02          0.59542E+01
         0.23303E+02          0.59343E+01
         0.23313E+02          0.59099E+01
         0.23323E+02          0.58753E+01
         0.23333E+02          0.58140E+01
         0.23343E+02          0.56541E+01
         0.23353E+02          0.50847E+01
         0.23363E+02          0.60575E+01
         0.23373E+02          0.60483E+01
         0.23383E+02          0.60197E+01
         0.23393E+02          0.60018E+01
         0.23403E+02          0.59901E+01
         0.23413E+02          0.59816E+01
         0.23423E+02          0.59748E+01
         0.23433E+02          0.59689E+01
         0.23443E+02          0.59636E+01
         0.23453E+02          0.59587E+01
         0.23463E+02          0.59542E+01
         0.23473E+02          0.59499E+01
         0.23483E+02          0.59458E+01
         0.23493E+02          0.59420E+01
         0.23503E+02          0.59383E+01
         0.23513E+02          0.59347E+01
         0.23523E+02          0.59313E+01
         0.23533E+02          0.59279E+01
         0.23543E+02          0.59247E+01
         0.23553E+02          0.59215E+01
         0.23563E+02          0.59185E+01
         0.23573E+02          0.59154E+01
         0.23583E+02          0.59125E+01
         0.23593E+02          0.59096E+01
         0.23603E+02          0.59067E+01
         0.23613E+02          0.59039E+01
         0.23623E+02          0.59011E+01
         0.23633E+02          0.58984E+01
         0.23643E+02          0.58957E+01
         0.23653E+02          0.58930E+01
         0.23663E+02          0.58903E+01
         0.23673E+02          0.58876E+01
         0.23683E+02          0.58850E+01
         0.23693E+02          0.58824E+01
         0.23703E+02          0.58798E+01
         0.23713E+02          0.58771E+01
         0.23723E+02          0.58745E+01
         0.23733E+02          0.58719E+01
         0.23743E+02          0.58693E+01
         0.23753E+02          0.58667E+01
         0.23763E+02          0.58641E+01
         0.23773E+02          0.58615E+01
         0.23783E+02          0.58589E+01
         0.23793E+02          0.58562E+01
         0.23803E+02          0.58536E+01
         0.23813E+02          0.58509E+01
         0.23823E+02          0.58482E+01
         0.23833E+02          0.58454E+01
         0.23843E+02          0.58427E+01
         0.23853E+02          0.58399E+01
         0.23863E+02          0.58370E+01
         0.23873E+02          0.58341E+01
         0.23883E+02          0.58312E+01
         0.23893E+02          0.58282E+01
         0.23903E+02          0.58251E+01
         0.23913E+02          0.58220E+01
         0.23923E+02          0.58187E+01
         0.23933E+02          0.58154E+01
         0.23943E+02          0.58121E+01
         0.23953E+02          0.58086E+01
         0.23963E+02          0.58054E+01
         0.23973E+02          0.58005E+01
         0.23983E+02          0.57920E+01
         0.23993E+02          0.57888E+01
         0.24003E+02          0.57841E+01
         0.24013E+02          0.57787E+01
         0.24023E+02          0.57724E+01
         0.24033E+02          0.57652E+01
         0.24043E+02          0.57568E+01
         0.24053E+02          0.57467E+01
         0.24063E+02          0.57342E+01
         0.24073E+02          0.57178E+01
         0.24083E+02          0.56907E+01
         0.24093E+02          0.56627E+01
         0.24103E+02          0.56070E+01
         0.24113E+02          0.54918E+01
         0.24123E+02          0.51469E+01
         0.24133E+02          0.65433E+01
         0.24143E+02          0.64529E+01
         0.24153E+02          0.61882E+01
         0.24163E+02          0.59331E+01
         0.24173E+02          0.58954E+01
         0.24183E+02          0.58738E+01
         0.24193E+02          0.58580E+01
         0.24203E+02          0.58457E+01
         0.24213E+02          0.58355E+01
         0.24223E+02          0.58269E+01
         0.24233E+02          0.58193E+01
         0.24243E+02          0.58125E+01
         0.24253E+02          0.58063E+01
         0.24263E+02          0.58005E+01
         0.24273E+02          0.57950E+01
         0.24283E+02          0.57897E+01
         0.24293E+02          0.57845E+01
         0.24303E+02          0.57794E+01
         0.24313E+02          0.57741E+01
         0.24323E+02          0.57686E+01
         0.24333E+02          0.57627E+01
         0.24343E+02          0.57588E+01
         0.24353E+02          0.57598E+01
         0.24363E+02          0.57575E+01
         0.24373E+02          0.57530E+01
         0.24383E+02          0.57482E+01
         0.24393E+02          0.57433E+01
         0.24403E+02          0.57384E+01
         0.24413E+02          0.57333E+01
         0.24423E+02          0.57283E+01
         0.24433E+02          0.57231E+01
         0.24443E+02          0.57190E+01
         0.24453E+02          0.57105E+01
         0.24463E+02          0.57050E+01
         0.24473E+02          0.56988E+01
         0.24483E+02          0.56921E+01
         0.24493E+02          0.56850E+01
         0.24503E+02          0.56773E+01
         0.24513E+02          0.56691E+01
         0.24523E+02          0.56601E+01
         0.24533E+02          0.56503E+01
         0.24543E+02          0.56396E+01
         0.24553E+02          0.56278E+01
         0.24563E+02          0.56153E+01
         0.24573E+02          0.56036E+01
         0.24583E+02          0.56035E+01
         0.24593E+02          0.57525E+01
         0.24603E+02          0.59923E+01
         0.24613E+02          0.56176E+01
         0.24623E+02          0.55297E+01
         0.24633E+02          0.54671E+01
         0.24643E+02          0.53994E+01
         0.24653E+02          0.52995E+01
         0.24663E+02          0.47634E+01
         0.24673E+02          0.52597E+01
         0.24683E+02          0.50600E+01
         0.24693E+02          0.48378E+01
         0.24703E+02          0.47263E+01
         0.24713E+02          0.47301E+01
         0.24723E+02          0.52114E+01
         0.24733E+02          0.56157E+01
         0.24743E+02          0.58073E+01
         0.24753E+02          0.58822E+01
         0.24763E+02          0.59059E+01
         0.24773E+02          0.59190E+01
         0.24783E+02          0.60563E+01
         0.24793E+02          0.58216E+01
         0.24803E+02          0.58118E+01
         0.24813E+02          0.57919E+01
         0.24823E+02          0.57640E+01
         0.24833E+02          0.57270E+01
         0.24843E+02          0.56771E+01
         0.24853E+02          0.56065E+01
         0.24863E+02          0.55021E+01
         0.24873E+02          0.53428E+01
         0.24883E+02          0.51064E+01
         0.24893E+02          0.48202E+01
         0.24903E+02          0.46609E+01
         0.24913E+02          0.47935E+01
         0.24923E+02          0.50644E+01
         0.24933E+02          0.52926E+01
         0.24943E+02          0.54461E+01
         0.24953E+02          0.55420E+01
         0.24963E+02          0.56156E+01
         0.24973E+02          0.56734E+01
         0.24983E+02          0.57802E+01
         0.24993E+02          0.59441E+01
         0.25003E+02          0.56976E+01
         0.25013E+02          0.57051E+01
         0.25023E+02          0.57009E+01
         0.25033E+02          0.57372E+01
         0.25043E+02          0.57115E+01
         0.25053E+02          0.57075E+01
         0.25063E+02          0.56981E+01
         0.25073E+02          0.57000E+01
         0.25083E+02          0.62056E+01
         0.25093E+02          0.57147E+01
         0.25103E+02          0.55829E+01
         0.25113E+02          0.53599E+01
         0.25123E+02          0.52817E+01
         0.25133E+02          0.54723E+01
         0.25143E+02          0.55394E+01
         0.25153E+02          0.56055E+01
         0.25163E+02          0.56781E+01
         0.25173E+02          0.58358E+01
         0.25183E+02          0.63248E+01
         0.25193E+02          0.58769E+01
         0.25203E+02          0.57357E+01
         0.25213E+02          0.57121E+01
         0.25223E+02          0.57196E+01
         0.25233E+02          0.57805E+01
         0.25243E+02          0.49837E+01
         0.25253E+02          0.55849E+01
         0.25263E+02          0.56176E+01
         0.25273E+02          0.56339E+01
         0.25283E+02          0.58306E+01
         0.25293E+02          0.60662E+01
         0.25303E+02          0.57729E+01
         0.25313E+02          0.56914E+01
         0.25323E+02          0.57132E+01
         0.25333E+02          0.58757E+01
         0.25343E+02          0.57097E+01
         0.25353E+02          0.57437E+01
         0.25363E+02          0.56498E+01
         0.25373E+02          0.52510E+01
         0.25383E+02          0.56571E+01
         0.25393E+02          0.56998E+01
         0.25403E+02          0.57549E+01
         0.25413E+02          0.52512E+01
         0.25423E+02          0.55742E+01
         0.25433E+02          0.56685E+01
         0.25443E+02          0.57488E+01
         0.25453E+02          0.55242E+01
         0.25463E+02          0.56239E+01
         0.25473E+02          0.57604E+01
         0.25483E+02          0.55870E+01
         0.25493E+02          0.57184E+01
         0.25503E+02          0.55784E+01
         0.25513E+02          0.55194E+01
         0.25523E+02          0.56827E+01
         0.25533E+02          0.55282E+01
         0.25543E+02          0.56456E+01
         0.25553E+02          0.54877E+01
         0.25563E+02          0.58114E+01
         0.25573E+02          0.56361E+01
         0.25583E+02          0.56165E+01
         0.25593E+02          0.57046E+01
         0.25603E+02          0.57783E+01
         0.25613E+02          0.57841E+01
         0.25623E+02          0.55877E+01
         0.25633E+02          0.55785E+01
         0.25643E+02          0.55758E+01
         0.25653E+02          0.55832E+01
         0.25663E+02          0.55671E+01
         0.25673E+02          0.55662E+01
         0.25683E+02          0.55099E+01
         0.25693E+02          0.55425E+01
         0.25703E+02          0.55559E+01
         0.25713E+02          0.55037E+01
         0.25723E+02          0.55638E+01
         0.25733E+02          0.55509E+01
         0.25743E+02          0.55745E+01
         0.25753E+02          0.55571E+01
         0.25763E+02          0.50842E+01
         0.25773E+02          0.55738E+01
         0.25783E+02          0.55520E+01
         0.25793E+02          0.55571E+01
         0.25803E+02          0.55544E+01
         0.25813E+02          0.55451E+01
         0.25823E+02          0.55713E+01
         0.25833E+02          0.55408E+01
         0.25843E+02          0.55376E+01
         0.25853E+02          0.55339E+01
         0.25863E+02          0.55318E+01
         0.25873E+02          0.55276E+01
         0.25883E+02          0.55240E+01
         0.25893E+02          0.55183E+01
         0.25903E+02          0.55141E+01
         0.25913E+02          0.54974E+01
         0.25923E+02          0.55679E+01
         0.25933E+02          0.55265E+01
         0.25943E+02          0.55341E+01
         0.25953E+02          0.55128E+01
         0.25963E+02          0.55156E+01
         0.25973E+02          0.53718E+01
         0.25983E+02          0.55253E+01
         0.25993E+02          0.55151E+01
         0.26003E+02          0.55087E+01
         0.26013E+02          0.55075E+01
         0.26023E+02          0.54978E+01
         0.26033E+02          0.54891E+01
         0.26043E+02          0.54784E+01
         0.26053E+02          0.54628E+01
         0.26063E+02          0.54381E+01
         0.26073E+02          0.53954E+01
         0.26083E+02          0.53337E+01
         0.26093E+02          0.52393E+01
         0.26103E+02          0.52294E+01
         0.26113E+02          0.53439E+01
         0.26123E+02          0.54816E+01
         0.26133E+02          0.52676E+01
         0.26143E+02          0.53674E+01
         0.26153E+02          0.54015E+01
         0.26163E+02          0.54178E+01
         0.26173E+02          0.54249E+01
         0.26183E+02          0.54242E+01
         0.26193E+02          0.54461E+01
         0.26203E+02          0.54426E+01
         0.26213E+02          0.54140E+01
         0.26223E+02          0.54657E+01
         0.26233E+02          0.54664E+01
         0.26243E+02          0.54708E+01
         0.26253E+02          0.54756E+01
         0.26263E+02          0.54184E+01
         0.26273E+02          0.54270E+01
         0.26283E+02          0.54523E+01
         0.26293E+02          0.54129E+01
         0.26303E+02          0.54202E+01
         0.26313E+02          0.54223E+01
         0.26323E+02          0.54288E+01
         0.26333E+02          0.54155E+01
         0.26343E+02          0.54178E+01
         0.26353E+02          0.54043E+01
         0.26363E+02          0.54119E+01
         0.26373E+02          0.54265E+01
         0.26383E+02          0.54342E+01
         0.26393E+02          0.54192E+01
         0.26403E+02          0.54147E+01
         0.26413E+02          0.54465E+01
         0.26423E+02          0.54703E+01
         0.26433E+02          0.60088E+01
         0.26443E+02          0.54272E+01
         0.26453E+02          0.53673E+01
         0.26463E+02          0.53931E+01
         0.26473E+02          0.53893E+01
         0.26483E+02          0.53600E+01
         0.26493E+02          0.54105E+01
         0.26503E+02          0.53676E+01
         0.26513E+02          0.53387E+01
         0.26523E+02          0.53614E+01
         0.26533E+02          0.53440E+01
         0.26543E+02          0.53729E+01
         0.26553E+02          0.53909E+01
         0.26563E+02          0.53786E+01
         0.26573E+02          0.53350E+01
         0.26583E+02          0.53986E+01
         0.26593E+02          0.53873E+01
         0.26603E+02          0.53812E+01
         0.26613E+02          0.53752E+01
         0.26623E+02          0.53621E+01
         0.26633E+02          0.53819E+01
         0.26643E+02          0.53773E+01
         0.26653E+02          0.53406E+01
         0.26663E+02          0.53223E+01
         0.26673E+02          0.53348E+01
         0.26683E+02          0.53149E+01
         0.26693E+02          0.53317E+01
         0.26703E+02          0.53168E+01
         0.26713E+02          0.53188E+01
         0.26723E+02          0.53630E+01
         0.26733E+02          0.53227E+01
         0.26743E+02          0.53432E+01
         0.26753E+02          0.52394E+01
         0.26763E+02          0.54549E+01
         0.26773E+02          0.52744E+01
         0.26783E+02          0.52165E+01
         0.26793E+02          0.50848E+01
         0.26803E+02          0.50627E+01
         0.26813E+02          0.51909E+01
         0.26823E+02          0.52507E+01
         0.26833E+02          0.52725E+01
         0.26843E+02          0.52834E+01
         0.26853E+02          0.52876E+01
         0.26863E+02          0.52899E+01
         0.26873E+02          0.52910E+01
         0.26883E+02          0.54246E+01
         0.26893E+02          0.52492E+01
         0.26903E+02          0.53412E+01
         0.26913E+02          0.52951E+01
         0.26923E+02          0.52245E+01
         0.26933E+02          0.51217E+01
         0.26943E+02          0.51880E+01
         0.26953E+02          0.52211E+01
         0.26963E+02          0.52334E+01
         0.26973E+02          0.52386E+01
         0.26983E+02          0.52407E+01
         0.26993E+02          0.52413E+01
         0.27003E+02          0.52411E+01
         0.27013E+02          0.52403E+01
         0.27023E+02          0.52391E+01
         0.27033E+02          0.52371E+01
         0.27043E+02          0.52333E+01
         0.27053E+02          0.52524E+01
         0.27063E+02          0.52302E+01
         0.27073E+02          0.51345E+01
         0.27083E+02          0.51792E+01
         0.27093E+02          0.52058E+01
         0.27103E+02          0.52117E+01
         0.27113E+02          0.52142E+01
         0.27123E+02          0.52175E+01
         0.27133E+02          0.52511E+01
         0.27143E+02          0.54374E+01
         0.27153E+02          0.52034E+01
         0.27163E+02          0.51795E+01
         0.27173E+02          0.51739E+01
         0.27183E+02          0.51860E+01
         0.27193E+02          0.51874E+01
         0.27203E+02          0.51868E+01
         0.27213E+02          0.51818E+01
         0.27223E+02          0.51805E+01
         0.27233E+02          0.51684E+01
         0.27243E+02          0.51753E+01
         0.27253E+02          0.51759E+01
         0.27263E+02          0.51883E+01
         0.27273E+02          0.51861E+01
         0.27283E+02          0.51576E+01
         0.27293E+02          0.51739E+01
         0.27303E+02          0.51550E+01
         0.27313E+02          0.51545E+01
         0.27323E+02          0.51459E+01
         0.27333E+02          0.51506E+01
         0.27343E+02          0.51532E+01
         0.27353E+02          0.51600E+01
         0.27363E+02          0.51376E+01
         0.27373E+02          0.51326E+01
         0.27383E+02          0.51310E+01
         0.27393E+02          0.48982E+01
         0.27403E+02          0.50925E+01
         0.27413E+02          0.50076E+01
         0.27423E+02          0.51191E+01
         0.27433E+02          0.50889E+01
         0.27443E+02          0.50893E+01
         0.27453E+02          0.51783E+01
         0.27463E+02          0.50864E+01
         0.27473E+02          0.50857E+01
         0.27483E+02          0.50783E+01
         0.27493E+02          0.50845E+01
         0.27503E+02          0.50768E+01
         0.27513E+02          0.50766E+01
         0.27523E+02          0.50743E+01
         0.27533E+02          0.50696E+01
         0.27543E+02          0.50677E+01
         0.27553E+02          0.50694E+01
         0.27563E+02          0.50632E+01
         0.27573E+02          0.50630E+01
         0.27583E+02          0.50625E+01
         0.27593E+02          0.50583E+01
         0.27603E+02          0.50566E+01
         0.27613E+02          0.50582E+01
         0.27623E+02          0.50568E+01
         0.27633E+02          0.50540E+01
         0.27643E+02          0.50573E+01
         0.27653E+02          0.50565E+01
         0.27663E+02          0.49910E+01
         0.27673E+02          0.49902E+01
         0.27683E+02          0.50065E+01
         0.27693E+02          0.50114E+01
         0.27703E+02          0.50124E+01
         0.27713E+02          0.50118E+01
         0.27723E+02          0.50104E+01
         0.27733E+02          0.50086E+01
         0.27743E+02          0.50065E+01
         0.27753E+02          0.50044E+01
         0.27763E+02          0.50022E+01
         0.27773E+02          0.50002E+01
         0.27783E+02          0.49986E+01
         0.27793E+02          0.49981E+01
         0.27803E+02          0.50006E+01
         0.27813E+02          0.50027E+01
         0.27823E+02          0.49361E+01
         0.27833E+02          0.49521E+01
         0.27843E+02          0.49519E+01
         0.27853E+02          0.49452E+01
         0.27863E+02          0.49311E+01
         0.27873E+02          0.49247E+01
         0.27883E+02          0.49633E+01
         0.27893E+02          0.49755E+01
         0.27903E+02          0.49736E+01
         0.27913E+02          0.48167E+01
         0.27923E+02          0.49586E+01
         0.27933E+02          0.49621E+01
         0.27943E+02          0.49600E+01
         0.27953E+02          0.49574E+01
         0.27963E+02          0.49516E+01
         0.27973E+02          0.48727E+01
         0.27983E+02          0.49367E+01
         0.27993E+02          0.49388E+01
         0.28003E+02          0.49388E+01
         0.28013E+02          0.49437E+01
         0.28023E+02          0.49226E+01
         0.28033E+02          0.49262E+01
         0.28043E+02          0.49348E+01
         0.28053E+02          0.49144E+01
         0.28063E+02          0.49193E+01
         0.28073E+02          0.49061E+01
         0.28083E+02          0.49195E+01
         0.28093E+02          0.49053E+01
         0.28103E+02          0.48988E+01
         0.28113E+02          0.48957E+01
         0.28123E+02          0.48974E+01
         0.28133E+02          0.48883E+01
         0.28143E+02          0.48926E+01
         0.28153E+02          0.48993E+01
         0.28163E+02          0.48942E+01
         0.28173E+02          0.48639E+01
         0.28183E+02          0.48698E+01
         0.28193E+02          0.48663E+01
         0.28203E+02          0.48628E+01
         0.28213E+02          0.48591E+01
         0.28223E+02          0.48549E+01
         0.28233E+02          0.48494E+01
         0.28243E+02          0.48445E+01
         0.28253E+02          0.48527E+01
         0.28263E+02          0.48464E+01
         0.28273E+02          0.48421E+01
         0.28283E+02          0.48381E+01
         0.28293E+02          0.48343E+01
         0.28303E+02          0.48304E+01
         0.28313E+02          0.48264E+01
         0.28323E+02          0.48222E+01
         0.28333E+02          0.48176E+01
         0.28343E+02          0.48122E+01
         0.28353E+02          0.48049E+01
         0.28363E+02          0.47924E+01
         0.28373E+02          0.47675E+01
         0.28383E+02          0.47906E+01
         0.28393E+02          0.48059E+01
         0.28403E+02          0.48111E+01
         0.28413E+02          0.48063E+01
         0.28423E+02          0.48017E+01
         0.28433E+02          0.47975E+01
         0.28443E+02          0.47936E+01
         0.28453E+02          0.47898E+01
         0.28463E+02          0.47861E+01
         0.28473E+02          0.47825E+01
         0.28483E+02          0.47790E+01
         0.28493E+02          0.47754E+01
         0.28503E+02          0.47718E+01
         0.28513E+02          0.47681E+01
         0.28523E+02          0.47643E+01
         0.28533E+02          0.47600E+01
         0.28543E+02          0.47534E+01
         0.28553E+02          0.47687E+01
         0.28563E+02          0.47545E+01
         0.28573E+02          0.47494E+01
         0.28583E+02          0.47447E+01
         0.28593E+02          0.47395E+01
         0.28603E+02          0.47325E+01
         0.28613E+02          0.47161E+01
         0.28623E+02          0.47220E+01
         0.28633E+02          0.47425E+01
         0.28643E+02          0.47361E+01
         0.28653E+02          0.47308E+01
         0.28663E+02          0.47263E+01
         0.28673E+02          0.47222E+01
         0.28683E+02          0.47182E+01
         0.28693E+02          0.47142E+01
         0.28703E+02          0.47096E+01
         0.28713E+02          0.47002E+01
         0.28723E+02          0.47079E+01
         0.28733E+02          0.47009E+01
         0.28743E+02          0.46942E+01
         0.28753E+02          0.46768E+01
         0.28763E+02          0.46910E+01
         0.28773E+02          0.46971E+01
         0.28783E+02          0.46911E+01
         0.28793E+02          0.46863E+01
         0.28803E+02          0.46815E+01
         0.28813E+02          0.46737E+01
         0.28823E+02          0.46770E+01
         0.28833E+02          0.46685E+01
         0.28843E+02          0.46294E+01
         0.28853E+02          0.46739E+01
         0.28863E+02          0.46668E+01
         0.28873E+02          0.46611E+01
         0.28883E+02          0.46681E+01
         0.28893E+02          0.46509E+01
         0.28903E+02          0.46645E+01
         0.28913E+02          0.46526E+01
         0.28923E+02          0.46447E+01
         0.28933E+02          0.46414E+01
         0.28943E+02          0.46498E+01
         0.28953E+02          0.46387E+01
         0.28963E+02          0.46331E+01
         0.28973E+02          0.46371E+01
         0.28983E+02          0.46336E+01
         0.28993E+02          0.46315E+01
         0.29003E+02          0.46206E+01
         0.29013E+02          0.46176E+01
         0.29023E+02          0.46189E+01
         0.29033E+02          0.46140E+01
         0.29043E+02          0.46025E+01
         0.29053E+02          0.46092E+01
         0.29063E+02          0.46071E+01
         0.29073E+02          0.46068E+01
         0.29083E+02          0.46033E+01
         0.29093E+02          0.46001E+01
         0.29103E+02          0.45943E+01
         0.29113E+02          0.45916E+01
         0.29123E+02          0.45888E+01
         0.29133E+02          0.45861E+01
         0.29143E+02          0.45834E+01
         0.29153E+02          0.45807E+01
         0.29163E+02          0.45780E+01
         0.29173E+02          0.45753E+01
         0.29183E+02          0.45726E+01
         0.29193E+02          0.45699E+01
         0.29203E+02          0.45672E+01
         0.29213E+02          0.45645E+01
         0.29223E+02          0.45619E+01
         0.29233E+02          0.45592E+01
         0.29243E+02          0.45566E+01
         0.29253E+02          0.45539E+01
         0.29263E+02          0.45513E+01
         0.29273E+02          0.45487E+01
         0.29283E+02          0.45460E+01
         0.29293E+02          0.45434E+01
         0.29303E+02          0.45408E+01
         0.29313E+02          0.45382E+01
         0.29323E+02          0.45356E+01
         0.29333E+02          0.45330E+01
         0.29343E+02          0.45304E+01
         0.29353E+02          0.45279E+01
         0.29363E+02          0.45253E+01
         0.29373E+02          0.45227E+01
         0.29383E+02          0.45202E+01
         0.29393E+02          0.45176E+01
         0.29403E+02          0.45151E+01
         0.29413E+02          0.45126E+01
         0.29423E+02          0.45100E+01
         0.29433E+02          0.45075E+01
         0.29443E+02          0.45050E+01
         0.29453E+02          0.45025E+01
         0.29463E+02          0.45000E+01
         0.29473E+02          0.44975E+01
         0.29483E+02          0.44951E+01
         0.29493E+02          0.44926E+01
         0.29503E+02          0.44901E+01
         0.29513E+02          0.44877E+01
         0.29523E+02          0.44852E+01
         0.29533E+02          0.44828E+01
         0.29543E+02          0.44804E+01
         0.29553E+02          0.44779E+01
         0.29563E+02          0.44755E+01
         0.29573E+02          0.44731E+01
         0.29583E+02          0.44707E+01
         0.29593E+02          0.44683E+01
         0.29603E+02          0.44660E+01
         0.29613E+02          0.44636E+01
         0.29623E+02          0.44612E+01
         0.29633E+02          0.44589E+01
         0.29643E+02          0.44565E+01
         0.29653E+02          0.44542E+01
         0.29663E+02          0.44518E+01
         0.29673E+02          0.44495E+01
         0.29683E+02          0.44472E+01
         0.29693E+02          0.44449E+01
         0.29703E+02          0.44426E+01
         0.29713E+02          0.44403E+01
         0.29723E+02          0.44380E+01
         0.29733E+02          0.44357E+01
         0.29743E+02          0.44335E+01
         0.29753E+02          0.44312E+01
         0.29763E+02          0.44290E+01
         0.29773E+02          0.44267E+01
         0.29783E+02          0.44245E+01
         0.29793E+02          0.44223E+01
         0.29803E+02          0.44201E+01
         0.29813E+02          0.44179E+01
         0.29823E+02          0.44157E+01
         0.29833E+02          0.44135E+01
         0.29843E+02          0.44113E+01
         0.29853E+02          0.44091E+01
         0.29863E+02          0.44069E+01
         0.29873E+02          0.44048E+01
         0.29883E+02          0.44026E+01
         0.29893E+02          0.44005E+01
         0.29903E+02          0.43984E+01
         0.29913E+02          0.43963E+01
         0.29923E+02          0.43941E+01
         0.29933E+02          0.43920E+01
         0.29943E+02          0.43899E+01
         0.29953E+02          0.43879E+01
         0.29963E+02          0.43858E+01
         0.29973E+02          0.43837E+01
         0.29983E+02          0.43817E+01
         0.29993E+02          0.43796E+01
         0.30003E+02          0.43776E+01
         0.30013E+02          0.43755E+01
         0.30023E+02          0.43735E+01
         0.30033E+02          0.43715E+01
         0.30043E+02          0.43695E+01
         0.30053E+02          0.43675E+01
         0.30063E+02          0.43655E+01
         0.30073E+02          0.43635E+01
         0.30083E+02          0.43616E+01
         0.30093E+02          0.43596E+01
         0.30103E+02          0.43576E+01
         0.30113E+02          0.43557E+01
         0.30123E+02          0.43538E+01
         0.30133E+02          0.43518E+01
         0.30143E+02          0.43499E+01
         0.30153E+02          0.43480E+01
         0.30163E+02          0.43461E+01
         0.30173E+02          0.43442E+01
         0.30183E+02          0.43424E+01
         0.30193E+02          0.43405E+01
         0.30203E+02          0.43386E+01
         0.30213E+02          0.43368E+01
         0.30223E+02          0.43349E+01
         0.30233E+02          0.43331E+01
         0.30243E+02          0.43313E+01
         0.30253E+02          0.43294E+01
         0.30263E+02          0.43276E+01
         0.30273E+02          0.43258E+01
         0.30283E+02          0.43241E+01
         0.30293E+02          0.43223E+01
         0.30303E+02          0.43205E+01
         0.30313E+02          0.43187E+01
         0.30323E+02          0.43170E+01
         0.30333E+02          0.43152E+01
         0.30343E+02          0.43135E+01
         0.30353E+02          0.43118E+01
         0.30363E+02          0.43101E+01
         0.30373E+02          0.43084E+01
         0.30383E+02          0.43067E+01
         0.30393E+02          0.43050E+01
         0.30403E+02          0.43033E+01
         0.30413E+02          0.43016E+01
         0.30423E+02          0.43000E+01
         0.30433E+02          0.42983E+01
         0.30443E+02          0.42967E+01
         0.30453E+02          0.42950E+01
         0.30463E+02          0.42934E+01
         0.30473E+02          0.42918E+01
         0.30483E+02          0.42902E+01
         0.30493E+02          0.42886E+01
         0.30503E+02          0.42870E+01
         0.30513E+02          0.42854E+01
         0.30523E+02          0.42838E+01
         0.30533E+02          0.42823E+01
         0.30543E+02          0.42807E+01
         0.30553E+02          0.42792E+01
         0.30563E+02          0.42776E+01
         0.30573E+02          0.42761E+01
         0.30583E+02          0.42746E+01
         0.30593E+02          0.42731E+01
         0.30603E+02          0.42716E+01
         0.30613E+02          0.42701E+01
         0.30623E+02          0.42686E+01
         0.30633E+02          0.42671E+01
         0.30643E+02          0.42657E+01
         0.30653E+02          0.42642E+01
         0.30663E+02          0.42628E+01
         0.30673E+02          0.42613E+01
         0.30683E+02          0.42599E+01
         0.30693E+02          0.42585E+01
         0.30703E+02          0.42571E+01
         0.30713E+02          0.42557E+01
         0.30723E+02          0.42543E+01
         0.30733E+02          0.42529E+01
         0.30743E+02          0.42515E+01
         0.30753E+02          0.42501E+01
         0.30763E+02          0.42488E+01
         0.30773E+02          0.42474E+01
         0.30783E+02          0.42461E+01
         0.30793E+02          0.42447E+01
         0.30803E+02          0.42434E+01
         0.30813E+02          0.42421E+01
         0.30823E+02          0.42407E+01
         0.30833E+02          0.42394E+01
         0.30843E+02          0.42381E+01
         0.30853E+02          0.42368E+01
         0.30863E+02          0.42355E+01
         0.30873E+02          0.42342E+01
         0.30883E+02          0.42330E+01
         0.30893E+02          0.42317E+01
         0.30903E+02          0.42304E+01
         0.30913E+02          0.42292E+01
         0.30923E+02          0.42280E+01
         0.30933E+02          0.42268E+01
         0.30943E+02          0.42257E+01
         0.30953E+02          0.42246E+01
         0.30963E+02          0.42239E+01
         0.30973E+02          0.42238E+01
         0.30983E+02          0.42259E+01
         0.30993E+02          0.42321E+01
         0.31003E+02          0.42253E+01
         0.31013E+02          0.42175E+01
         0.31023E+02          0.42136E+01
         0.31033E+02          0.42104E+01
         0.31043E+02          0.42068E+01
         0.31053E+02          0.42016E+01
         0.31063E+02          0.41925E+01
         0.31073E+02          0.42206E+01
         0.31083E+02          0.42368E+01
         0.31093E+02          0.42250E+01
         0.31103E+02          0.42193E+01
         0.31113E+02          0.42158E+01
         0.31123E+02          0.42133E+01
         0.31133E+02          0.42113E+01
         0.31143E+02          0.42096E+01
         0.31153E+02          0.42081E+01
         0.31163E+02          0.42066E+01
         0.31173E+02          0.42053E+01
         0.31183E+02          0.42041E+01
         0.31193E+02          0.42029E+01
         0.31203E+02          0.42017E+01
         0.31213E+02          0.42006E+01
         0.31223E+02          0.41995E+01
         0.31233E+02          0.41985E+01
         0.31243E+02          0.41974E+01
         0.31253E+02          0.41964E+01
         0.31263E+02          0.41954E+01
         0.31273E+02          0.41944E+01
         0.31283E+02          0.41934E+01
         0.31293E+02          0.41925E+01
         0.31303E+02          0.41915E+01
         0.31313E+02          0.41906E+01
         0.31323E+02          0.41896E+01
         0.31333E+02          0.41887E+01
         0.31343E+02          0.41878E+01
         0.31353E+02          0.41869E+01
         0.31363E+02          0.41860E+01
         0.31373E+02          0.41851E+01
         0.31383E+02          0.41842E+01
         0.31393E+02          0.41833E+01
         0.31403E+02          0.41825E+01
         0.31413E+02          0.41816E+01
         0.31423E+02          0.41807E+01
         0.31433E+02          0.41799E+01
         0.31443E+02          0.41790E+01
         0.31453E+02          0.41781E+01
         0.31463E+02          0.41773E+01
         0.31473E+02          0.41764E+01
         0.31483E+02          0.41756E+01
         0.31493E+02          0.41747E+01
         0.31503E+02          0.41739E+01
         0.31513E+02          0.41731E+01
         0.31523E+02          0.41722E+01
         0.31533E+02          0.41714E+01
         0.31543E+02          0.41706E+01
         0.31553E+02          0.41698E+01
         0.31563E+02          0.41690E+01
         0.31573E+02          0.41682E+01
         0.31583E+02          0.41674E+01
         0.31593E+02          0.41666E+01
         0.31603E+02          0.41659E+01
         0.31613E+02          0.41652E+01
         0.31623E+02          0.41646E+01
         0.31633E+02          0.41640E+01
         0.31643E+02          0.41635E+01
         0.31653E+02          0.41631E+01
         0.31663E+02          0.41628E+01
         0.31673E+02          0.41627E+01
         0.31683E+02          0.41628E+01
         0.31693E+02          0.41630E+01
         0.31703E+02          0.41636E+01
         0.31713E+02          0.41645E+01
         0.31723E+02          0.41657E+01
         0.31733E+02          0.41674E+01
         0.31743E+02          0.41696E+01
         0.31753E+02          0.41722E+01
         0.31763E+02          0.41753E+01
         0.31773E+02          0.41790E+01
         0.31783E+02          0.41831E+01
         0.31793E+02          0.41876E+01
         0.31803E+02          0.41923E+01
         0.31813E+02          0.41972E+01
         0.31823E+02          0.42022E+01
         0.31833E+02          0.42071E+01
         0.31843E+02          0.42118E+01
         0.31853E+02          0.42163E+01
         0.31863E+02          0.42205E+01
         0.31873E+02          0.42244E+01
         0.31883E+02          0.42279E+01
         0.31893E+02          0.42313E+01
         0.31903E+02          0.42343E+01
         0.31913E+02          0.42372E+01
         0.31923E+02          0.42399E+01
         0.31933E+02          0.42426E+01
         0.31943E+02          0.42452E+01
         0.31953E+02          0.42477E+01
         0.31963E+02          0.42503E+01
         0.31973E+02          0.42530E+01
         0.31983E+02          0.42558E+01
         0.31993E+02          0.42587E+01
         0.32003E+02          0.42618E+01
         0.32013E+02          0.42651E+01
         0.32023E+02          0.42687E+01
         0.32033E+02          0.42726E+01
         0.32043E+02          0.42767E+01
         0.32053E+02          0.42813E+01
         0.32063E+02          0.42862E+01
         0.32073E+02          0.42917E+01
         0.32083E+02          0.42976E+01
         0.32093E+02          0.43042E+01
         0.32103E+02          0.43115E+01
         0.32113E+02          0.43196E+01
         0.32123E+02          0.43287E+01
         0.32133E+02          0.43390E+01
         0.32143E+02          0.43507E+01
         0.32153E+02          0.43642E+01
         0.32163E+02          0.43800E+01
         0.32173E+02          0.43989E+01
         0.32183E+02          0.44220E+01
         0.32193E+02          0.44510E+01
         0.32203E+02          0.44892E+01
         0.32213E+02          0.45417E+01
         0.32223E+02          0.46182E+01
         0.32233E+02          0.47375E+01
         0.32243E+02          0.49359E+01
         0.32253E+02          0.52782E+01
         0.32263E+02          0.58253E+01
         0.32273E+02          0.64083E+01
         0.32283E+02          0.65354E+01
         0.32293E+02          0.62345E+01
         0.32303E+02          0.59066E+01
         0.32313E+02          0.56871E+01
         0.32323E+02          0.55622E+01
         0.32333E+02          0.55000E+01
         0.32343E+02          0.54789E+01
         0.32353E+02          0.54904E+01
         0.32363E+02          0.55030E+01
         0.32373E+02          0.55190E+01
         0.32383E+02          0.55257E+01
         0.32393E+02          0.55062E+01
         0.32403E+02          0.54196E+01
         0.32413E+02          0.49871E+01
         0.32423E+02          0.56210E+01
         0.32433E+02          0.54532E+01
         0.32443E+02          0.53017E+01
         0.32453E+02          0.51486E+01
         0.32463E+02          0.49959E+01
         0.32473E+02          0.48492E+01
         0.32483E+02          0.47142E+01
         0.32493E+02          0.45950E+01
         0.32503E+02          0.44930E+01
         0.32513E+02          0.44083E+01
         0.32523E+02          0.43402E+01
         0.32533E+02          0.42849E+01
         0.32543E+02          0.42396E+01
         0.32553E+02          0.42019E+01
         0.32563E+02          0.41701E+01
         0.32573E+02          0.41425E+01
         0.32583E+02          0.41180E+01
         0.32593E+02          0.40960E+01
         0.32603E+02          0.40766E+01
         0.32613E+02          0.40605E+01
         0.32623E+02          0.40484E+01
         0.32633E+02          0.40412E+01
         0.32643E+02          0.40401E+01
         0.32653E+02          0.40467E+01
         0.32663E+02          0.40629E+01
         0.32673E+02          0.40903E+01
         0.32683E+02          0.41300E+01
         0.32693E+02          0.41813E+01
         0.32703E+02          0.42412E+01
         0.32713E+02          0.43043E+01
         0.32723E+02          0.43643E+01
         0.32733E+02          0.44156E+01
         0.32743E+02          0.44535E+01
         0.32753E+02          0.44767E+01
         0.32763E+02          0.44864E+01
         0.32773E+02          0.44853E+01
         0.32783E+02          0.44908E+01
         0.32793E+02          0.44709E+01
         0.32803E+02          0.44566E+01
         0.32813E+02          0.44416E+01
         0.32823E+02          0.44264E+01
         0.32833E+02          0.44114E+01
         0.32843E+02          0.43970E+01
         0.32853E+02          0.43832E+01
         0.32863E+02          0.43701E+01
         0.32873E+02          0.43577E+01
         0.32883E+02          0.43456E+01
         0.32893E+02          0.43335E+01
         0.32903E+02          0.43199E+01
         0.32913E+02          0.43025E+01
         0.32923E+02          0.43827E+01
         0.32933E+02          0.43277E+01
         0.32943E+02          0.43124E+01
         0.32953E+02          0.43026E+01
         0.32963E+02          0.42949E+01
         0.32973E+02          0.42882E+01
         0.32983E+02          0.42822E+01
         0.32993E+02          0.42768E+01
         0.33003E+02          0.42718E+01
         0.33013E+02          0.42673E+01
         0.33023E+02          0.42630E+01
         0.33033E+02          0.42591E+01
         0.33043E+02          0.42554E+01
         0.33053E+02          0.42519E+01
         0.33063E+02          0.42487E+01
         0.33073E+02          0.42456E+01
         0.33083E+02          0.42421E+01
         0.33093E+02          0.42413E+01
         0.33103E+02          0.42382E+01
         0.33113E+02          0.42357E+01
         0.33123E+02          0.42334E+01
         0.33133E+02          0.42312E+01
         0.33143E+02          0.42291E+01
         0.33153E+02          0.42323E+01
         0.33163E+02          0.42420E+01
         0.33173E+02          0.42255E+01
         0.33183E+02          0.42234E+01
         0.33193E+02          0.42218E+01
         0.33203E+02          0.42203E+01
         0.33213E+02          0.42190E+01
         0.33223E+02          0.42177E+01
         0.33233E+02          0.42165E+01
         0.33243E+02          0.42154E+01
         0.33253E+02          0.42133E+01
         0.33263E+02          0.42139E+01
         0.33273E+02          0.42129E+01
         0.33283E+02          0.42121E+01
         0.33293E+02          0.42212E+01
         0.33303E+02          0.42107E+01
         0.33313E+02          0.42099E+01
         0.33323E+02          0.42094E+01
         0.33333E+02          0.42088E+01
         0.33343E+02          0.42084E+01
         0.33353E+02          0.42075E+01
         0.33363E+02          0.42080E+01
         0.33373E+02          0.42078E+01
         0.33383E+02          0.42085E+01
         0.33393E+02          0.42071E+01
         0.33403E+02          0.42071E+01
         0.33413E+02          0.42071E+01
         0.33423E+02          0.42078E+01
         0.33433E+02          0.42080E+01
         0.33443E+02          0.42076E+01
         0.33453E+02          0.42082E+01
         0.33463E+02          0.42086E+01
         0.33473E+02          0.42100E+01
         0.33483E+02          0.42102E+01
         0.33493E+02          0.42113E+01
         0.33503E+02          0.42130E+01
         0.33513E+02          0.42137E+01
         0.33523E+02          0.42158E+01
         0.33533E+02          0.42171E+01
         0.33543E+02          0.42203E+01
         0.33553E+02          0.42225E+01
         0.33563E+02          0.42235E+01
         0.33573E+02          0.42269E+01
         0.33583E+02          0.42269E+01
         0.33593E+02          0.42296E+01
         0.33603E+02          0.42265E+01
         0.33613E+02          0.42208E+01
         0.33623E+02          0.42139E+01
         0.33633E+02          0.42907E+01
         0.33643E+02          0.52452E+01
         0.33653E+02          0.64332E+01
         0.33663E+02          0.59589E+01
         0.33673E+02          0.60349E+01
         0.33683E+02          0.61590E+01
         0.33693E+02          0.60376E+01
         0.33703E+02          0.56402E+01
         0.33713E+02          0.52055E+01
         0.33723E+02          0.48794E+01
         0.33733E+02          0.46648E+01
         0.33743E+02          0.45267E+01
         0.33753E+02          0.44363E+01
         0.33763E+02          0.43752E+01
         0.33773E+02          0.43326E+01
         0.33783E+02          0.43020E+01
         0.33793E+02          0.42794E+01
         0.33803E+02          0.42623E+01
         0.33813E+02          0.42491E+01
         0.33823E+02          0.42388E+01
         0.33833E+02          0.42307E+01
         0.33843E+02          0.42244E+01
         0.33853E+02          0.42192E+01
         0.33863E+02          0.42161E+01
         0.33873E+02          0.42136E+01
         0.33883E+02          0.42103E+01
         0.33893E+02          0.42069E+01
         0.33903E+02          0.42040E+01
         0.33913E+02          0.42016E+01
         0.33923E+02          0.41996E+01
         0.33933E+02          0.41980E+01
         0.33943E+02          0.41966E+01
         0.33953E+02          0.41955E+01
         0.33963E+02          0.41947E+01
         0.33973E+02          0.41940E+01
         0.33983E+02          0.41937E+01
         0.33993E+02          0.41937E+01
         0.34003E+02          0.41943E+01
         0.34013E+02          0.41966E+01
         0.34023E+02          0.42161E+01
         0.34033E+02          0.43066E+01
         0.34043E+02          0.41986E+01
         0.34053E+02          0.41972E+01
         0.34063E+02          0.41985E+01
         0.34073E+02          0.42010E+01
         0.34083E+02          0.42047E+01
         0.34093E+02          0.42102E+01
         0.34103E+02          0.42182E+01
         0.34113E+02          0.42306E+01
         0.34123E+02          0.42514E+01
         0.34133E+02          0.42902E+01
         0.34143E+02          0.43823E+01
         0.34153E+02          0.48306E+01
         0.34163E+02          0.60450E+01
         0.34173E+02          0.60844E+01
         0.34183E+02          0.52631E+01
         0.34193E+02          0.46376E+01
         0.34203E+02          0.43874E+01
         0.34213E+02          0.42800E+01
         0.34223E+02          0.42264E+01
         0.34233E+02          0.41972E+01
         0.34243E+02          0.41771E+01
         0.34253E+02          0.41661E+01
         0.34263E+02          0.41566E+01
         0.34273E+02          0.41494E+01
         0.34283E+02          0.41443E+01
         0.34293E+02          0.41410E+01
         0.34303E+02          0.41398E+01
         0.34313E+02          0.41420E+01
         0.34323E+02          0.41513E+01
         0.34333E+02          0.43965E+01
         0.34343E+02          0.42486E+01
         0.34353E+02          0.43246E+01
         0.34363E+02          0.45671E+01
         0.34373E+02          0.51748E+01
         0.34383E+02          0.58954E+01
         0.34393E+02          0.54344E+01
         0.34403E+02          0.47381E+01
         0.34413E+02          0.47194E+01
         0.34423E+02          0.41424E+01
         0.34433E+02          0.42486E+01
         0.34443E+02          0.42517E+01
         0.34453E+02          0.42331E+01
         0.34463E+02          0.42106E+01
         0.34473E+02          0.41715E+01
         0.34483E+02          0.41569E+01
         0.34493E+02          0.41193E+01
         0.34503E+02          0.51380E+01
         0.34513E+02          0.41553E+01
         0.34523E+02          0.40972E+01
         0.34533E+02          0.40106E+01
         0.34543E+02          0.58186E+01
         0.34553E+02          0.42109E+01
         0.34563E+02          0.41048E+01
         0.34573E+02          0.41190E+01
         0.34583E+02          0.42975E+01
         0.34593E+02          0.43911E+01
         0.34603E+02          0.44108E+01
         0.34613E+02          0.42393E+01
         0.34623E+02          0.41920E+01
         0.34633E+02          0.57071E+01
         0.34643E+02          0.45605E+01
         0.34653E+02          0.43641E+01
         0.34663E+02          0.43012E+01
         0.34673E+02          0.42665E+01
         0.34683E+02          0.41931E+01
         0.34693E+02          0.46233E+01
         0.34703E+02          0.43039E+01
         0.34713E+02          0.43430E+01
         0.34723E+02          0.42115E+01
         0.34733E+02          0.43748E+01
         0.34743E+02          0.42491E+01
         0.34753E+02          0.42063E+01
         0.34763E+02          0.42769E+01
         0.34773E+02          0.42227E+01
         0.34783E+02          0.42593E+01
         0.34793E+02          0.59574E+01
         0.34803E+02          0.42211E+01
         0.34813E+02          0.42250E+01
         0.34823E+02          0.42184E+01
         0.34833E+02          0.42429E+01
         0.34843E+02          0.42321E+01
         0.34853E+02          0.42221E+01
         0.34863E+02          0.42352E+01
         0.34873E+02          0.42213E+01
         0.34883E+02          0.43106E+01
         0.34893E+02          0.43109E+01
         0.34903E+02          0.43070E+01
         0.34913E+02          0.43049E+01
         0.34923E+02          0.43029E+01
         0.34933E+02          0.43035E+01
         0.34943E+02          0.42988E+01
         0.34953E+02          0.42969E+01
         0.34963E+02          0.42957E+01
         0.34973E+02          0.42930E+01
         0.34983E+02          0.42927E+01
         0.34993E+02          0.42888E+01
         0.35003E+02          0.42877E+01
         0.35013E+02          0.42862E+01
         0.35023E+02          0.42837E+01
         0.35033E+02          0.42818E+01
         0.35043E+02          0.42811E+01
         0.35053E+02          0.42805E+01
         0.35063E+02          0.42827E+01
         0.35073E+02          0.42908E+01
         0.35083E+02          0.43176E+01
         0.35093E+02          0.44260E+01
         0.35103E+02          0.47231E+01
         0.35113E+02          0.43857E+01
         0.35123E+02          0.42678E+01
         0.35133E+02          0.42262E+01
         0.35143E+02          0.41827E+01
         0.35153E+02          0.41516E+01
         0.35163E+02          0.41022E+01
         0.35173E+02          0.39951E+01
         0.35183E+02          0.41881E+01
         0.35193E+02          0.40201E+01
         0.35203E+02          0.43326E+01
         0.35213E+02          0.44010E+01
         0.35223E+02          0.43841E+01
         0.35233E+02          0.43652E+01
         0.35243E+02          0.43493E+01
         0.35253E+02          0.43257E+01
         0.35263E+02          0.43221E+01
         0.35273E+02          0.43202E+01
         0.35283E+02          0.43135E+01
         0.35293E+02          0.43076E+01
         0.35303E+02          0.43020E+01
         0.35313E+02          0.42971E+01
         0.35323E+02          0.42922E+01
         0.35333E+02          0.42880E+01
         0.35343E+02          0.42839E+01
         0.35353E+02          0.42798E+01
         0.35363E+02          0.42785E+01
         0.35373E+02          0.42725E+01
         0.35383E+02          0.42673E+01
         0.35393E+02          0.42637E+01
         0.35403E+02          0.42625E+01
         0.35413E+02          0.42684E+01
         0.35423E+02          0.43248E+01
         0.35433E+02          0.46581E+01
         0.35443E+02          0.42376E+01
         0.35453E+02          0.41637E+01
         0.35463E+02          0.40904E+01
         0.35473E+02          0.40039E+01
         0.35483E+02          0.41766E+01
         0.35493E+02          0.43588E+01
         0.35503E+02          0.43354E+01
         0.35513E+02          0.43136E+01
         0.35523E+02          0.42996E+01
         0.35533E+02          0.42928E+01
         0.35543E+02          0.42704E+01
         0.35553E+02          0.42628E+01
         0.35563E+02          0.42636E+01
         0.35573E+02          0.42592E+01
         0.35583E+02          0.42549E+01
         0.35593E+02          0.42533E+01
         0.35603E+02          0.43126E+01
         0.35613E+02          0.42714E+01
         0.35623E+02          0.41291E+01
         0.35633E+02          0.39311E+01
         0.35643E+02          0.43186E+01
         0.35653E+02          0.43117E+01
         0.35663E+02          0.42877E+01
         0.35673E+02          0.42715E+01
         0.35683E+02          0.42601E+01
         0.35693E+02          0.42510E+01
         0.35703E+02          0.42495E+01
         0.35713E+02          0.45012E+01
         0.35723E+02          0.41211E+01
         0.35733E+02          0.40871E+01
         0.35743E+02          0.42962E+01
         0.35753E+02          0.42683E+01
         0.35763E+02          0.42516E+01
         0.35773E+02          0.42435E+01
         0.35783E+02          0.45433E+01
         0.35793E+02          0.40704E+01
         0.35803E+02          0.42650E+01
         0.35813E+02          0.42594E+01
         0.35823E+02          0.42444E+01
         0.35833E+02          0.41141E+01
         0.35843E+02          0.42718E+01
         0.35853E+02          0.42347E+01
         0.35863E+02          0.41928E+01
         0.35873E+02          0.42683E+01
         0.35883E+02          0.42254E+01
         0.35893E+02          0.42493E+01
         0.35903E+02          0.42202E+01
         0.35913E+02          0.42275E+01
         0.35923E+02          0.41935E+01
         0.35933E+02          0.40538E+01
         0.35943E+02          0.42467E+01
         0.35953E+02          0.42139E+01
         0.35963E+02          0.42623E+01
         0.35973E+02          0.41383E+01
         0.35983E+02          0.42061E+01
         0.35993E+02          0.41950E+01
         0.36003E+02          0.41722E+01
         0.36013E+02          0.41701E+01
         0.36023E+02          0.41669E+01
         0.36033E+02          0.41664E+01
         0.36043E+02          0.41629E+01
         0.36053E+02          0.41625E+01
         0.36063E+02          0.41689E+01
         0.36073E+02          0.41615E+01
         0.36083E+02          0.41552E+01
         0.36093E+02          0.41545E+01
         0.36103E+02          0.41548E+01
         0.36113E+02          0.41508E+01
         0.36123E+02          0.41483E+01
         0.36133E+02          0.41459E+01
         0.36143E+02          0.41430E+01
         0.36153E+02          0.41435E+01
         0.36163E+02          0.41409E+01
         0.36173E+02          0.41403E+01
         0.36183E+02          0.41375E+01
         0.36193E+02          0.41353E+01
         0.36203E+02          0.41334E+01
         0.36213E+02          0.41318E+01
         0.36223E+02          0.41300E+01
         0.36233E+02          0.41280E+01
         0.36243E+02          0.41259E+01
         0.36253E+02          0.41239E+01
         0.36263E+02          0.41218E+01
         0.36273E+02          0.41198E+01
         0.36283E+02          0.41180E+01
         0.36293E+02          0.41169E+01
         0.36303E+02          0.41140E+01
         0.36313E+02          0.41115E+01
         0.36323E+02          0.41095E+01
         0.36333E+02          0.41074E+01
         0.36343E+02          0.41053E+01
         0.36353E+02          0.41035E+01
         0.36363E+02          0.41018E+01
         0.36373E+02          0.41000E+01
         0.36383E+02          0.40981E+01
         0.36393E+02          0.40962E+01
         0.36403E+02          0.40945E+01
         0.36413E+02          0.40931E+01
         0.36423E+02          0.40964E+01
         0.36433E+02          0.40960E+01
         0.36443E+02          0.40947E+01
         0.36453E+02          0.40854E+01
         0.36463E+02          0.40808E+01
         0.36473E+02          0.40783E+01
         0.36483E+02          0.40763E+01
         0.36493E+02          0.40743E+01
         0.36503E+02          0.40719E+01
         0.36513E+02          0.40695E+01
         0.36523E+02          0.40672E+01
         0.36533E+02          0.40648E+01
         0.36543E+02          0.40626E+01
         0.36553E+02          0.40633E+01
         0.36563E+02          0.40571E+01
         0.36573E+02          0.40537E+01
         0.36583E+02          0.40522E+01
