         0.74274E+02          0.00000E+00
         0.74230E+02          0.00000E+00
         0.74185E+02          0.00000E+00
         0.74141E+02          0.00000E+00
         0.74097E+02          0.00000E+00
         0.74052E+02          0.00000E+00
         0.74008E+02          0.00000E+00
         0.73964E+02          0.00000E+00
         0.73920E+02          0.00000E+00
         0.73876E+02          0.00000E+00
         0.73832E+02          0.00000E+00
         0.73788E+02          0.00000E+00
         0.73744E+02          0.00000E+00
         0.73700E+02          0.00000E+00
         0.73657E+02          0.00000E+00
         0.73613E+02          0.00000E+00
         0.73569E+02          0.00000E+00
         0.73525E+02          0.00000E+00
         0.73482E+02          0.00000E+00
         0.73438E+02          0.00000E+00
         0.73395E+02          0.00000E+00
         0.73351E+02          0.00000E+00
         0.73308E+02          0.00000E+00
         0.73265E+02          0.00000E+00
         0.73222E+02          0.00000E+00
         0.73178E+02          0.00000E+00
         0.73135E+02          0.00000E+00
         0.73092E+02          0.00000E+00
         0.73049E+02          0.00000E+00
         0.73006E+02          0.00000E+00
         0.72963E+02          0.00000E+00
         0.72920E+02          0.00000E+00
         0.72877E+02          0.00000E+00
         0.72834E+02          0.00000E+00
         0.72792E+02          0.00000E+00
         0.72749E+02          0.00000E+00
         0.72706E+02          0.00000E+00
         0.72664E+02          0.00000E+00
         0.72621E+02          0.00000E+00
         0.72579E+02          0.00000E+00
         0.72536E+02          0.00000E+00
         0.72494E+02          0.00000E+00
         0.72451E+02          0.00000E+00
         0.72409E+02          0.00000E+00
         0.72367E+02          0.00000E+00
         0.72325E+02          0.00000E+00
         0.72282E+02          0.00000E+00
         0.72240E+02          0.00000E+00
         0.72198E+02          0.00000E+00
         0.72156E+02          0.00000E+00
         0.72114E+02          0.00000E+00
         0.72072E+02          0.00000E+00
         0.72030E+02          0.00000E+00
         0.71989E+02          0.00000E+00
         0.71947E+02          0.00000E+00
         0.71905E+02          0.00000E+00
         0.71863E+02          0.00000E+00
         0.71822E+02          0.00000E+00
         0.71780E+02          0.00000E+00
         0.71739E+02          0.00000E+00
         0.71697E+02          0.00000E+00
         0.71656E+02          0.00000E+00
         0.71614E+02          0.00000E+00
         0.71573E+02          0.00000E+00
         0.71532E+02          0.00000E+00
         0.71491E+02          0.00000E+00
         0.71449E+02          0.00000E+00
         0.71408E+02          0.00000E+00
         0.71367E+02          0.00000E+00
         0.71326E+02          0.00000E+00
         0.71285E+02          0.00000E+00
         0.71244E+02          0.00000E+00
         0.71203E+02          0.00000E+00
         0.71162E+02          0.00000E+00
         0.71121E+02          0.00000E+00
         0.71081E+02          0.00000E+00
         0.71040E+02          0.00000E+00
         0.70999E+02          0.00000E+00
         0.70959E+02          0.00000E+00
         0.70918E+02          0.00000E+00
         0.70877E+02          0.00000E+00
         0.70837E+02          0.00000E+00
         0.70797E+02          0.00000E+00
         0.70756E+02          0.00000E+00
         0.70716E+02          0.00000E+00
         0.70675E+02          0.00000E+00
         0.70635E+02          0.00000E+00
         0.70595E+02          0.00000E+00
         0.70555E+02          0.00000E+00
         0.70515E+02          0.00000E+00
         0.70475E+02          0.00000E+00
         0.70435E+02          0.00000E+00
         0.70395E+02          0.00000E+00
         0.70355E+02          0.00000E+00
         0.70315E+02          0.00000E+00
         0.70275E+02          0.00000E+00
         0.70235E+02          0.00000E+00
         0.70195E+02          0.00000E+00
         0.70156E+02          0.00000E+00
         0.70116E+02          0.00000E+00
         0.70076E+02          0.00000E+00
         0.70037E+02          0.00000E+00
         0.69997E+02          0.00000E+00
         0.69958E+02          0.00000E+00
         0.69918E+02          0.00000E+00
         0.69879E+02          0.00000E+00
         0.69839E+02          0.00000E+00
         0.69800E+02          0.00000E+00
         0.69761E+02          0.00000E+00
         0.69722E+02          0.00000E+00
         0.69682E+02          0.00000E+00
         0.69643E+02          0.00000E+00
         0.69604E+02          0.00000E+00
         0.69565E+02          0.00000E+00
         0.69526E+02          0.00000E+00
         0.69487E+02          0.00000E+00
         0.69448E+02          0.00000E+00
         0.69409E+02          0.00000E+00
         0.69371E+02          0.00000E+00
         0.69332E+02          0.00000E+00
         0.69293E+02          0.00000E+00
         0.69254E+02          0.00000E+00
         0.69216E+02          0.00000E+00
         0.69177E+02          0.00000E+00
         0.69138E+02          0.00000E+00
         0.69100E+02          0.00000E+00
         0.69061E+02          0.00000E+00
         0.69023E+02          0.00000E+00
         0.68985E+02          0.00000E+00
         0.68946E+02          0.00000E+00
         0.68908E+02          0.00000E+00
         0.68870E+02          0.00000E+00
         0.68831E+02          0.00000E+00
         0.68793E+02          0.00000E+00
         0.68755E+02          0.00000E+00
         0.68717E+02          0.00000E+00
         0.68679E+02          0.00000E+00
         0.68641E+02          0.00000E+00
         0.68603E+02          0.00000E+00
         0.68565E+02          0.00000E+00
         0.68527E+02          0.00000E+00
         0.68489E+02          0.00000E+00
         0.68451E+02          0.00000E+00
         0.68414E+02          0.00000E+00
         0.68376E+02          0.00000E+00
         0.68338E+02          0.00000E+00
         0.68300E+02          0.00000E+00
         0.68263E+02          0.00000E+00
         0.68225E+02          0.00000E+00
         0.68188E+02          0.00000E+00
         0.68150E+02          0.00000E+00
         0.68113E+02          0.00000E+00
         0.68075E+02          0.00000E+00
         0.68038E+02          0.00000E+00
         0.68001E+02          0.00000E+00
         0.67964E+02          0.00000E+00
         0.67926E+02          0.00000E+00
         0.67889E+02          0.00000E+00
         0.67852E+02          0.00000E+00
         0.67815E+02          0.00000E+00
         0.67778E+02          0.00000E+00
         0.67741E+02          0.00000E+00
         0.67704E+02          0.00000E+00
         0.67667E+02          0.00000E+00
         0.67630E+02          0.00000E+00
         0.67593E+02          0.00000E+00
         0.67556E+02          0.00000E+00
         0.67519E+02          0.00000E+00
         0.67483E+02          0.00000E+00
         0.67446E+02          0.00000E+00
         0.67409E+02          0.00000E+00
         0.67373E+02          0.00000E+00
         0.67336E+02          0.00000E+00
         0.67299E+02          0.00000E+00
         0.67263E+02          0.00000E+00
         0.67227E+02          0.00000E+00
         0.67190E+02          0.00000E+00
         0.67154E+02          0.00000E+00
         0.67117E+02          0.00000E+00
         0.67081E+02          0.00000E+00
         0.67045E+02          0.00000E+00
         0.67009E+02          0.00000E+00
         0.66972E+02          0.00000E+00
         0.66936E+02          0.00000E+00
         0.66900E+02          0.00000E+00
         0.66864E+02          0.00000E+00
         0.66828E+02          0.00000E+00
         0.66792E+02          0.00000E+00
         0.66756E+02          0.00000E+00
         0.66720E+02          0.00000E+00
         0.66684E+02          0.00000E+00
         0.66648E+02          0.00000E+00
         0.66612E+02          0.00000E+00
         0.66577E+02          0.00000E+00
         0.66541E+02          0.00000E+00
         0.66505E+02          0.00000E+00
         0.66470E+02          0.00000E+00
         0.66434E+02          0.00000E+00
         0.66398E+02          0.00000E+00
         0.66363E+02          0.00000E+00
         0.66327E+02          0.00000E+00
         0.66292E+02          0.00000E+00
         0.66257E+02          0.00000E+00
         0.66221E+02          0.00000E+00
         0.66186E+02          0.00000E+00
         0.66150E+02          0.00000E+00
         0.66115E+02          0.00000E+00
         0.66080E+02          0.00000E+00
         0.66045E+02          0.00000E+00
         0.66010E+02          0.00000E+00
         0.65974E+02          0.00000E+00
         0.65939E+02          0.00000E+00
         0.65904E+02          0.00000E+00
         0.65869E+02          0.00000E+00
         0.65834E+02          0.00000E+00
         0.65799E+02          0.00000E+00
         0.65764E+02          0.00000E+00
         0.65730E+02          0.00000E+00
         0.65695E+02          0.00000E+00
         0.65660E+02          0.00000E+00
         0.65625E+02          0.00000E+00
         0.65591E+02          0.00000E+00
         0.65556E+02          0.00000E+00
         0.65521E+02          0.00000E+00
         0.65487E+02          0.00000E+00
         0.65452E+02          0.00000E+00
         0.65417E+02          0.00000E+00
         0.65383E+02          0.00000E+00
         0.65349E+02          0.00000E+00
         0.65314E+02          0.00000E+00
         0.65280E+02          0.00000E+00
         0.65245E+02          0.00000E+00
         0.65211E+02          0.00000E+00
         0.65177E+02          0.00000E+00
         0.65143E+02          0.00000E+00
         0.65108E+02          0.00000E+00
         0.65074E+02          0.00000E+00
         0.65040E+02          0.00000E+00
         0.65006E+02          0.00000E+00
         0.64972E+02          0.00000E+00
         0.64938E+02          0.00000E+00
         0.64904E+02          0.00000E+00
         0.64870E+02          0.00000E+00
         0.64836E+02          0.00000E+00
         0.64802E+02          0.00000E+00
         0.64768E+02          0.00000E+00
         0.64734E+02          0.00000E+00
         0.64701E+02          0.00000E+00
         0.64667E+02          0.00000E+00
         0.64633E+02          0.00000E+00
         0.64599E+02          0.00000E+00
         0.64566E+02          0.00000E+00
         0.64532E+02          0.00000E+00
         0.64499E+02          0.00000E+00
         0.64465E+02          0.00000E+00
         0.64432E+02          0.00000E+00
         0.64398E+02          0.00000E+00
         0.64365E+02          0.00000E+00
         0.64331E+02          0.00000E+00
         0.64298E+02          0.00000E+00
         0.64265E+02          0.00000E+00
         0.64231E+02          0.00000E+00
         0.64198E+02          0.00000E+00
         0.64165E+02          0.00000E+00
         0.64132E+02          0.00000E+00
         0.64099E+02          0.00000E+00
         0.64065E+02          0.00000E+00
         0.64032E+02          0.00000E+00
         0.63999E+02          0.00000E+00
         0.63966E+02          0.00000E+00
         0.63933E+02          0.00000E+00
         0.63900E+02          0.00000E+00
         0.63867E+02          0.00000E+00
         0.63834E+02          0.00000E+00
         0.63802E+02          0.00000E+00
         0.63769E+02          0.00000E+00
         0.63736E+02          0.00000E+00
         0.63703E+02          0.00000E+00
         0.63671E+02          0.00000E+00
         0.63638E+02          0.00000E+00
         0.63605E+02          0.00000E+00
         0.63573E+02          0.00000E+00
         0.63540E+02          0.00000E+00
         0.63508E+02          0.00000E+00
         0.63475E+02          0.00000E+00
         0.63443E+02          0.00000E+00
         0.63410E+02          0.00000E+00
         0.63378E+02          0.00000E+00
         0.63345E+02          0.00000E+00
         0.63313E+02          0.00000E+00
         0.63281E+02          0.00000E+00
         0.63248E+02          0.00000E+00
         0.63216E+02          0.00000E+00
         0.63184E+02          0.00000E+00
         0.63152E+02          0.00000E+00
         0.63120E+02          0.00000E+00
         0.63087E+02          0.00000E+00
         0.63055E+02          0.00000E+00
         0.63023E+02          0.00000E+00
         0.62991E+02          0.00000E+00
         0.62959E+02          0.00000E+00
         0.62927E+02          0.00000E+00
         0.62895E+02          0.00000E+00
         0.62864E+02          0.00000E+00
         0.62832E+02          0.00000E+00
         0.62800E+02          0.00000E+00
         0.62768E+02          0.00000E+00
         0.62736E+02          0.00000E+00
         0.62705E+02          0.00000E+00
         0.62673E+02          0.00000E+00
         0.62641E+02          0.00000E+00
         0.62610E+02          0.00000E+00
         0.62578E+02          0.00000E+00
         0.62546E+02          0.00000E+00
         0.62515E+02          0.00000E+00
         0.62483E+02          0.00000E+00
         0.62452E+02          0.00000E+00
         0.62420E+02          0.00000E+00
         0.62389E+02          0.00000E+00
         0.62358E+02          0.00000E+00
         0.62326E+02          0.00000E+00
         0.62295E+02          0.00000E+00
         0.62264E+02          0.00000E+00
         0.62232E+02          0.00000E+00
         0.62201E+02          0.00000E+00
         0.62170E+02          0.00000E+00
         0.62139E+02          0.00000E+00
         0.62108E+02          0.00000E+00
         0.62077E+02          0.00000E+00
         0.62046E+02          0.00000E+00
         0.62015E+02          0.00000E+00
         0.61984E+02          0.00000E+00
         0.61953E+02          0.00000E+00
         0.61922E+02          0.00000E+00
         0.61891E+02          0.00000E+00
         0.61860E+02          0.00000E+00
         0.61829E+02          0.00000E+00
         0.61798E+02          0.00000E+00
         0.61767E+02          0.00000E+00
         0.61737E+02          0.00000E+00
         0.61706E+02          0.00000E+00
         0.61675E+02          0.00000E+00
         0.61645E+02          0.00000E+00
         0.61614E+02          0.00000E+00
         0.61583E+02          0.00000E+00
         0.61553E+02          0.00000E+00
         0.61522E+02          0.00000E+00
         0.61492E+02          0.00000E+00
         0.61461E+02          0.00000E+00
         0.61431E+02          0.00000E+00
         0.61400E+02          0.00000E+00
         0.61370E+02          0.00000E+00
         0.61340E+02          0.00000E+00
         0.61309E+02          0.00000E+00
         0.61279E+02          0.00000E+00
         0.61249E+02          0.00000E+00
         0.61218E+02          0.00000E+00
         0.61188E+02          0.00000E+00
         0.61158E+02          0.00000E+00
         0.61128E+02          0.00000E+00
         0.61098E+02          0.00000E+00
         0.61068E+02          0.00000E+00
         0.61038E+02          0.00000E+00
         0.61008E+02          0.00000E+00
         0.60978E+02          0.00000E+00
         0.60948E+02          0.00000E+00
         0.60918E+02          0.00000E+00
         0.60888E+02          0.00000E+00
         0.60858E+02          0.00000E+00
         0.60828E+02          0.00000E+00
         0.60798E+02          0.00000E+00
         0.60768E+02          0.00000E+00
         0.60739E+02          0.00000E+00
         0.60709E+02          0.00000E+00
         0.60679E+02          0.00000E+00
         0.60649E+02          0.00000E+00
         0.60620E+02          0.00000E+00
         0.60590E+02          0.00000E+00
         0.60561E+02          0.00000E+00
         0.60531E+02          0.00000E+00
         0.60501E+02          0.00000E+00
         0.60472E+02          0.00000E+00
         0.60442E+02          0.00000E+00
         0.60413E+02          0.00000E+00
         0.60384E+02          0.00000E+00
         0.60354E+02          0.00000E+00
         0.60325E+02          0.00000E+00
         0.60295E+02          0.00000E+00
         0.60266E+02          0.00000E+00
         0.60237E+02          0.00000E+00
         0.60208E+02          0.00000E+00
         0.60178E+02          0.00000E+00
         0.60149E+02          0.00000E+00
         0.60120E+02          0.00000E+00
         0.60091E+02          0.00000E+00
         0.60062E+02          0.00000E+00
         0.60033E+02          0.00000E+00
         0.60004E+02          0.00000E+00
         0.59975E+02          0.00000E+00
         0.59946E+02          0.00000E+00
         0.59917E+02          0.00000E+00
         0.59888E+02          0.00000E+00
         0.59859E+02          0.00000E+00
         0.59830E+02          0.00000E+00
         0.59801E+02          0.00000E+00
         0.59772E+02          0.00000E+00
         0.59743E+02          0.00000E+00
         0.59715E+02          0.00000E+00
         0.59686E+02          0.00000E+00
         0.59657E+02          0.00000E+00
         0.59629E+02          0.00000E+00
         0.59600E+02          0.00000E+00
         0.59571E+02          0.00000E+00
         0.59543E+02          0.00000E+00
         0.59514E+02          0.00000E+00
         0.59485E+02          0.00000E+00
         0.59457E+02          0.00000E+00
         0.59428E+02          0.00000E+00
         0.59400E+02          0.00000E+00
         0.59372E+02          0.00000E+00
         0.59343E+02          0.00000E+00
         0.59315E+02          0.00000E+00
         0.59286E+02          0.00000E+00
         0.59258E+02          0.00000E+00
         0.59230E+02          0.00000E+00
         0.59201E+02          0.00000E+00
         0.59173E+02          0.00000E+00
         0.59145E+02          0.00000E+00
         0.59117E+02          0.00000E+00
         0.59089E+02          0.00000E+00
         0.59060E+02          0.00000E+00
         0.59032E+02          0.00000E+00
         0.59004E+02          0.00000E+00
         0.58976E+02          0.00000E+00
         0.58948E+02          0.00000E+00
         0.58920E+02          0.00000E+00
         0.58892E+02          0.00000E+00
         0.58864E+02          0.00000E+00
         0.58836E+02          0.00000E+00
         0.58808E+02          0.00000E+00
         0.58780E+02          0.00000E+00
         0.58753E+02          0.00000E+00
         0.58725E+02          0.00000E+00
         0.58697E+02          0.00000E+00
         0.58669E+02          0.00000E+00
         0.58641E+02          0.00000E+00
         0.58614E+02          0.00000E+00
         0.58586E+02          0.00000E+00
         0.58558E+02          0.00000E+00
         0.58531E+02          0.00000E+00
         0.58503E+02          0.00000E+00
         0.58475E+02          0.00000E+00
         0.58448E+02          0.00000E+00
         0.58420E+02          0.00000E+00
         0.58393E+02          0.00000E+00
         0.58365E+02          0.00000E+00
         0.58338E+02          0.00000E+00
         0.58310E+02          0.00000E+00
         0.58283E+02          0.00000E+00
         0.58256E+02          0.00000E+00
         0.58228E+02          0.00000E+00
         0.58201E+02          0.00000E+00
         0.58174E+02          0.00000E+00
         0.58146E+02          0.00000E+00
         0.58119E+02          0.00000E+00
         0.58092E+02          0.00000E+00
         0.58065E+02          0.00000E+00
         0.58038E+02          0.00000E+00
         0.58010E+02          0.00000E+00
         0.57983E+02          0.00000E+00
         0.57956E+02          0.00000E+00
         0.57929E+02          0.00000E+00
         0.57902E+02          0.00000E+00
         0.57875E+02          0.00000E+00
         0.57848E+02          0.00000E+00
         0.57821E+02          0.00000E+00
         0.57794E+02          0.00000E+00
         0.57767E+02          0.00000E+00
         0.57740E+02          0.00000E+00
         0.57713E+02          0.00000E+00
         0.57686E+02          0.00000E+00
         0.57660E+02          0.00000E+00
         0.57633E+02          0.00000E+00
         0.57606E+02          0.00000E+00
         0.57579E+02          0.00000E+00
         0.57553E+02          0.00000E+00
         0.57526E+02          0.00000E+00
         0.57499E+02          0.00000E+00
         0.57473E+02          0.00000E+00
         0.57446E+02          0.00000E+00
         0.57419E+02          0.00000E+00
         0.57393E+02          0.00000E+00
         0.57366E+02          0.00000E+00
         0.57340E+02          0.00000E+00
         0.57313E+02          0.00000E+00
         0.57287E+02          0.00000E+00
         0.57260E+02          0.00000E+00
         0.57234E+02          0.00000E+00
         0.57207E+02          0.00000E+00
         0.57181E+02          0.00000E+00
         0.57155E+02          0.00000E+00
         0.57128E+02          0.00000E+00
         0.57102E+02          0.00000E+00
         0.57076E+02          0.00000E+00
         0.57049E+02          0.00000E+00
         0.57023E+02          0.00000E+00
         0.56997E+02          0.00000E+00
         0.56971E+02          0.00000E+00
         0.56945E+02          0.00000E+00
         0.56918E+02          0.00000E+00
         0.56892E+02          0.00000E+00
         0.56866E+02          0.00000E+00
         0.56840E+02          0.00000E+00
         0.56814E+02          0.00000E+00
         0.56788E+02          0.00000E+00
         0.56762E+02          0.00000E+00
         0.56736E+02          0.00000E+00
         0.56710E+02          0.00000E+00
         0.56684E+02          0.00000E+00
         0.56658E+02          0.00000E+00
         0.56632E+02          0.00000E+00
         0.56607E+02          0.00000E+00
         0.56581E+02          0.00000E+00
         0.56555E+02          0.00000E+00
         0.56529E+02          0.00000E+00
         0.56503E+02          0.00000E+00
         0.56478E+02          0.00000E+00
         0.56452E+02          0.00000E+00
         0.56426E+02          0.00000E+00
         0.56401E+02          0.00000E+00
         0.56375E+02          0.00000E+00
         0.56349E+02          0.00000E+00
         0.56324E+02          0.00000E+00
         0.56298E+02          0.00000E+00
         0.56273E+02          0.00000E+00
         0.56247E+02          0.00000E+00
         0.56222E+02          0.00000E+00
         0.56196E+02          0.00000E+00
         0.56171E+02          0.00000E+00
         0.56145E+02          0.00000E+00
         0.56120E+02          0.00000E+00
         0.56094E+02          0.00000E+00
         0.56069E+02          0.00000E+00
         0.56044E+02          0.00000E+00
         0.56018E+02          0.00000E+00
         0.55993E+02          0.00000E+00
         0.55968E+02          0.00000E+00
         0.55943E+02          0.00000E+00
         0.55917E+02          0.00000E+00
         0.55892E+02          0.00000E+00
         0.55867E+02          0.00000E+00
         0.55842E+02          0.00000E+00
         0.55817E+02          0.00000E+00
         0.55792E+02          0.00000E+00
         0.55766E+02          0.00000E+00
         0.55741E+02          0.00000E+00
         0.55716E+02          0.00000E+00
         0.55691E+02          0.00000E+00
         0.55666E+02          0.00000E+00
         0.55641E+02          0.00000E+00
         0.55616E+02          0.00000E+00
         0.55591E+02          0.00000E+00
         0.55566E+02          0.00000E+00
         0.55542E+02          0.00000E+00
         0.55517E+02          0.00000E+00
         0.55492E+02          0.00000E+00
         0.55467E+02          0.00000E+00
         0.55442E+02          0.00000E+00
         0.55417E+02          0.00000E+00
         0.55393E+02          0.00000E+00
         0.55368E+02          0.00000E+00
         0.55343E+02          0.00000E+00
         0.55319E+02          0.00000E+00
         0.55294E+02          0.00000E+00
         0.55269E+02          0.00000E+00
         0.55245E+02          0.00000E+00
         0.55220E+02          0.00000E+00
         0.55195E+02          0.00000E+00
         0.55171E+02          0.00000E+00
         0.55146E+02          0.00000E+00
         0.55122E+02          0.00000E+00
         0.55097E+02          0.00000E+00
         0.55073E+02          0.00000E+00
         0.55048E+02          0.00000E+00
         0.55024E+02          0.00000E+00
         0.55000E+02          0.00000E+00
         0.54975E+02          0.00000E+00
         0.54951E+02          0.00000E+00
         0.54926E+02          0.00000E+00
         0.54902E+02          0.00000E+00
         0.54878E+02          0.00000E+00
         0.54854E+02          0.00000E+00
         0.54829E+02          0.00000E+00
         0.54805E+02          0.00000E+00
         0.54781E+02          0.00000E+00
         0.54757E+02          0.00000E+00
         0.54732E+02          0.00000E+00
         0.54708E+02          0.00000E+00
         0.54684E+02          0.00000E+00
         0.54660E+02          0.00000E+00
         0.54636E+02          0.00000E+00
         0.54612E+02          0.00000E+00
         0.54588E+02          0.00000E+00
         0.54564E+02          0.00000E+00
         0.54540E+02          0.00000E+00
         0.54516E+02          0.00000E+00
         0.54492E+02          0.00000E+00
         0.54468E+02          0.00000E+00
         0.54444E+02          0.00000E+00
         0.54420E+02          0.00000E+00
         0.54396E+02          0.00000E+00
         0.54372E+02          0.00000E+00
         0.54349E+02          0.00000E+00
         0.54325E+02          0.00000E+00
         0.54301E+02          0.00000E+00
         0.54277E+02          0.00000E+00
         0.54253E+02          0.00000E+00
         0.54230E+02          0.00000E+00
         0.54206E+02          0.00000E+00
         0.54182E+02          0.00000E+00
         0.54159E+02          0.00000E+00
         0.54135E+02          0.00000E+00
         0.54111E+02          0.00000E+00
         0.54088E+02          0.00000E+00
         0.54064E+02          0.00000E+00
         0.54041E+02          0.00000E+00
         0.54017E+02          0.00000E+00
         0.53994E+02          0.00000E+00
         0.53970E+02          0.00000E+00
         0.53947E+02          0.00000E+00
         0.53923E+02          0.00000E+00
         0.53900E+02          0.00000E+00
         0.53876E+02          0.00000E+00
         0.53853E+02          0.00000E+00
         0.53829E+02          0.00000E+00
         0.53806E+02          0.00000E+00
         0.53783E+02          0.00000E+00
         0.53759E+02          0.00000E+00
         0.53736E+02          0.00000E+00
         0.53713E+02          0.00000E+00
         0.53690E+02          0.00000E+00
         0.53666E+02          0.00000E+00
         0.53643E+02          0.00000E+00
         0.53620E+02          0.00000E+00
         0.53597E+02          0.00000E+00
         0.53574E+02          0.00000E+00
         0.53550E+02          0.00000E+00
         0.53527E+02          0.00000E+00
         0.53504E+02          0.00000E+00
         0.53481E+02          0.00000E+00
         0.53458E+02          0.00000E+00
         0.53435E+02          0.00000E+00
         0.53412E+02          0.00000E+00
         0.53389E+02          0.00000E+00
         0.53366E+02          0.00000E+00
         0.53343E+02          0.00000E+00
         0.53320E+02          0.00000E+00
         0.53297E+02          0.00000E+00
         0.53274E+02          0.00000E+00
         0.53251E+02          0.00000E+00
         0.53229E+02          0.00000E+00
         0.53206E+02          0.00000E+00
         0.53183E+02          0.00000E+00
         0.53160E+02          0.00000E+00
         0.53137E+02          0.00000E+00
         0.53115E+02          0.00000E+00
         0.53092E+02          0.00000E+00
         0.53069E+02          0.00000E+00
         0.53046E+02          0.00000E+00
         0.53024E+02          0.00000E+00
         0.53001E+02          0.00000E+00
         0.52978E+02          0.00000E+00
         0.52956E+02          0.00000E+00
         0.52933E+02          0.00000E+00
         0.52911E+02          0.00000E+00
         0.52888E+02          0.00000E+00
         0.52865E+02          0.00000E+00
         0.52843E+02          0.00000E+00
         0.52820E+02          0.00000E+00
         0.52798E+02          0.00000E+00
         0.52775E+02          0.00000E+00
         0.52753E+02          0.00000E+00
         0.52731E+02          0.00000E+00
         0.52708E+02          0.00000E+00
         0.52686E+02          0.00000E+00
         0.52663E+02          0.00000E+00
         0.52641E+02          0.00000E+00
         0.52619E+02          0.00000E+00
         0.52596E+02          0.00000E+00
         0.52574E+02          0.00000E+00
         0.52552E+02          0.00000E+00
         0.52529E+02          0.00000E+00
         0.52507E+02          0.00000E+00
         0.52485E+02          0.00000E+00
         0.52463E+02          0.00000E+00
         0.52441E+02          0.00000E+00
         0.52418E+02          0.00000E+00
         0.52396E+02          0.00000E+00
         0.52374E+02          0.00000E+00
         0.52352E+02          0.00000E+00
         0.52330E+02          0.00000E+00
         0.52308E+02          0.00000E+00
         0.52286E+02          0.00000E+00
         0.52264E+02          0.00000E+00
         0.52242E+02          0.00000E+00
         0.52220E+02          0.00000E+00
         0.52198E+02          0.00000E+00
         0.52176E+02          0.00000E+00
         0.52154E+02          0.00000E+00
         0.52132E+02          0.00000E+00
         0.52110E+02          0.00000E+00
         0.52088E+02          0.00000E+00
         0.52066E+02          0.00000E+00
         0.52044E+02          0.00000E+00
         0.52023E+02          0.00000E+00
         0.52001E+02          0.00000E+00
         0.51979E+02          0.00000E+00
         0.51957E+02          0.00000E+00
         0.51935E+02          0.00000E+00
         0.51914E+02          0.00000E+00
         0.51892E+02          0.00000E+00
         0.51870E+02          0.00000E+00
         0.51849E+02          0.00000E+00
         0.51827E+02          0.00000E+00
         0.51805E+02          0.00000E+00
         0.51784E+02          0.00000E+00
         0.51762E+02          0.00000E+00
         0.51740E+02          0.00000E+00
         0.51719E+02          0.00000E+00
         0.51697E+02          0.00000E+00
         0.51676E+02          0.00000E+00
         0.51654E+02          0.00000E+00
         0.51633E+02          0.00000E+00
         0.51611E+02          0.00000E+00
         0.51590E+02          0.00000E+00
         0.51568E+02          0.00000E+00
         0.51547E+02          0.00000E+00
         0.51525E+02          0.00000E+00
         0.51504E+02          0.00000E+00
         0.51483E+02          0.00000E+00
         0.51461E+02          0.00000E+00
         0.51440E+02          0.00000E+00
         0.51418E+02          0.00000E+00
         0.51397E+02          0.00000E+00
         0.51376E+02          0.00000E+00
         0.51355E+02          0.00000E+00
         0.51333E+02          0.00000E+00
         0.51312E+02          0.00000E+00
         0.51291E+02          0.00000E+00
         0.51270E+02          0.00000E+00
         0.51248E+02          0.00000E+00
         0.51227E+02          0.00000E+00
         0.51206E+02          0.00000E+00
         0.51185E+02          0.00000E+00
         0.51164E+02          0.00000E+00
         0.51143E+02          0.00000E+00
         0.51122E+02          0.00000E+00
         0.51101E+02          0.00000E+00
         0.51080E+02          0.00000E+00
         0.51058E+02          0.00000E+00
         0.51037E+02          0.00000E+00
         0.51016E+02          0.00000E+00
         0.50995E+02          0.00000E+00
         0.50975E+02          0.00000E+00
         0.50954E+02          0.00000E+00
         0.50933E+02          0.00000E+00
         0.50912E+02          0.00000E+00
         0.50891E+02          0.00000E+00
         0.50870E+02          0.00000E+00
         0.50849E+02          0.00000E+00
         0.50828E+02          0.00000E+00
         0.50807E+02          0.00000E+00
         0.50787E+02          0.00000E+00
         0.50766E+02          0.00000E+00
         0.50745E+02          0.00000E+00
         0.50724E+02          0.00000E+00
         0.50704E+02          0.00000E+00
         0.50683E+02          0.00000E+00
         0.50662E+02          0.00000E+00
         0.50641E+02          0.00000E+00
         0.50621E+02          0.00000E+00
         0.50600E+02          0.00000E+00
         0.50579E+02          0.00000E+00
         0.50559E+02          0.00000E+00
         0.50538E+02          0.00000E+00
         0.50518E+02          0.00000E+00
         0.50497E+02          0.00000E+00
         0.50476E+02          0.00000E+00
         0.50456E+02          0.00000E+00
         0.50435E+02          0.00000E+00
         0.50415E+02          0.00000E+00
         0.50394E+02          0.00000E+00
         0.50374E+02          0.00000E+00
         0.50353E+02          0.00000E+00
         0.50333E+02          0.00000E+00
         0.50313E+02          0.00000E+00
         0.50292E+02          0.00000E+00
         0.50272E+02          0.00000E+00
         0.50251E+02          0.00000E+00
         0.50231E+02          0.00000E+00
         0.50211E+02          0.00000E+00
         0.50190E+02          0.00000E+00
         0.50170E+02          0.00000E+00
         0.50150E+02          0.00000E+00
         0.50129E+02          0.00000E+00
         0.50109E+02          0.00000E+00
         0.50089E+02          0.00000E+00
         0.50069E+02          0.00000E+00
         0.50049E+02          0.00000E+00
         0.50028E+02          0.00000E+00
         0.50008E+02          0.00000E+00
         0.49988E+02          0.00000E+00
         0.49968E+02          0.00000E+00
         0.49948E+02          0.00000E+00
         0.49928E+02          0.00000E+00
         0.49908E+02          0.00000E+00
         0.49887E+02          0.00000E+00
         0.49867E+02          0.00000E+00
         0.49847E+02          0.00000E+00
         0.49827E+02          0.00000E+00
         0.49807E+02          0.00000E+00
         0.49787E+02          0.00000E+00
         0.49767E+02          0.00000E+00
         0.49747E+02          0.00000E+00
         0.49727E+02          0.00000E+00
         0.49707E+02          0.00000E+00
         0.49688E+02          0.00000E+00
         0.49668E+02          0.00000E+00
         0.49648E+02          0.00000E+00
         0.49628E+02          0.00000E+00
         0.49608E+02          0.00000E+00
         0.49588E+02          0.00000E+00
         0.49568E+02          0.00000E+00
         0.49549E+02          0.00000E+00
         0.49529E+02          0.00000E+00
         0.49509E+02          0.00000E+00
         0.49489E+02          0.00000E+00
         0.49469E+02          0.00000E+00
         0.49450E+02          0.00000E+00
         0.49430E+02          0.00000E+00
         0.49410E+02          0.00000E+00
         0.49391E+02          0.00000E+00
         0.49371E+02          0.00000E+00
         0.49351E+02          0.00000E+00
         0.49332E+02          0.00000E+00
         0.49312E+02          0.00000E+00
         0.49292E+02          0.00000E+00
         0.49273E+02          0.00000E+00
         0.49253E+02          0.00000E+00
         0.49234E+02          0.00000E+00
         0.49214E+02          0.00000E+00
         0.49195E+02          0.00000E+00
         0.49175E+02          0.00000E+00
         0.49156E+02          0.00000E+00
         0.49136E+02          0.00000E+00
         0.49117E+02          0.00000E+00
         0.49097E+02          0.00000E+00
         0.49078E+02          0.00000E+00
         0.49058E+02          0.00000E+00
         0.49039E+02          0.00000E+00
         0.49020E+02          0.00000E+00
         0.49000E+02          0.00000E+00
         0.48981E+02          0.00000E+00
         0.48962E+02          0.00000E+00
         0.48942E+02          0.00000E+00
         0.48923E+02          0.00000E+00
         0.48904E+02          0.00000E+00
         0.48884E+02          0.00000E+00
         0.48865E+02          0.00000E+00
         0.48846E+02          0.00000E+00
         0.48827E+02          0.00000E+00
         0.48807E+02          0.00000E+00
         0.48788E+02          0.00000E+00
         0.48769E+02          0.00000E+00
         0.48750E+02          0.00000E+00
         0.48731E+02          0.00000E+00
         0.48711E+02          0.00000E+00
         0.48692E+02          0.00000E+00
         0.48673E+02          0.00000E+00
         0.48654E+02          0.00000E+00
         0.48635E+02          0.00000E+00
         0.48616E+02          0.00000E+00
         0.48597E+02          0.00000E+00
         0.48578E+02          0.00000E+00
         0.48559E+02          0.00000E+00
         0.48540E+02          0.00000E+00
         0.48521E+02          0.00000E+00
         0.48502E+02          0.00000E+00
         0.48483E+02          0.00000E+00
         0.48464E+02          0.00000E+00
         0.48445E+02          0.00000E+00
         0.48426E+02          0.00000E+00
         0.48407E+02          0.00000E+00
         0.48388E+02          0.00000E+00
         0.48369E+02          0.00000E+00
         0.48351E+02          0.00000E+00
         0.48332E+02          0.00000E+00
         0.48313E+02          0.00000E+00
         0.48294E+02          0.00000E+00
         0.48275E+02          0.00000E+00
         0.48256E+02          0.00000E+00
         0.48238E+02          0.00000E+00
         0.48219E+02          0.00000E+00
         0.48200E+02          0.00000E+00
         0.48181E+02          0.00000E+00
         0.48163E+02          0.00000E+00
         0.48144E+02          0.00000E+00
         0.48125E+02          0.00000E+00
         0.48107E+02          0.00000E+00
         0.48088E+02          0.00000E+00
         0.48069E+02          0.00000E+00
         0.48051E+02          0.00000E+00
         0.48032E+02          0.00000E+00
         0.48013E+02          0.00000E+00
         0.47995E+02          0.00000E+00
         0.47976E+02          0.00000E+00
         0.47958E+02          0.00000E+00
         0.47939E+02          0.00000E+00
         0.47921E+02          0.00000E+00
         0.47902E+02          0.00000E+00
         0.47884E+02          0.00000E+00
         0.47865E+02          0.00000E+00
         0.47847E+02          0.00000E+00
         0.47828E+02          0.00000E+00
         0.47810E+02          0.00000E+00
         0.47791E+02          0.00000E+00
         0.47773E+02          0.00000E+00
         0.47755E+02          0.00000E+00
         0.47736E+02          0.00000E+00
         0.47718E+02          0.00000E+00
         0.47699E+02          0.00000E+00
         0.47681E+02          0.00000E+00
         0.47663E+02          0.00000E+00
         0.47644E+02          0.00000E+00
         0.47626E+02          0.00000E+00
         0.47608E+02          0.00000E+00
         0.47590E+02          0.00000E+00
         0.47571E+02          0.00000E+00
         0.47553E+02          0.00000E+00
         0.47535E+02          0.00000E+00
         0.47517E+02          0.00000E+00
         0.47498E+02          0.00000E+00
         0.47480E+02          0.00000E+00
         0.47462E+02          0.00000E+00
         0.47444E+02          0.00000E+00
         0.47426E+02          0.00000E+00
         0.47408E+02          0.00000E+00
         0.47390E+02          0.00000E+00
         0.47371E+02          0.00000E+00
         0.47353E+02          0.00000E+00
         0.47335E+02          0.00000E+00
         0.47317E+02          0.00000E+00
         0.47299E+02          0.00000E+00
         0.47281E+02          0.00000E+00
         0.47263E+02          0.00000E+00
         0.47245E+02          0.00000E+00
         0.47227E+02          0.00000E+00
         0.47209E+02          0.00000E+00
         0.47191E+02          0.00000E+00
         0.47173E+02          0.00000E+00
         0.47155E+02          0.00000E+00
         0.47137E+02          0.00000E+00
         0.47119E+02          0.00000E+00
         0.47101E+02          0.00000E+00
         0.47084E+02          0.00000E+00
         0.47066E+02          0.00000E+00
         0.47048E+02          0.00000E+00
         0.47030E+02          0.00000E+00
         0.47012E+02          0.00000E+00
         0.46994E+02          0.00000E+00
         0.46977E+02          0.00000E+00
         0.46959E+02          0.00000E+00
         0.46941E+02          0.00000E+00
         0.46923E+02          0.00000E+00
         0.46905E+02          0.00000E+00
         0.46888E+02          0.00000E+00
         0.46870E+02          0.00000E+00
         0.46852E+02          0.00000E+00
         0.46835E+02          0.00000E+00
         0.46817E+02          0.00000E+00
         0.46799E+02          0.00000E+00
         0.46782E+02          0.00000E+00
         0.46764E+02          0.00000E+00
         0.46746E+02          0.00000E+00
         0.46729E+02          0.00000E+00
         0.46711E+02          0.00000E+00
         0.46693E+02          0.00000E+00
         0.46676E+02          0.00000E+00
         0.46658E+02          0.00000E+00
         0.46641E+02          0.00000E+00
         0.46623E+02          0.00000E+00
         0.46606E+02          0.00000E+00
         0.46588E+02          0.00000E+00
         0.46571E+02          0.00000E+00
         0.46553E+02          0.00000E+00
         0.46536E+02          0.00000E+00
         0.46518E+02          0.00000E+00
         0.46501E+02          0.00000E+00
         0.46483E+02          0.00000E+00
         0.46466E+02          0.00000E+00
         0.46449E+02          0.00000E+00
         0.46431E+02          0.00000E+00
         0.46414E+02          0.00000E+00
         0.46396E+02          0.00000E+00
         0.46379E+02          0.00000E+00
         0.46362E+02          0.00000E+00
         0.46344E+02          0.00000E+00
         0.46327E+02          0.00000E+00
         0.46310E+02          0.00000E+00
         0.46292E+02          0.00000E+00
         0.46275E+02          0.00000E+00
         0.46258E+02          0.00000E+00
         0.46241E+02          0.00000E+00
         0.46223E+02          0.00000E+00
         0.46206E+02          0.00000E+00
         0.46189E+02          0.00000E+00
         0.46172E+02          0.00000E+00
         0.46155E+02          0.00000E+00
         0.46137E+02          0.00000E+00
         0.46120E+02          0.00000E+00
         0.46103E+02          0.00000E+00
         0.46086E+02          0.00000E+00
         0.46069E+02          0.00000E+00
         0.46052E+02          0.00000E+00
         0.46035E+02          0.00000E+00
         0.46018E+02          0.00000E+00
         0.46001E+02          0.00000E+00
         0.45983E+02          0.00000E+00
         0.45966E+02          0.00000E+00
         0.45949E+02          0.00000E+00
         0.45932E+02          0.00000E+00
         0.45915E+02          0.00000E+00
         0.45898E+02          0.00000E+00
         0.45881E+02          0.00000E+00
         0.45864E+02          0.00000E+00
         0.45847E+02          0.00000E+00
         0.45830E+02          0.00000E+00
         0.45814E+02          0.00000E+00
         0.45797E+02          0.00000E+00
         0.45780E+02          0.00000E+00
         0.45763E+02          0.00000E+00
         0.45746E+02          0.00000E+00
         0.45729E+02          0.00000E+00
         0.45712E+02          0.00000E+00
         0.45695E+02          0.00000E+00
         0.45678E+02          0.00000E+00
         0.45662E+02          0.00000E+00
         0.45645E+02          0.00000E+00
         0.45628E+02          0.00000E+00
         0.45611E+02          0.00000E+00
         0.45595E+02          0.00000E+00
         0.45578E+02          0.00000E+00
         0.45561E+02          0.00000E+00
         0.45544E+02          0.00000E+00
         0.45528E+02          0.00000E+00
         0.45511E+02          0.00000E+00
         0.45494E+02          0.00000E+00
         0.45477E+02          0.00000E+00
         0.45461E+02          0.00000E+00
         0.45444E+02          0.00000E+00
         0.45427E+02          0.00000E+00
         0.45411E+02          0.00000E+00
         0.45394E+02          0.00000E+00
         0.45378E+02          0.00000E+00
         0.45361E+02          0.00000E+00
         0.45344E+02          0.00000E+00
         0.45328E+02          0.00000E+00
         0.45311E+02          0.00000E+00
         0.45295E+02          0.00000E+00
         0.45278E+02          0.00000E+00
         0.45262E+02          0.00000E+00
         0.45245E+02          0.00000E+00
         0.45229E+02          0.00000E+00
         0.45212E+02          0.00000E+00
         0.45196E+02          0.00000E+00
         0.45179E+02          0.00000E+00
         0.45163E+02          0.00000E+00
         0.45146E+02          0.00000E+00
         0.45130E+02          0.00000E+00
         0.45113E+02          0.00000E+00
         0.45097E+02          0.00000E+00
         0.45081E+02          0.00000E+00
         0.45064E+02          0.00000E+00
         0.45048E+02          0.00000E+00
         0.45031E+02          0.00000E+00
         0.45015E+02          0.00000E+00
         0.44999E+02          0.00000E+00
         0.44982E+02          0.00000E+00
         0.44966E+02          0.00000E+00
         0.44950E+02          0.00000E+00
         0.44934E+02          0.00000E+00
         0.44917E+02          0.00000E+00
         0.44901E+02          0.18990E-01
         0.44885E+02          0.19070E-01
         0.44868E+02          0.19631E-01
         0.44852E+02          0.19512E-01
         0.44836E+02          0.20499E-01
         0.44820E+02          0.22792E-01
         0.44804E+02          0.19526E-01
         0.44787E+02          0.18944E-01
         0.44771E+02          0.18856E-01
         0.44755E+02          0.18850E-01
         0.44739E+02          0.18863E-01
         0.44723E+02          0.18883E-01
         0.44707E+02          0.18905E-01
         0.44691E+02          0.18929E-01
         0.44674E+02          0.18953E-01
         0.44658E+02          0.18976E-01
         0.44642E+02          0.18996E-01
         0.44626E+02          0.19004E-01
         0.44610E+02          0.18889E-01
         0.44594E+02          0.19304E-01
         0.44578E+02          0.20468E-01
         0.44562E+02          0.21062E-01
         0.44546E+02          0.20146E-01
         0.44530E+02          0.20138E-01
         0.44514E+02          0.20481E-01
         0.44498E+02          0.21949E-01
         0.44482E+02          0.30469E-01
         0.44466E+02          0.39385E-01
         0.44450E+02          0.46539E-01
         0.44434E+02          0.23526E-01
         0.44418E+02          0.20856E-01
         0.44403E+02          0.16594E-01
         0.44387E+02          0.17359E-01
         0.44371E+02          0.17750E-01
         0.44355E+02          0.18048E-01
         0.44339E+02          0.17982E-01
         0.44323E+02          0.20046E-01
         0.44307E+02          0.17714E-01
         0.44291E+02          0.18088E-01
         0.44276E+02          0.18366E-01
         0.44260E+02          0.20522E-01
         0.44244E+02          0.17991E-01
         0.44228E+02          0.18326E-01
         0.44212E+02          0.19612E-01
         0.44197E+02          0.18178E-01
         0.44181E+02          0.18579E-01
         0.44165E+02          0.18194E-01
         0.44150E+02          0.19207E-01
         0.44134E+02          0.18434E-01
         0.44118E+02          0.18344E-01
         0.44102E+02          0.18372E-01
         0.44087E+02          0.18568E-01
         0.44071E+02          0.18396E-01
         0.44055E+02          0.18680E-01
         0.44040E+02          0.19664E-01
         0.44024E+02          0.20655E-01
         0.44008E+02          0.22158E-01
         0.43993E+02          0.18827E-01
         0.43977E+02          0.18854E-01
         0.43962E+02          0.18888E-01
         0.43946E+02          0.18938E-01
         0.43931E+02          0.19027E-01
         0.43915E+02          0.19326E-01
         0.43899E+02          0.19853E-01
         0.43884E+02          0.18632E-01
         0.43868E+02          0.18754E-01
         0.43853E+02          0.18824E-01
         0.43837E+02          0.18877E-01
         0.43822E+02          0.18925E-01
         0.43806E+02          0.18975E-01
         0.43791E+02          0.19030E-01
         0.43775E+02          0.19096E-01
         0.43760E+02          0.19178E-01
         0.43745E+02          0.19292E-01
         0.43729E+02          0.19470E-01
         0.43714E+02          0.19909E-01
         0.43698E+02          0.24263E-01
         0.43683E+02          0.41055E-01
         0.43667E+02          0.15185E-01
         0.43652E+02          0.16908E-01
         0.43637E+02          0.17588E-01
         0.43621E+02          0.17924E-01
         0.43606E+02          0.18124E-01
         0.43591E+02          0.18258E-01
         0.43575E+02          0.18356E-01
         0.43560E+02          0.18433E-01
         0.43545E+02          0.18497E-01
         0.43530E+02          0.18554E-01
         0.43514E+02          0.18606E-01
         0.43499E+02          0.18659E-01
         0.43484E+02          0.18716E-01
         0.43468E+02          0.18787E-01
         0.43453E+02          0.18904E-01
         0.43438E+02          0.19366E-01
         0.43423E+02          0.18740E-01
         0.43408E+02          0.18670E-01
         0.43392E+02          0.18804E-01
         0.43377E+02          0.18918E-01
         0.43362E+02          0.19051E-01
         0.43347E+02          0.19249E-01
         0.43332E+02          0.19764E-01
         0.43317E+02          0.35423E-01
         0.43301E+02          0.16076E-01
         0.43286E+02          0.17603E-01
         0.43271E+02          0.18061E-01
         0.43256E+02          0.18285E-01
         0.43241E+02          0.18430E-01
         0.43226E+02          0.18545E-01
         0.43211E+02          0.18656E-01
         0.43196E+02          0.18809E-01
         0.43181E+02          0.19874E-01
         0.43166E+02          0.18572E-01
         0.43151E+02          0.18823E-01
         0.43136E+02          0.19059E-01
         0.43121E+02          0.19610E-01
         0.43106E+02          0.16175E-01
         0.43091E+02          0.17658E-01
         0.43076E+02          0.18216E-01
         0.43061E+02          0.18460E-01
         0.43046E+02          0.18657E-01
         0.43031E+02          0.19208E-01
         0.43016E+02          0.18643E-01
         0.43001E+02          0.19014E-01
         0.42986E+02          0.26420E-01
         0.42971E+02          0.17603E-01
         0.42956E+02          0.18337E-01
         0.42942E+02          0.18659E-01
         0.42927E+02          0.18355E-01
         0.42912E+02          0.19019E-01
         0.42897E+02          0.15358E-01
         0.42882E+02          0.18304E-01
         0.42867E+02          0.18860E-01
         0.42852E+02          0.18896E-01
         0.42838E+02          0.17136E-01
         0.42823E+02          0.18590E-01
         0.42808E+02          0.18876E-01
         0.42793E+02          0.18054E-01
         0.42779E+02          0.18475E-01
         0.42764E+02          0.18037E-01
         0.42749E+02          0.18950E-01
         0.42734E+02          0.19026E-01
         0.42720E+02          0.18579E-01
         0.42705E+02          0.18799E-01
         0.42690E+02          0.19262E-01
         0.42675E+02          0.18771E-01
         0.42661E+02          0.18648E-01
         0.42646E+02          0.18404E-01
         0.42631E+02          0.18498E-01
         0.42617E+02          0.18539E-01
         0.42602E+02          0.17357E-01
         0.42588E+02          0.17354E-01
         0.42573E+02          0.17352E-01
         0.42558E+02          0.17349E-01
         0.42544E+02          0.17346E-01
         0.42529E+02          0.17344E-01
         0.42515E+02          0.17341E-01
         0.42500E+02          0.17339E-01
         0.42485E+02          0.17336E-01
         0.42471E+02          0.17334E-01
         0.42456E+02          0.17331E-01
         0.42442E+02          0.17329E-01
         0.42427E+02          0.17326E-01
         0.42413E+02          0.17324E-01
         0.42398E+02          0.17321E-01
         0.42384E+02          0.17319E-01
         0.42369E+02          0.17316E-01
         0.42355E+02          0.17314E-01
         0.42340E+02          0.17311E-01
         0.42326E+02          0.17308E-01
         0.42311E+02          0.17306E-01
         0.42297E+02          0.17303E-01
         0.42283E+02          0.17301E-01
         0.42268E+02          0.17298E-01
         0.42254E+02          0.17296E-01
         0.42239E+02          0.17293E-01
         0.42225E+02          0.17291E-01
         0.42211E+02          0.17288E-01
         0.42196E+02          0.17286E-01
         0.42182E+02          0.17283E-01
         0.42167E+02          0.17281E-01
         0.42153E+02          0.17278E-01
         0.42139E+02          0.17276E-01
         0.42124E+02          0.17273E-01
         0.42110E+02          0.17271E-01
         0.42096E+02          0.17268E-01
         0.42082E+02          0.17266E-01
         0.42067E+02          0.17263E-01
         0.42053E+02          0.17261E-01
         0.42039E+02          0.17258E-01
         0.42025E+02          0.17255E-01
         0.42010E+02          0.17253E-01
         0.41996E+02          0.17250E-01
         0.41982E+02          0.17248E-01
         0.41968E+02          0.17245E-01
         0.41953E+02          0.17243E-01
         0.41939E+02          0.17240E-01
         0.41925E+02          0.17238E-01
         0.41911E+02          0.17235E-01
         0.41897E+02          0.17232E-01
         0.41883E+02          0.17230E-01
         0.41868E+02          0.17227E-01
         0.41854E+02          0.17224E-01
         0.41840E+02          0.17222E-01
         0.41826E+02          0.17219E-01
         0.41812E+02          0.17217E-01
         0.41798E+02          0.17214E-01
         0.41784E+02          0.17211E-01
         0.41770E+02          0.17209E-01
         0.41756E+02          0.17206E-01
         0.41742E+02          0.17203E-01
         0.41728E+02          0.17201E-01
         0.41713E+02          0.17198E-01
         0.41699E+02          0.17195E-01
         0.41685E+02          0.17192E-01
         0.41671E+02          0.17190E-01
         0.41657E+02          0.17187E-01
         0.41643E+02          0.17184E-01
         0.41629E+02          0.17181E-01
         0.41615E+02          0.17179E-01
         0.41602E+02          0.17176E-01
         0.41588E+02          0.17173E-01
         0.41574E+02          0.17170E-01
         0.41560E+02          0.17167E-01
         0.41546E+02          0.17165E-01
         0.41532E+02          0.17162E-01
         0.41518E+02          0.17159E-01
         0.41504E+02          0.17156E-01
         0.41490E+02          0.17153E-01
         0.41476E+02          0.17150E-01
         0.41462E+02          0.17147E-01
         0.41449E+02          0.17144E-01
         0.41435E+02          0.17141E-01
         0.41421E+02          0.17138E-01
         0.41407E+02          0.17135E-01
         0.41393E+02          0.17132E-01
         0.41379E+02          0.17129E-01
         0.41366E+02          0.17126E-01
         0.41352E+02          0.17123E-01
         0.41338E+02          0.17120E-01
         0.41324E+02          0.17117E-01
         0.41310E+02          0.17114E-01
         0.41297E+02          0.17111E-01
         0.41283E+02          0.17107E-01
         0.41269E+02          0.17104E-01
         0.41255E+02          0.17101E-01
         0.41242E+02          0.17098E-01
         0.41228E+02          0.17095E-01
         0.41214E+02          0.17091E-01
         0.41201E+02          0.17088E-01
         0.41187E+02          0.17085E-01
         0.41173E+02          0.17081E-01
         0.41160E+02          0.17078E-01
         0.41146E+02          0.17074E-01
         0.41132E+02          0.17071E-01
         0.41119E+02          0.17068E-01
         0.41105E+02          0.17064E-01
         0.41091E+02          0.17060E-01
         0.41078E+02          0.17057E-01
         0.41064E+02          0.17053E-01
         0.41051E+02          0.17050E-01
         0.41037E+02          0.17046E-01
         0.41023E+02          0.17042E-01
         0.41010E+02          0.17039E-01
         0.40996E+02          0.17035E-01
         0.40983E+02          0.17031E-01
         0.40969E+02          0.17027E-01
         0.40956E+02          0.17023E-01
         0.40942E+02          0.17019E-01
         0.40929E+02          0.17015E-01
         0.40915E+02          0.17011E-01
         0.40902E+02          0.17007E-01
         0.40888E+02          0.17003E-01
         0.40875E+02          0.16999E-01
         0.40861E+02          0.16995E-01
         0.40848E+02          0.16991E-01
         0.40834E+02          0.16986E-01
         0.40821E+02          0.16982E-01
         0.40807E+02          0.16978E-01
         0.40794E+02          0.16973E-01
         0.40781E+02          0.16969E-01
         0.40767E+02          0.16964E-01
         0.40754E+02          0.16960E-01
         0.40740E+02          0.16955E-01
         0.40727E+02          0.16950E-01
         0.40714E+02          0.16945E-01
         0.40700E+02          0.16940E-01
         0.40687E+02          0.16935E-01
         0.40673E+02          0.16930E-01
         0.40660E+02          0.16925E-01
         0.40647E+02          0.16920E-01
         0.40633E+02          0.16915E-01
         0.40620E+02          0.16909E-01
         0.40607E+02          0.16904E-01
         0.40594E+02          0.16898E-01
         0.40580E+02          0.16893E-01
         0.40567E+02          0.16887E-01
         0.40554E+02          0.16881E-01
         0.40540E+02          0.16875E-01
         0.40527E+02          0.16869E-01
         0.40514E+02          0.16863E-01
         0.40501E+02          0.16857E-01
         0.40488E+02          0.16850E-01
         0.40474E+02          0.16844E-01
         0.40461E+02          0.16837E-01
         0.40448E+02          0.16830E-01
         0.40435E+02          0.16823E-01
         0.40422E+02          0.16816E-01
         0.40408E+02          0.16808E-01
         0.40395E+02          0.16801E-01
         0.40382E+02          0.16793E-01
         0.40369E+02          0.16785E-01
         0.40356E+02          0.16777E-01
         0.40343E+02          0.16768E-01
         0.40329E+02          0.16759E-01
         0.40316E+02          0.16750E-01
         0.40303E+02          0.16741E-01
         0.40290E+02          0.16731E-01
         0.40277E+02          0.16721E-01
         0.40264E+02          0.16711E-01
         0.40251E+02          0.16700E-01
         0.40238E+02          0.16689E-01
         0.40225E+02          0.16677E-01
         0.40212E+02          0.16665E-01
         0.40199E+02          0.16652E-01
         0.40186E+02          0.16639E-01
         0.40173E+02          0.16624E-01
         0.40160E+02          0.16609E-01
         0.40147E+02          0.16593E-01
         0.40134E+02          0.16576E-01
         0.40121E+02          0.16558E-01
         0.40108E+02          0.16538E-01
         0.40095E+02          0.16517E-01
         0.40082E+02          0.16495E-01
         0.40069E+02          0.16471E-01
         0.40056E+02          0.16447E-01
         0.40043E+02          0.16424E-01
         0.40030E+02          0.16411E-01
         0.40017E+02          0.16437E-01
         0.40004E+02          0.16546E-01
         0.39991E+02          0.16379E-01
         0.39978E+02          0.16164E-01
         0.39965E+02          0.16006E-01
         0.39953E+02          0.15828E-01
         0.39940E+02          0.15580E-01
         0.39927E+02          0.15194E-01
         0.39914E+02          0.14757E-01
         0.39901E+02          0.21735E-01
         0.39888E+02          0.20810E-01
         0.39876E+02          0.18766E-01
         0.39863E+02          0.18010E-01
         0.39850E+02          0.17630E-01
         0.39837E+02          0.17401E-01
         0.39824E+02          0.17246E-01
         0.39812E+02          0.17133E-01
         0.39799E+02          0.17046E-01
         0.39786E+02          0.16976E-01
         0.39773E+02          0.16917E-01
         0.39760E+02          0.16866E-01
         0.39748E+02          0.16822E-01
         0.39735E+02          0.16782E-01
         0.39722E+02          0.16746E-01
         0.39709E+02          0.16712E-01
         0.39697E+02          0.16681E-01
         0.39684E+02          0.16651E-01
         0.39671E+02          0.16622E-01
         0.39659E+02          0.16594E-01
         0.39646E+02          0.16567E-01
         0.39633E+02          0.16540E-01
         0.39621E+02          0.16514E-01
         0.39608E+02          0.16488E-01
         0.39595E+02          0.16463E-01
         0.39583E+02          0.16437E-01
         0.39570E+02          0.16411E-01
         0.39557E+02          0.16385E-01
         0.39545E+02          0.16359E-01
         0.39532E+02          0.16333E-01
         0.39520E+02          0.16306E-01
         0.39507E+02          0.16279E-01
         0.39494E+02          0.16252E-01
         0.39482E+02          0.16224E-01
         0.39469E+02          0.16196E-01
         0.39457E+02          0.16167E-01
         0.39444E+02          0.16138E-01
         0.39432E+02          0.16108E-01
         0.39419E+02          0.16077E-01
         0.39407E+02          0.16046E-01
         0.39394E+02          0.16014E-01
         0.39382E+02          0.15982E-01
         0.39369E+02          0.15949E-01
         0.39357E+02          0.15916E-01
         0.39344E+02          0.15882E-01
         0.39332E+02          0.15848E-01
         0.39319E+02          0.15814E-01
         0.39307E+02          0.15779E-01
         0.39294E+02          0.15745E-01
         0.39282E+02          0.15712E-01
         0.39269E+02          0.15679E-01
         0.39257E+02          0.15647E-01
         0.39244E+02          0.15618E-01
         0.39232E+02          0.15590E-01
         0.39220E+02          0.15566E-01
         0.39207E+02          0.15546E-01
         0.39195E+02          0.15532E-01
         0.39182E+02          0.15525E-01
         0.39170E+02          0.15526E-01
         0.39158E+02          0.15538E-01
         0.39145E+02          0.15563E-01
         0.39133E+02          0.15603E-01
         0.39121E+02          0.15663E-01
         0.39108E+02          0.15745E-01
         0.39096E+02          0.15851E-01
         0.39084E+02          0.15987E-01
         0.39071E+02          0.16153E-01
         0.39059E+02          0.16352E-01
         0.39047E+02          0.16584E-01
         0.39034E+02          0.16848E-01
         0.39022E+02          0.17141E-01
         0.39010E+02          0.17456E-01
         0.38998E+02          0.17785E-01
         0.38985E+02          0.18120E-01
         0.38973E+02          0.18449E-01
         0.38961E+02          0.18763E-01
         0.38949E+02          0.19053E-01
         0.38936E+02          0.19313E-01
         0.38924E+02          0.19539E-01
         0.38912E+02          0.19728E-01
         0.38900E+02          0.19883E-01
         0.38887E+02          0.20004E-01
         0.38875E+02          0.20094E-01
         0.38863E+02          0.20158E-01
         0.38851E+02          0.20198E-01
         0.38839E+02          0.20220E-01
         0.38827E+02          0.20227E-01
         0.38814E+02          0.20221E-01
         0.38802E+02          0.20205E-01
         0.38790E+02          0.20183E-01
         0.38778E+02          0.20155E-01
         0.38766E+02          0.20124E-01
         0.38754E+02          0.20090E-01
         0.38742E+02          0.20056E-01
         0.38730E+02          0.20022E-01
         0.38717E+02          0.19988E-01
         0.38705E+02          0.19956E-01
         0.38693E+02          0.19925E-01
         0.38681E+02          0.19898E-01
         0.38669E+02          0.19873E-01
         0.38657E+02          0.19851E-01
         0.38645E+02          0.19834E-01
         0.38633E+02          0.19820E-01
         0.38621E+02          0.19812E-01
         0.38609E+02          0.19810E-01
         0.38597E+02          0.19815E-01
         0.38585E+02          0.19828E-01
         0.38573E+02          0.19851E-01
         0.38561E+02          0.19887E-01
         0.38549E+02          0.19941E-01
         0.38537E+02          0.20019E-01
         0.38525E+02          0.20131E-01
         0.38513E+02          0.20294E-01
         0.38501E+02          0.20538E-01
         0.38489E+02          0.20915E-01
         0.38477E+02          0.21523E-01
         0.38465E+02          0.22558E-01
         0.38453E+02          0.24407E-01
         0.38441E+02          0.27789E-01
         0.38429E+02          0.33471E-01
         0.38418E+02          0.39867E-01
         0.38406E+02          0.41639E-01
         0.38394E+02          0.38640E-01
         0.38382E+02          0.35093E-01
         0.38370E+02          0.32595E-01
         0.38358E+02          0.31107E-01
         0.38346E+02          0.30383E-01
         0.38334E+02          0.29974E-01
         0.38323E+02          0.28461E-01
         0.38311E+02          0.29208E-01
         0.38299E+02          0.29952E-01
         0.38287E+02          0.30977E-01
         0.38275E+02          0.32660E-01
         0.38263E+02          0.36584E-01
         0.38252E+02          0.65302E-01
         0.38240E+02          0.31811E-01
         0.38228E+02          0.32928E-01
         0.38216E+02          0.35411E-01
         0.38204E+02          0.38184E-01
         0.38193E+02          0.41289E-01
         0.38181E+02          0.44714E-01
         0.38169E+02          0.48323E-01
         0.38157E+02          0.51882E-01
         0.38146E+02          0.54997E-01
         0.38134E+02          0.57255E-01
         0.38122E+02          0.59578E-01
         0.38111E+02          0.61405E-01
         0.38099E+02          0.62800E-01
         0.38087E+02          0.64005E-01
         0.38075E+02          0.65231E-01
         0.38064E+02          0.66638E-01
         0.38052E+02          0.68343E-01
         0.38040E+02          0.70492E-01
         0.38029E+02          0.73266E-01
         0.38017E+02          0.76840E-01
         0.38005E+02          0.81361E-01
         0.37994E+02          0.86944E-01
         0.37982E+02          0.93663E-01
         0.37970E+02          0.10151E+00
         0.37959E+02          0.11033E+00
         0.37947E+02          0.11972E+00
         0.37936E+02          0.12897E+00
         0.37924E+02          0.13700E+00
         0.37912E+02          0.14258E+00
         0.37901E+02          0.14469E+00
         0.37889E+02          0.14291E+00
         0.37878E+02          0.13764E+00
         0.37866E+02          0.12972E+00
         0.37855E+02          0.12019E+00
         0.37843E+02          0.11006E+00
         0.37831E+02          0.99919E-01
         0.37820E+02          0.94838E-01
         0.37808E+02          0.84002E-01
         0.37797E+02          0.76692E-01
         0.37785E+02          0.70459E-01
         0.37774E+02          0.65105E-01
         0.37762E+02          0.60498E-01
         0.37751E+02          0.56522E-01
         0.37739E+02          0.53075E-01
         0.37728E+02          0.50068E-01
         0.37716E+02          0.47418E-01
         0.37705E+02          0.45045E-01
         0.37693E+02          0.42852E-01
         0.37682E+02          0.40665E-01
         0.37670E+02          0.38174E-01
         0.37659E+02          0.50972E-01
         0.37648E+02          0.40144E-01
         0.37636E+02          0.38082E-01
         0.37625E+02          0.36745E-01
         0.37613E+02          0.35678E-01
         0.37602E+02          0.34768E-01
         0.37591E+02          0.33969E-01
         0.37579E+02          0.33257E-01
         0.37568E+02          0.32617E-01
         0.37556E+02          0.32037E-01
         0.37545E+02          0.31509E-01
         0.37534E+02          0.31026E-01
         0.37522E+02          0.30583E-01
         0.37511E+02          0.30175E-01
         0.37500E+02          0.29797E-01
         0.37488E+02          0.29443E-01
         0.37477E+02          0.29084E-01
         0.37466E+02          0.28898E-01
         0.37454E+02          0.28588E-01
         0.37443E+02          0.28326E-01
         0.37432E+02          0.28087E-01
         0.37420E+02          0.27869E-01
         0.37409E+02          0.27676E-01
         0.37398E+02          0.27807E-01
         0.37387E+02          0.26576E-01
         0.37375E+02          0.26953E-01
         0.37364E+02          0.26845E-01
         0.37353E+02          0.26710E-01
         0.37341E+02          0.26575E-01
         0.37330E+02          0.26445E-01
         0.37319E+02          0.26322E-01
         0.37308E+02          0.26204E-01
         0.37297E+02          0.26091E-01
         0.37285E+02          0.25943E-01
         0.37274E+02          0.25907E-01
         0.37263E+02          0.25816E-01
         0.37252E+02          0.25743E-01
         0.37241E+02          0.26195E-01
         0.37229E+02          0.25366E-01
         0.37218E+02          0.25413E-01
         0.37207E+02          0.25365E-01
         0.37196E+02          0.25308E-01
         0.37185E+02          0.25252E-01
         0.37174E+02          0.25191E-01
         0.37162E+02          0.25160E-01
         0.37151E+02          0.25129E-01
         0.37140E+02          0.25907E-01
         0.37129E+02          0.24966E-01
         0.37118E+02          0.24951E-01
         0.37107E+02          0.24927E-01
         0.37096E+02          0.24907E-01
         0.37085E+02          0.24909E-01
         0.37073E+02          0.24782E-01
         0.37062E+02          0.24825E-01
         0.37051E+02          0.24832E-01
         0.37040E+02          0.24851E-01
         0.37029E+02          0.24797E-01
         0.37018E+02          0.24850E-01
         0.37007E+02          0.24905E-01
         0.36996E+02          0.24914E-01
         0.36985E+02          0.25003E-01
         0.36974E+02          0.25085E-01
         0.36963E+02          0.25285E-01
         0.36952E+02          0.25378E-01
         0.36941E+02          0.25761E-01
         0.36930E+02          0.26093E-01
         0.36919E+02          0.26789E-01
         0.36908E+02          0.28294E-01
         0.36897E+02          0.29917E-01
         0.36886E+02          0.33227E-01
         0.36875E+02          0.41426E-01
         0.36864E+02          0.58840E-01
         0.36853E+02          0.87117E-01
         0.36842E+02          0.81793E-01
         0.36831E+02          0.52678E-01
         0.36820E+02          0.40115E-01
         0.36809E+02          0.34604E-01
         0.36798E+02          0.31848E-01
         0.36787E+02          0.30153E-01
         0.36777E+02          0.28941E-01
         0.36766E+02          0.28051E-01
         0.36755E+02          0.27400E-01
         0.36744E+02          0.26919E-01
         0.36733E+02          0.26558E-01
         0.36722E+02          0.26281E-01
         0.36711E+02          0.26065E-01
         0.36700E+02          0.25894E-01
         0.36690E+02          0.25758E-01
         0.36679E+02          0.25651E-01
         0.36668E+02          0.25568E-01
         0.36657E+02          0.25513E-01
         0.36646E+02          0.25495E-01
         0.36635E+02          0.25552E-01
         0.36624E+02          0.25716E-01
         0.36614E+02          0.25919E-01
         0.36603E+02          0.26006E-01
         0.36592E+02          0.25817E-01
         0.36581E+02          0.25645E-01
         0.36570E+02          0.25517E-01
         0.36560E+02          0.25425E-01
         0.36549E+02          0.25356E-01
         0.36538E+02          0.25301E-01
         0.36527E+02          0.25255E-01
         0.36517E+02          0.25214E-01
         0.36506E+02          0.25177E-01
         0.36495E+02          0.25143E-01
         0.36484E+02          0.25115E-01
         0.36474E+02          0.25098E-01
         0.36463E+02          0.25109E-01
         0.36452E+02          0.25212E-01
         0.36441E+02          0.25873E-01
         0.36431E+02          0.26809E-01
         0.36420E+02          0.24145E-01
         0.36409E+02          0.24301E-01
         0.36399E+02          0.24407E-01
         0.36388E+02          0.24561E-01
         0.36377E+02          0.24836E-01
         0.36367E+02          0.25325E-01
         0.36356E+02          0.26179E-01
         0.36345E+02          0.27666E-01
         0.36335E+02          0.30300E-01
         0.36324E+02          0.35111E-01
         0.36313E+02          0.43927E-01
         0.36303E+02          0.58554E-01
         0.36292E+02          0.66353E-01
         0.36282E+02          0.51416E-01
         0.36271E+02          0.41065E-01
         0.36260E+02          0.33913E-01
         0.36250E+02          0.29867E-01
         0.36239E+02          0.27647E-01
         0.36229E+02          0.26403E-01
         0.36218E+02          0.25263E-01
         0.36207E+02          0.25608E-01
         0.36197E+02          0.25582E-01
         0.36186E+02          0.25696E-01
         0.36176E+02          0.26050E-01
         0.36165E+02          0.26647E-01
         0.36155E+02          0.27556E-01
         0.36144E+02          0.28938E-01
         0.36133E+02          0.31162E-01
         0.36123E+02          0.35460E-01
         0.36112E+02          0.75555E-01
         0.36102E+02          0.39269E-01
         0.36091E+02          0.55110E-01
         0.36081E+02          0.84639E-01
         0.36070E+02          0.14281E+00
         0.36060E+02          0.18651E+00
         0.36049E+02          0.11976E+00
         0.36039E+02          0.93837E-01
         0.36028E+02          0.67973E-01
         0.36018E+02          0.76818E-01
         0.36008E+02          0.59158E-01
         0.35997E+02          0.49229E-01
         0.35987E+02          0.43922E-01
         0.35976E+02          0.40968E-01
         0.35966E+02          0.40956E-01
         0.35955E+02          0.46239E-01
         0.35945E+02          0.52100E-01
         0.35935E+02          0.39475E-01
         0.35924E+02          0.43844E-01
         0.35914E+02          0.59010E-01
         0.35903E+02          0.10739E+00
         0.35893E+02          0.46687E+00
         0.35883E+02          0.81034E-01
         0.35872E+02          0.48799E-01
         0.35862E+02          0.76621E-01
         0.35851E+02          0.10738E+00
         0.35841E+02          0.81146E-01
         0.35831E+02          0.42115E-01
         0.35820E+02          0.36838E-01
         0.35810E+02          0.30701E-01
         0.35800E+02          0.26197E-01
         0.35789E+02          0.35666E-01
         0.35779E+02          0.32113E-01
         0.35769E+02          0.30304E-01
         0.35758E+02          0.29353E-01
         0.35748E+02          0.27226E-01
         0.35738E+02          0.39308E-01
         0.35727E+02          0.34530E-01
         0.35717E+02          0.33108E-01
         0.35707E+02          0.25977E-01
         0.35697E+02          0.34340E-01
         0.35686E+02          0.30320E-01
         0.35676E+02          0.28210E-01
         0.35666E+02          0.30473E-01
         0.35655E+02          0.27094E-01
         0.35645E+02          0.29577E-01
         0.35635E+02          0.27663E-01
         0.35625E+02          0.27339E-01
         0.35615E+02          0.27707E-01
         0.35604E+02          0.26513E-01
         0.35594E+02          0.28690E-01
         0.35584E+02          0.28751E-01
         0.35574E+02          0.28517E-01
         0.35563E+02          0.28563E-01
         0.35553E+02          0.28383E-01
         0.35543E+02          0.27767E-01
         0.35533E+02          0.28150E-01
         0.35523E+02          0.27935E-01
         0.35513E+02          0.27948E-01
         0.35502E+02          0.27973E-01
         0.35492E+02          0.29272E-01
         0.35482E+02          0.28201E-01
         0.35472E+02          0.28274E-01
         0.35462E+02          0.28629E-01
         0.35452E+02          0.28604E-01
         0.35441E+02          0.29260E-01
         0.35431E+02          0.29053E-01
         0.35421E+02          0.29383E-01
         0.35411E+02          0.29879E-01
         0.35401E+02          0.30369E-01
         0.35391E+02          0.30955E-01
         0.35381E+02          0.32226E-01
         0.35371E+02          0.33531E-01
         0.35361E+02          0.36223E-01
         0.35351E+02          0.41586E-01
         0.35340E+02          0.55039E-01
         0.35330E+02          0.10390E+00
         0.35320E+02          0.23856E+00
         0.35310E+02          0.10260E+00
         0.35300E+02          0.56453E-01
         0.35290E+02          0.45726E-01
         0.35280E+02          0.44831E-01
         0.35270E+02          0.49669E-01
         0.35260E+02          0.59219E-01
         0.35250E+02          0.12867E+00
         0.35240E+02          0.16733E+00
         0.35230E+02          0.11451E+00
         0.35220E+02          0.89015E-01
         0.35210E+02          0.50672E-01
         0.35200E+02          0.39888E-01
         0.35190E+02          0.36358E-01
         0.35180E+02          0.38161E-01
         0.35170E+02          0.28074E-01
         0.35160E+02          0.29555E-01
         0.35150E+02          0.29854E-01
         0.35140E+02          0.29278E-01
         0.35130E+02          0.29159E-01
         0.35120E+02          0.29162E-01
         0.35110E+02          0.29216E-01
         0.35100E+02          0.29342E-01
         0.35090E+02          0.29518E-01
         0.35080E+02          0.29846E-01
         0.35071E+02          0.30133E-01
         0.35061E+02          0.31152E-01
         0.35051E+02          0.32145E-01
         0.35041E+02          0.32066E-01
         0.35031E+02          0.33623E-01
         0.35021E+02          0.38050E-01
         0.35011E+02          0.44839E-01
         0.35001E+02          0.85005E-01
         0.34991E+02          0.29581E+00
         0.34981E+02          0.59680E-01
         0.34972E+02          0.47816E-01
         0.34962E+02          0.66683E-01
         0.34952E+02          0.44343E+00
         0.34942E+02          0.16649E+00
         0.34932E+02          0.62248E-01
         0.34922E+02          0.43198E-01
         0.34913E+02          0.32954E-01
         0.34903E+02          0.31633E-01
         0.34893E+02          0.31860E-01
         0.34883E+02          0.39779E-01
         0.34873E+02          0.29175E-01
         0.34863E+02          0.29855E-01
         0.34854E+02          0.30316E-01
         0.34844E+02          0.31920E-01
         0.34834E+02          0.39042E-01
         0.34824E+02          0.96035E-01
         0.34814E+02          0.91759E-01
         0.34805E+02          0.42348E-01
         0.34795E+02          0.32217E+00
         0.34785E+02          0.12926E+00
         0.34775E+02          0.60825E-01
         0.34766E+02          0.44023E-01
         0.34756E+02          0.36906E-01
         0.34746E+02          0.36061E-01
         0.34736E+02          0.31977E-01
         0.34727E+02          0.33287E-01
         0.34717E+02          0.24775E+00
         0.34707E+02          0.40946E-01
         0.34698E+02          0.25154E+00
         0.34688E+02          0.67012E-01
         0.34678E+02          0.42722E-01
         0.34668E+02          0.35595E-01
         0.34659E+02          0.35205E-01
         0.34649E+02          0.38418E+00
         0.34639E+02          0.32985E+00
         0.34630E+02          0.59934E-01
         0.34620E+02          0.40584E-01
         0.34610E+02          0.37871E-01
         0.34601E+02          0.41798E-01
         0.34591E+02          0.80849E-01
         0.34581E+02          0.38546E-01
         0.34572E+02          0.81558E-01
         0.34562E+02          0.66692E-01
         0.34553E+02          0.35462E-01
         0.34543E+02          0.13659E+00
         0.34533E+02          0.35214E-01
         0.34524E+02          0.31348E-01
         0.34514E+02          0.19799E+00
         0.34504E+02          0.12137E+00
         0.34495E+02          0.48673E-01
         0.34485E+02          0.34497E-01
         0.34476E+02          0.42328E-01
         0.34466E+02          0.52874E-01
         0.34456E+02          0.35737E-01
         0.34447E+02          0.33634E-01
         0.34437E+02          0.37925E-01
         0.34428E+02          0.37526E-01
         0.34418E+02          0.36830E-01
         0.34409E+02          0.36993E-01
         0.34399E+02          0.36239E-01
         0.34390E+02          0.36499E-01
         0.34380E+02          0.41075E-01
         0.34371E+02          0.37406E-01
         0.34361E+02          0.34438E-01
         0.34351E+02          0.33893E-01
         0.34342E+02          0.34175E-01
         0.34332E+02          0.34273E-01
         0.34323E+02          0.34268E-01
         0.34313E+02          0.34399E-01
         0.34304E+02          0.34967E-01
         0.34294E+02          0.28940E-01
         0.34285E+02          0.31906E-01
         0.34276E+02          0.32292E-01
         0.34266E+02          0.32194E-01
         0.34257E+02          0.32048E-01
         0.34247E+02          0.31819E-01
         0.34238E+02          0.31812E-01
         0.34228E+02          0.32191E-01
         0.34219E+02          0.32504E-01
         0.34209E+02          0.32597E-01
         0.34200E+02          0.32556E-01
         0.34190E+02          0.32423E-01
         0.34181E+02          0.32167E-01
         0.34172E+02          0.31607E-01
         0.34162E+02          0.30135E-01
         0.34153E+02          0.34700E-01
         0.34143E+02          0.33928E-01
         0.34134E+02          0.33499E-01
         0.34125E+02          0.33237E-01
         0.34115E+02          0.33044E-01
         0.34106E+02          0.33010E-01
         0.34096E+02          0.33176E-01
         0.34087E+02          0.33273E-01
         0.34078E+02          0.33298E-01
         0.34068E+02          0.33317E-01
         0.34059E+02          0.33362E-01
         0.34050E+02          0.33466E-01
         0.34040E+02          0.33735E-01
         0.34031E+02          0.36526E-01
         0.34022E+02          0.41803E-01
         0.34012E+02          0.32049E-01
         0.34003E+02          0.33461E-01
         0.33994E+02          0.33193E-01
         0.33984E+02          0.32630E-01
         0.33975E+02          0.32572E-01
         0.33966E+02          0.32893E-01
         0.33956E+02          0.33020E-01
         0.33947E+02          0.33068E-01
         0.33938E+02          0.33075E-01
         0.33928E+02          0.33032E-01
         0.33919E+02          0.33793E-01
         0.33910E+02          0.34323E-01
         0.33901E+02          0.33857E-01
         0.33891E+02          0.33515E-01
