         0.16693E+02          0.00000E+00
         0.16703E+02          0.00000E+00
         0.16713E+02          0.00000E+00
         0.16723E+02          0.00000E+00
         0.16733E+02          0.00000E+00
         0.16743E+02          0.00000E+00
         0.16753E+02          0.00000E+00
         0.16763E+02          0.00000E+00
         0.16773E+02          0.00000E+00
         0.16783E+02          0.00000E+00
         0.16793E+02          0.00000E+00
         0.16803E+02          0.00000E+00
         0.16813E+02          0.00000E+00
         0.16823E+02          0.00000E+00
         0.16833E+02          0.00000E+00
         0.16843E+02          0.00000E+00
         0.16853E+02          0.00000E+00
         0.16863E+02          0.00000E+00
         0.16873E+02          0.00000E+00
         0.16883E+02          0.00000E+00
         0.16893E+02          0.00000E+00
         0.16903E+02          0.00000E+00
         0.16913E+02          0.00000E+00
         0.16923E+02          0.00000E+00
         0.16933E+02          0.00000E+00
         0.16943E+02          0.00000E+00
         0.16953E+02          0.00000E+00
         0.16963E+02          0.00000E+00
         0.16973E+02          0.00000E+00
         0.16983E+02          0.00000E+00
         0.16993E+02          0.00000E+00
         0.17003E+02          0.00000E+00
         0.17013E+02          0.00000E+00
         0.17023E+02          0.00000E+00
         0.17033E+02          0.00000E+00
         0.17043E+02          0.00000E+00
         0.17053E+02          0.00000E+00
         0.17063E+02          0.00000E+00
         0.17073E+02          0.00000E+00
         0.17083E+02          0.00000E+00
         0.17093E+02          0.00000E+00
         0.17103E+02          0.00000E+00
         0.17113E+02          0.00000E+00
         0.17123E+02          0.00000E+00
         0.17133E+02          0.00000E+00
         0.17143E+02          0.00000E+00
         0.17153E+02          0.00000E+00
         0.17163E+02          0.00000E+00
         0.17173E+02          0.00000E+00
         0.17183E+02          0.00000E+00
         0.17193E+02          0.00000E+00
         0.17203E+02          0.00000E+00
         0.17213E+02          0.00000E+00
         0.17223E+02          0.00000E+00
         0.17233E+02          0.00000E+00
         0.17243E+02          0.00000E+00
         0.17253E+02          0.00000E+00
         0.17263E+02          0.00000E+00
         0.17273E+02          0.00000E+00
         0.17283E+02          0.00000E+00
         0.17293E+02          0.00000E+00
         0.17303E+02          0.00000E+00
         0.17313E+02          0.00000E+00
         0.17323E+02          0.00000E+00
         0.17333E+02          0.00000E+00
         0.17343E+02          0.00000E+00
         0.17353E+02          0.00000E+00
         0.17363E+02          0.00000E+00
         0.17373E+02          0.00000E+00
         0.17383E+02          0.00000E+00
         0.17393E+02          0.00000E+00
         0.17403E+02          0.00000E+00
         0.17413E+02          0.00000E+00
         0.17423E+02          0.00000E+00
         0.17433E+02          0.00000E+00
         0.17443E+02          0.00000E+00
         0.17453E+02          0.00000E+00
         0.17463E+02          0.00000E+00
         0.17473E+02          0.00000E+00
         0.17483E+02          0.00000E+00
         0.17493E+02          0.00000E+00
         0.17503E+02          0.00000E+00
         0.17513E+02          0.00000E+00
         0.17523E+02          0.00000E+00
         0.17533E+02          0.00000E+00
         0.17543E+02          0.00000E+00
         0.17553E+02          0.00000E+00
         0.17563E+02          0.00000E+00
         0.17573E+02          0.00000E+00
         0.17583E+02          0.00000E+00
         0.17593E+02          0.00000E+00
         0.17603E+02          0.00000E+00
         0.17613E+02          0.00000E+00
         0.17623E+02          0.00000E+00
         0.17633E+02          0.00000E+00
         0.17643E+02          0.00000E+00
         0.17653E+02          0.00000E+00
         0.17663E+02          0.00000E+00
         0.17673E+02          0.00000E+00
         0.17683E+02          0.00000E+00
         0.17693E+02          0.00000E+00
         0.17703E+02          0.00000E+00
         0.17713E+02          0.00000E+00
         0.17723E+02          0.00000E+00
         0.17733E+02          0.00000E+00
         0.17743E+02          0.00000E+00
         0.17753E+02          0.00000E+00
         0.17763E+02          0.00000E+00
         0.17773E+02          0.00000E+00
         0.17783E+02          0.00000E+00
         0.17793E+02          0.00000E+00
         0.17803E+02          0.00000E+00
         0.17813E+02          0.00000E+00
         0.17823E+02          0.00000E+00
         0.17833E+02          0.00000E+00
         0.17843E+02          0.00000E+00
         0.17853E+02          0.00000E+00
         0.17863E+02          0.00000E+00
         0.17873E+02          0.00000E+00
         0.17883E+02          0.00000E+00
         0.17893E+02          0.00000E+00
         0.17903E+02          0.00000E+00
         0.17913E+02          0.00000E+00
         0.17923E+02          0.00000E+00
         0.17933E+02          0.00000E+00
         0.17943E+02          0.00000E+00
         0.17953E+02          0.00000E+00
         0.17963E+02          0.00000E+00
         0.17973E+02          0.00000E+00
         0.17983E+02          0.00000E+00
         0.17993E+02          0.00000E+00
         0.18003E+02          0.00000E+00
         0.18013E+02          0.00000E+00
         0.18023E+02          0.00000E+00
         0.18033E+02          0.00000E+00
         0.18043E+02          0.00000E+00
         0.18053E+02          0.00000E+00
         0.18063E+02          0.00000E+00
         0.18073E+02          0.00000E+00
         0.18083E+02          0.00000E+00
         0.18093E+02          0.00000E+00
         0.18103E+02          0.00000E+00
         0.18113E+02          0.00000E+00
         0.18123E+02          0.00000E+00
         0.18133E+02          0.00000E+00
         0.18143E+02          0.00000E+00
         0.18153E+02          0.00000E+00
         0.18163E+02          0.00000E+00
         0.18173E+02          0.00000E+00
         0.18183E+02          0.00000E+00
         0.18193E+02          0.00000E+00
         0.18203E+02          0.00000E+00
         0.18213E+02          0.00000E+00
         0.18223E+02          0.00000E+00
         0.18233E+02          0.00000E+00
         0.18243E+02          0.00000E+00
         0.18253E+02          0.00000E+00
         0.18263E+02          0.00000E+00
         0.18273E+02          0.00000E+00
         0.18283E+02          0.00000E+00
         0.18293E+02          0.00000E+00
         0.18303E+02          0.00000E+00
         0.18313E+02          0.00000E+00
         0.18323E+02          0.00000E+00
         0.18333E+02          0.00000E+00
         0.18343E+02          0.00000E+00
         0.18353E+02          0.00000E+00
         0.18363E+02          0.00000E+00
         0.18373E+02          0.00000E+00
         0.18383E+02          0.00000E+00
         0.18393E+02          0.00000E+00
         0.18403E+02          0.00000E+00
         0.18413E+02          0.00000E+00
         0.18423E+02          0.00000E+00
         0.18433E+02          0.00000E+00
         0.18443E+02          0.00000E+00
         0.18453E+02          0.00000E+00
         0.18463E+02          0.00000E+00
         0.18473E+02          0.00000E+00
         0.18483E+02          0.00000E+00
         0.18493E+02          0.00000E+00
         0.18503E+02          0.00000E+00
         0.18513E+02          0.00000E+00
         0.18523E+02          0.00000E+00
         0.18533E+02          0.00000E+00
         0.18543E+02          0.00000E+00
         0.18553E+02          0.00000E+00
         0.18563E+02          0.00000E+00
         0.18573E+02          0.00000E+00
         0.18583E+02          0.00000E+00
         0.18593E+02          0.00000E+00
         0.18603E+02          0.00000E+00
         0.18613E+02          0.00000E+00
         0.18623E+02          0.00000E+00
         0.18633E+02          0.00000E+00
         0.18643E+02          0.00000E+00
         0.18653E+02          0.00000E+00
         0.18663E+02          0.00000E+00
         0.18673E+02          0.00000E+00
         0.18683E+02          0.00000E+00
         0.18693E+02          0.00000E+00
         0.18703E+02          0.00000E+00
         0.18713E+02          0.00000E+00
         0.18723E+02          0.00000E+00
         0.18733E+02          0.00000E+00
         0.18743E+02          0.00000E+00
         0.18753E+02          0.00000E+00
         0.18763E+02          0.00000E+00
         0.18773E+02          0.00000E+00
         0.18783E+02          0.00000E+00
         0.18793E+02          0.00000E+00
         0.18803E+02          0.00000E+00
         0.18813E+02          0.00000E+00
         0.18823E+02          0.00000E+00
         0.18833E+02          0.00000E+00
         0.18843E+02          0.00000E+00
         0.18853E+02          0.00000E+00
         0.18863E+02          0.00000E+00
         0.18873E+02          0.00000E+00
         0.18883E+02          0.00000E+00
         0.18893E+02          0.00000E+00
         0.18903E+02          0.00000E+00
         0.18913E+02          0.00000E+00
         0.18923E+02          0.00000E+00
         0.18933E+02          0.00000E+00
         0.18943E+02          0.00000E+00
         0.18953E+02          0.00000E+00
         0.18963E+02          0.00000E+00
         0.18973E+02          0.00000E+00
         0.18983E+02          0.00000E+00
         0.18993E+02          0.00000E+00
         0.19003E+02          0.00000E+00
         0.19013E+02          0.00000E+00
         0.19023E+02          0.00000E+00
         0.19033E+02          0.00000E+00
         0.19043E+02          0.00000E+00
         0.19053E+02          0.00000E+00
         0.19063E+02          0.00000E+00
         0.19073E+02          0.00000E+00
         0.19083E+02          0.00000E+00
         0.19093E+02          0.00000E+00
         0.19103E+02          0.00000E+00
         0.19113E+02          0.00000E+00
         0.19123E+02          0.00000E+00
         0.19133E+02          0.00000E+00
         0.19143E+02          0.00000E+00
         0.19153E+02          0.00000E+00
         0.19163E+02          0.00000E+00
         0.19173E+02          0.00000E+00
         0.19183E+02          0.00000E+00
         0.19193E+02          0.00000E+00
         0.19203E+02          0.00000E+00
         0.19213E+02          0.00000E+00
         0.19223E+02          0.00000E+00
         0.19233E+02          0.00000E+00
         0.19243E+02          0.00000E+00
         0.19253E+02          0.00000E+00
         0.19263E+02          0.00000E+00
         0.19273E+02          0.00000E+00
         0.19283E+02          0.00000E+00
         0.19293E+02          0.00000E+00
         0.19303E+02          0.00000E+00
         0.19313E+02          0.00000E+00
         0.19323E+02          0.00000E+00
         0.19333E+02          0.00000E+00
         0.19343E+02          0.00000E+00
         0.19353E+02          0.00000E+00
         0.19363E+02          0.00000E+00
         0.19373E+02          0.00000E+00
         0.19383E+02          0.00000E+00
         0.19393E+02          0.00000E+00
         0.19403E+02          0.00000E+00
         0.19413E+02          0.00000E+00
         0.19423E+02          0.00000E+00
         0.19433E+02          0.00000E+00
         0.19443E+02          0.00000E+00
         0.19453E+02          0.00000E+00
         0.19463E+02          0.00000E+00
         0.19473E+02          0.00000E+00
         0.19483E+02          0.00000E+00
         0.19493E+02          0.00000E+00
         0.19503E+02          0.00000E+00
         0.19513E+02          0.00000E+00
         0.19523E+02          0.00000E+00
         0.19533E+02          0.00000E+00
         0.19543E+02          0.00000E+00
         0.19553E+02          0.00000E+00
         0.19563E+02          0.00000E+00
         0.19573E+02          0.00000E+00
         0.19583E+02          0.00000E+00
         0.19593E+02          0.00000E+00
         0.19603E+02          0.00000E+00
         0.19613E+02          0.00000E+00
         0.19623E+02          0.00000E+00
         0.19633E+02          0.00000E+00
         0.19643E+02          0.00000E+00
         0.19653E+02          0.00000E+00
         0.19663E+02          0.00000E+00
         0.19673E+02          0.00000E+00
         0.19683E+02          0.00000E+00
         0.19693E+02          0.00000E+00
         0.19703E+02          0.00000E+00
         0.19713E+02          0.00000E+00
         0.19723E+02          0.00000E+00
         0.19733E+02          0.00000E+00
         0.19743E+02          0.00000E+00
         0.19753E+02          0.00000E+00
         0.19763E+02          0.00000E+00
         0.19773E+02          0.00000E+00
         0.19783E+02          0.00000E+00
         0.19793E+02          0.00000E+00
         0.19803E+02          0.00000E+00
         0.19813E+02          0.00000E+00
         0.19823E+02          0.00000E+00
         0.19833E+02          0.00000E+00
         0.19843E+02          0.00000E+00
         0.19853E+02          0.00000E+00
         0.19863E+02          0.00000E+00
         0.19873E+02          0.00000E+00
         0.19883E+02          0.00000E+00
         0.19893E+02          0.00000E+00
         0.19903E+02          0.00000E+00
         0.19913E+02          0.00000E+00
         0.19923E+02          0.00000E+00
         0.19933E+02          0.00000E+00
         0.19943E+02          0.00000E+00
         0.19953E+02          0.00000E+00
         0.19963E+02          0.00000E+00
         0.19973E+02          0.00000E+00
         0.19983E+02          0.00000E+00
         0.19993E+02          0.00000E+00
         0.20003E+02          0.00000E+00
         0.20013E+02          0.00000E+00
         0.20023E+02          0.00000E+00
         0.20033E+02          0.00000E+00
         0.20043E+02          0.00000E+00
         0.20053E+02          0.00000E+00
         0.20063E+02          0.00000E+00
         0.20073E+02          0.00000E+00
         0.20083E+02          0.00000E+00
         0.20093E+02          0.00000E+00
         0.20103E+02          0.00000E+00
         0.20113E+02          0.00000E+00
         0.20123E+02          0.00000E+00
         0.20133E+02          0.00000E+00
         0.20143E+02          0.00000E+00
         0.20153E+02          0.00000E+00
         0.20163E+02          0.00000E+00
         0.20173E+02          0.00000E+00
         0.20183E+02          0.00000E+00
         0.20193E+02          0.00000E+00
         0.20203E+02          0.00000E+00
         0.20213E+02          0.00000E+00
         0.20223E+02          0.00000E+00
         0.20233E+02          0.00000E+00
         0.20243E+02          0.00000E+00
         0.20253E+02          0.00000E+00
         0.20263E+02          0.00000E+00
         0.20273E+02          0.00000E+00
         0.20283E+02          0.00000E+00
         0.20293E+02          0.00000E+00
         0.20303E+02          0.00000E+00
         0.20313E+02          0.00000E+00
         0.20323E+02          0.00000E+00
         0.20333E+02          0.00000E+00
         0.20343E+02          0.00000E+00
         0.20353E+02          0.00000E+00
         0.20363E+02          0.00000E+00
         0.20373E+02          0.00000E+00
         0.20383E+02          0.00000E+00
         0.20393E+02          0.00000E+00
         0.20403E+02          0.00000E+00
         0.20413E+02          0.00000E+00
         0.20423E+02          0.00000E+00
         0.20433E+02          0.00000E+00
         0.20443E+02          0.00000E+00
         0.20453E+02          0.00000E+00
         0.20463E+02          0.00000E+00
         0.20473E+02          0.00000E+00
         0.20483E+02          0.00000E+00
         0.20493E+02          0.00000E+00
         0.20503E+02          0.00000E+00
         0.20513E+02          0.00000E+00
         0.20523E+02          0.00000E+00
         0.20533E+02          0.00000E+00
         0.20543E+02          0.00000E+00
         0.20553E+02          0.00000E+00
         0.20563E+02          0.00000E+00
         0.20573E+02          0.00000E+00
         0.20583E+02          0.00000E+00
         0.20593E+02          0.00000E+00
         0.20603E+02          0.00000E+00
         0.20613E+02          0.00000E+00
         0.20623E+02          0.00000E+00
         0.20633E+02          0.00000E+00
         0.20643E+02          0.00000E+00
         0.20653E+02          0.00000E+00
         0.20663E+02          0.00000E+00
         0.20673E+02          0.00000E+00
         0.20683E+02          0.00000E+00
         0.20693E+02          0.00000E+00
         0.20703E+02          0.00000E+00
         0.20713E+02          0.00000E+00
         0.20723E+02          0.00000E+00
         0.20733E+02          0.00000E+00
         0.20743E+02          0.00000E+00
         0.20753E+02          0.00000E+00
         0.20763E+02          0.00000E+00
         0.20773E+02          0.00000E+00
         0.20783E+02          0.00000E+00
         0.20793E+02          0.00000E+00
         0.20803E+02          0.00000E+00
         0.20813E+02          0.00000E+00
         0.20823E+02          0.00000E+00
         0.20833E+02          0.00000E+00
         0.20843E+02          0.00000E+00
         0.20853E+02          0.00000E+00
         0.20863E+02          0.00000E+00
         0.20873E+02          0.00000E+00
         0.20883E+02          0.00000E+00
         0.20893E+02          0.00000E+00
         0.20903E+02          0.00000E+00
         0.20913E+02          0.00000E+00
         0.20923E+02          0.00000E+00
         0.20933E+02          0.00000E+00
         0.20943E+02          0.00000E+00
         0.20953E+02          0.00000E+00
         0.20963E+02          0.00000E+00
         0.20973E+02          0.00000E+00
         0.20983E+02          0.00000E+00
         0.20993E+02          0.00000E+00
         0.21003E+02          0.00000E+00
         0.21013E+02          0.00000E+00
         0.21023E+02          0.00000E+00
         0.21033E+02          0.00000E+00
         0.21043E+02          0.00000E+00
         0.21053E+02          0.00000E+00
         0.21063E+02          0.00000E+00
         0.21073E+02          0.00000E+00
         0.21083E+02          0.00000E+00
         0.21093E+02          0.00000E+00
         0.21103E+02          0.00000E+00
         0.21113E+02          0.00000E+00
         0.21123E+02          0.00000E+00
         0.21133E+02          0.00000E+00
         0.21143E+02          0.00000E+00
         0.21153E+02          0.00000E+00
         0.21163E+02          0.00000E+00
         0.21173E+02          0.00000E+00
         0.21183E+02          0.00000E+00
         0.21193E+02          0.00000E+00
         0.21203E+02          0.00000E+00
         0.21213E+02          0.00000E+00
         0.21223E+02          0.00000E+00
         0.21233E+02          0.00000E+00
         0.21243E+02          0.00000E+00
         0.21253E+02          0.00000E+00
         0.21263E+02          0.00000E+00
         0.21273E+02          0.00000E+00
         0.21283E+02          0.00000E+00
         0.21293E+02          0.00000E+00
         0.21303E+02          0.00000E+00
         0.21313E+02          0.00000E+00
         0.21323E+02          0.00000E+00
         0.21333E+02          0.00000E+00
         0.21343E+02          0.00000E+00
         0.21353E+02          0.00000E+00
         0.21363E+02          0.00000E+00
         0.21373E+02          0.00000E+00
         0.21383E+02          0.00000E+00
         0.21393E+02          0.00000E+00
         0.21403E+02          0.00000E+00
         0.21413E+02          0.00000E+00
         0.21423E+02          0.00000E+00
         0.21433E+02          0.00000E+00
         0.21443E+02          0.00000E+00
         0.21453E+02          0.00000E+00
         0.21463E+02          0.00000E+00
         0.21473E+02          0.00000E+00
         0.21483E+02          0.00000E+00
         0.21493E+02          0.00000E+00
         0.21503E+02          0.00000E+00
         0.21513E+02          0.00000E+00
         0.21523E+02          0.00000E+00
         0.21533E+02          0.00000E+00
         0.21543E+02          0.00000E+00
         0.21553E+02          0.00000E+00
         0.21563E+02          0.00000E+00
         0.21573E+02          0.00000E+00
         0.21583E+02          0.00000E+00
         0.21593E+02          0.00000E+00
         0.21603E+02          0.00000E+00
         0.21613E+02          0.00000E+00
         0.21623E+02          0.00000E+00
         0.21633E+02          0.00000E+00
         0.21643E+02          0.00000E+00
         0.21653E+02          0.00000E+00
         0.21663E+02          0.00000E+00
         0.21673E+02          0.00000E+00
         0.21683E+02          0.00000E+00
         0.21693E+02          0.00000E+00
         0.21703E+02          0.00000E+00
         0.21713E+02          0.00000E+00
         0.21723E+02          0.00000E+00
         0.21733E+02          0.00000E+00
         0.21743E+02          0.00000E+00
         0.21753E+02          0.00000E+00
         0.21763E+02          0.00000E+00
         0.21773E+02          0.00000E+00
         0.21783E+02          0.00000E+00
         0.21793E+02          0.00000E+00
         0.21803E+02          0.00000E+00
         0.21813E+02          0.00000E+00
         0.21823E+02          0.00000E+00
         0.21833E+02          0.00000E+00
         0.21843E+02          0.00000E+00
         0.21853E+02          0.00000E+00
         0.21863E+02          0.00000E+00
         0.21873E+02          0.00000E+00
         0.21883E+02          0.00000E+00
         0.21893E+02          0.00000E+00
         0.21903E+02          0.00000E+00
         0.21913E+02          0.00000E+00
         0.21923E+02          0.00000E+00
         0.21933E+02          0.00000E+00
         0.21943E+02          0.00000E+00
         0.21953E+02          0.00000E+00
         0.21963E+02          0.00000E+00
         0.21973E+02          0.00000E+00
         0.21983E+02          0.00000E+00
         0.21993E+02          0.00000E+00
         0.22003E+02          0.00000E+00
         0.22013E+02          0.00000E+00
         0.22023E+02          0.00000E+00
         0.22033E+02          0.00000E+00
         0.22043E+02          0.00000E+00
         0.22053E+02          0.00000E+00
         0.22063E+02          0.00000E+00
         0.22073E+02          0.00000E+00
         0.22083E+02          0.00000E+00
         0.22093E+02          0.00000E+00
         0.22103E+02          0.00000E+00
         0.22113E+02          0.00000E+00
         0.22123E+02          0.00000E+00
         0.22133E+02          0.00000E+00
         0.22143E+02          0.00000E+00
         0.22153E+02          0.00000E+00
         0.22163E+02          0.00000E+00
         0.22173E+02          0.00000E+00
         0.22183E+02          0.00000E+00
         0.22193E+02          0.00000E+00
         0.22203E+02          0.00000E+00
         0.22213E+02          0.00000E+00
         0.22223E+02          0.00000E+00
         0.22233E+02          0.00000E+00
         0.22243E+02          0.00000E+00
         0.22253E+02          0.00000E+00
         0.22263E+02          0.00000E+00
         0.22273E+02          0.00000E+00
         0.22283E+02          0.00000E+00
         0.22293E+02          0.00000E+00
         0.22303E+02          0.00000E+00
         0.22313E+02          0.00000E+00
         0.22323E+02          0.00000E+00
         0.22333E+02          0.00000E+00
         0.22343E+02          0.00000E+00
         0.22353E+02          0.00000E+00
         0.22363E+02          0.00000E+00
         0.22373E+02          0.00000E+00
         0.22383E+02          0.00000E+00
         0.22393E+02          0.00000E+00
         0.22403E+02          0.00000E+00
         0.22413E+02          0.00000E+00
         0.22423E+02          0.00000E+00
         0.22433E+02          0.00000E+00
         0.22443E+02          0.00000E+00
         0.22453E+02          0.00000E+00
         0.22463E+02          0.00000E+00
         0.22473E+02          0.00000E+00
         0.22483E+02          0.00000E+00
         0.22493E+02          0.00000E+00
         0.22503E+02          0.00000E+00
         0.22513E+02          0.00000E+00
         0.22523E+02          0.00000E+00
         0.22533E+02          0.00000E+00
         0.22543E+02          0.00000E+00
         0.22553E+02          0.00000E+00
         0.22563E+02          0.00000E+00
         0.22573E+02          0.00000E+00
         0.22583E+02          0.00000E+00
         0.22593E+02          0.00000E+00
         0.22603E+02          0.00000E+00
         0.22613E+02          0.00000E+00
         0.22623E+02          0.00000E+00
         0.22633E+02          0.00000E+00
         0.22643E+02          0.00000E+00
         0.22653E+02          0.00000E+00
         0.22663E+02          0.00000E+00
         0.22673E+02          0.00000E+00
         0.22683E+02          0.00000E+00
         0.22693E+02          0.00000E+00
         0.22703E+02          0.00000E+00
         0.22713E+02          0.00000E+00
         0.22723E+02          0.00000E+00
         0.22733E+02          0.00000E+00
         0.22743E+02          0.00000E+00
         0.22753E+02          0.00000E+00
         0.22763E+02          0.00000E+00
         0.22773E+02          0.00000E+00
         0.22783E+02          0.00000E+00
         0.22793E+02          0.00000E+00
         0.22803E+02          0.00000E+00
         0.22813E+02          0.00000E+00
         0.22823E+02          0.00000E+00
         0.22833E+02          0.00000E+00
         0.22843E+02          0.00000E+00
         0.22853E+02          0.00000E+00
         0.22863E+02          0.00000E+00
         0.22873E+02          0.00000E+00
         0.22883E+02          0.00000E+00
         0.22893E+02          0.00000E+00
         0.22903E+02          0.00000E+00
         0.22913E+02          0.00000E+00
         0.22923E+02          0.00000E+00
         0.22933E+02          0.00000E+00
         0.22943E+02          0.00000E+00
         0.22953E+02          0.00000E+00
         0.22963E+02          0.00000E+00
         0.22973E+02          0.00000E+00
         0.22983E+02          0.00000E+00
         0.22993E+02          0.00000E+00
         0.23003E+02          0.00000E+00
         0.23013E+02          0.00000E+00
         0.23023E+02          0.00000E+00
         0.23033E+02          0.00000E+00
         0.23043E+02          0.00000E+00
         0.23053E+02          0.00000E+00
         0.23063E+02          0.00000E+00
         0.23073E+02          0.00000E+00
         0.23083E+02          0.00000E+00
         0.23093E+02          0.00000E+00
         0.23103E+02          0.00000E+00
         0.23113E+02          0.00000E+00
         0.23123E+02          0.00000E+00
         0.23133E+02          0.00000E+00
         0.23143E+02          0.00000E+00
         0.23153E+02          0.00000E+00
         0.23163E+02          0.00000E+00
         0.23173E+02          0.00000E+00
         0.23183E+02          0.00000E+00
         0.23193E+02          0.00000E+00
         0.23203E+02          0.00000E+00
         0.23213E+02          0.00000E+00
         0.23223E+02          0.00000E+00
         0.23233E+02          0.00000E+00
         0.23243E+02          0.00000E+00
         0.23253E+02          0.00000E+00
         0.23263E+02          0.00000E+00
         0.23273E+02          0.00000E+00
         0.23283E+02          0.00000E+00
         0.23293E+02          0.00000E+00
         0.23303E+02          0.00000E+00
         0.23313E+02          0.00000E+00
         0.23323E+02          0.00000E+00
         0.23333E+02          0.00000E+00
         0.23343E+02          0.00000E+00
         0.23353E+02          0.00000E+00
         0.23363E+02          0.00000E+00
         0.23373E+02          0.00000E+00
         0.23383E+02          0.00000E+00
         0.23393E+02          0.00000E+00
         0.23403E+02          0.00000E+00
         0.23413E+02          0.00000E+00
         0.23423E+02          0.00000E+00
         0.23433E+02          0.00000E+00
         0.23443E+02          0.00000E+00
         0.23453E+02          0.00000E+00
         0.23463E+02          0.00000E+00
         0.23473E+02          0.00000E+00
         0.23483E+02          0.00000E+00
         0.23493E+02          0.00000E+00
         0.23503E+02          0.00000E+00
         0.23513E+02          0.00000E+00
         0.23523E+02          0.00000E+00
         0.23533E+02          0.00000E+00
         0.23543E+02          0.00000E+00
         0.23553E+02          0.00000E+00
         0.23563E+02          0.00000E+00
         0.23573E+02          0.00000E+00
         0.23583E+02          0.00000E+00
         0.23593E+02          0.00000E+00
         0.23603E+02          0.00000E+00
         0.23613E+02          0.00000E+00
         0.23623E+02          0.00000E+00
         0.23633E+02          0.00000E+00
         0.23643E+02          0.00000E+00
         0.23653E+02          0.00000E+00
         0.23663E+02          0.00000E+00
         0.23673E+02          0.00000E+00
         0.23683E+02          0.00000E+00
         0.23693E+02          0.00000E+00
         0.23703E+02          0.00000E+00
         0.23713E+02          0.00000E+00
         0.23723E+02          0.00000E+00
         0.23733E+02          0.00000E+00
         0.23743E+02          0.00000E+00
         0.23753E+02          0.00000E+00
         0.23763E+02          0.00000E+00
         0.23773E+02          0.00000E+00
         0.23783E+02          0.00000E+00
         0.23793E+02          0.00000E+00
         0.23803E+02          0.00000E+00
         0.23813E+02          0.00000E+00
         0.23823E+02          0.00000E+00
         0.23833E+02          0.00000E+00
         0.23843E+02          0.00000E+00
         0.23853E+02          0.00000E+00
         0.23863E+02          0.00000E+00
         0.23873E+02          0.00000E+00
         0.23883E+02          0.00000E+00
         0.23893E+02          0.00000E+00
         0.23903E+02          0.00000E+00
         0.23913E+02          0.00000E+00
         0.23923E+02          0.00000E+00
         0.23933E+02          0.00000E+00
         0.23943E+02          0.00000E+00
         0.23953E+02          0.00000E+00
         0.23963E+02          0.00000E+00
         0.23973E+02          0.00000E+00
         0.23983E+02          0.00000E+00
         0.23993E+02          0.00000E+00
         0.24003E+02          0.00000E+00
         0.24013E+02          0.00000E+00
         0.24023E+02          0.00000E+00
         0.24033E+02          0.00000E+00
         0.24043E+02          0.00000E+00
         0.24053E+02          0.00000E+00
         0.24063E+02          0.00000E+00
         0.24073E+02          0.00000E+00
         0.24083E+02          0.00000E+00
         0.24093E+02          0.00000E+00
         0.24103E+02          0.00000E+00
         0.24113E+02          0.00000E+00
         0.24123E+02          0.00000E+00
         0.24133E+02          0.00000E+00
         0.24143E+02          0.00000E+00
         0.24153E+02          0.00000E+00
         0.24163E+02          0.00000E+00
         0.24173E+02          0.00000E+00
         0.24183E+02          0.00000E+00
         0.24193E+02          0.00000E+00
         0.24203E+02          0.00000E+00
         0.24213E+02          0.00000E+00
         0.24223E+02          0.00000E+00
         0.24233E+02          0.00000E+00
         0.24243E+02          0.00000E+00
         0.24253E+02          0.00000E+00
         0.24263E+02          0.00000E+00
         0.24273E+02          0.00000E+00
         0.24283E+02          0.00000E+00
         0.24293E+02          0.00000E+00
         0.24303E+02          0.00000E+00
         0.24313E+02          0.00000E+00
         0.24323E+02          0.00000E+00
         0.24333E+02          0.00000E+00
         0.24343E+02          0.00000E+00
         0.24353E+02          0.00000E+00
         0.24363E+02          0.00000E+00
         0.24373E+02          0.00000E+00
         0.24383E+02          0.00000E+00
         0.24393E+02          0.00000E+00
         0.24403E+02          0.00000E+00
         0.24413E+02          0.00000E+00
         0.24423E+02          0.00000E+00
         0.24433E+02          0.00000E+00
         0.24443E+02          0.00000E+00
         0.24453E+02          0.00000E+00
         0.24463E+02          0.00000E+00
         0.24473E+02          0.00000E+00
         0.24483E+02          0.00000E+00
         0.24493E+02          0.00000E+00
         0.24503E+02          0.00000E+00
         0.24513E+02          0.00000E+00
         0.24523E+02          0.00000E+00
         0.24533E+02          0.00000E+00
         0.24543E+02          0.00000E+00
         0.24553E+02          0.00000E+00
         0.24563E+02          0.00000E+00
         0.24573E+02          0.00000E+00
         0.24583E+02          0.00000E+00
         0.24593E+02          0.00000E+00
         0.24603E+02          0.00000E+00
         0.24613E+02          0.00000E+00
         0.24623E+02          0.00000E+00
         0.24633E+02          0.00000E+00
         0.24643E+02          0.00000E+00
         0.24653E+02          0.00000E+00
         0.24663E+02          0.00000E+00
         0.24673E+02          0.00000E+00
         0.24683E+02          0.00000E+00
         0.24693E+02          0.00000E+00
         0.24703E+02          0.00000E+00
         0.24713E+02          0.00000E+00
         0.24723E+02          0.00000E+00
         0.24733E+02          0.00000E+00
         0.24743E+02          0.00000E+00
         0.24753E+02          0.00000E+00
         0.24763E+02          0.00000E+00
         0.24773E+02          0.00000E+00
         0.24783E+02          0.00000E+00
         0.24793E+02          0.00000E+00
         0.24803E+02          0.00000E+00
         0.24813E+02          0.00000E+00
         0.24823E+02          0.00000E+00
         0.24833E+02          0.00000E+00
         0.24843E+02          0.00000E+00
         0.24853E+02          0.00000E+00
         0.24863E+02          0.00000E+00
         0.24873E+02          0.00000E+00
         0.24883E+02          0.00000E+00
         0.24893E+02          0.00000E+00
         0.24903E+02          0.00000E+00
         0.24913E+02          0.00000E+00
         0.24923E+02          0.00000E+00
         0.24933E+02          0.00000E+00
         0.24943E+02          0.00000E+00
         0.24953E+02          0.00000E+00
         0.24963E+02          0.00000E+00
         0.24973E+02          0.00000E+00
         0.24983E+02          0.00000E+00
         0.24993E+02          0.00000E+00
         0.25003E+02          0.00000E+00
         0.25013E+02          0.00000E+00
         0.25023E+02          0.00000E+00
         0.25033E+02          0.00000E+00
         0.25043E+02          0.00000E+00
         0.25053E+02          0.00000E+00
         0.25063E+02          0.00000E+00
         0.25073E+02          0.00000E+00
         0.25083E+02          0.00000E+00
         0.25093E+02          0.00000E+00
         0.25103E+02          0.00000E+00
         0.25113E+02          0.00000E+00
         0.25123E+02          0.00000E+00
         0.25133E+02          0.00000E+00
         0.25143E+02          0.00000E+00
         0.25153E+02          0.00000E+00
         0.25163E+02          0.00000E+00
         0.25173E+02          0.00000E+00
         0.25183E+02          0.00000E+00
         0.25193E+02          0.00000E+00
         0.25203E+02          0.00000E+00
         0.25213E+02          0.00000E+00
         0.25223E+02          0.00000E+00
         0.25233E+02          0.00000E+00
         0.25243E+02          0.00000E+00
         0.25253E+02          0.00000E+00
         0.25263E+02          0.00000E+00
         0.25273E+02          0.00000E+00
         0.25283E+02          0.00000E+00
         0.25293E+02          0.00000E+00
         0.25303E+02          0.00000E+00
         0.25313E+02          0.00000E+00
         0.25323E+02          0.00000E+00
         0.25333E+02          0.00000E+00
         0.25343E+02          0.00000E+00
         0.25353E+02          0.00000E+00
         0.25363E+02          0.00000E+00
         0.25373E+02          0.00000E+00
         0.25383E+02          0.00000E+00
         0.25393E+02          0.00000E+00
         0.25403E+02          0.00000E+00
         0.25413E+02          0.00000E+00
         0.25423E+02          0.00000E+00
         0.25433E+02          0.00000E+00
         0.25443E+02          0.00000E+00
         0.25453E+02          0.00000E+00
         0.25463E+02          0.00000E+00
         0.25473E+02          0.00000E+00
         0.25483E+02          0.00000E+00
         0.25493E+02          0.00000E+00
         0.25503E+02          0.00000E+00
         0.25513E+02          0.00000E+00
         0.25523E+02          0.00000E+00
         0.25533E+02          0.00000E+00
         0.25543E+02          0.00000E+00
         0.25553E+02          0.00000E+00
         0.25563E+02          0.00000E+00
         0.25573E+02          0.00000E+00
         0.25583E+02          0.00000E+00
         0.25593E+02          0.00000E+00
         0.25603E+02          0.00000E+00
         0.25613E+02          0.00000E+00
         0.25623E+02          0.00000E+00
         0.25633E+02          0.00000E+00
         0.25643E+02          0.00000E+00
         0.25653E+02          0.00000E+00
         0.25663E+02          0.00000E+00
         0.25673E+02          0.00000E+00
         0.25683E+02          0.00000E+00
         0.25693E+02          0.00000E+00
         0.25703E+02          0.00000E+00
         0.25713E+02          0.00000E+00
         0.25723E+02          0.00000E+00
         0.25733E+02          0.00000E+00
         0.25743E+02          0.00000E+00
         0.25753E+02          0.00000E+00
         0.25763E+02          0.00000E+00
         0.25773E+02          0.00000E+00
         0.25783E+02          0.00000E+00
         0.25793E+02          0.00000E+00
         0.25803E+02          0.00000E+00
         0.25813E+02          0.00000E+00
         0.25823E+02          0.00000E+00
         0.25833E+02          0.00000E+00
         0.25843E+02          0.00000E+00
         0.25853E+02          0.00000E+00
         0.25863E+02          0.00000E+00
         0.25873E+02          0.00000E+00
         0.25883E+02          0.00000E+00
         0.25893E+02          0.00000E+00
         0.25903E+02          0.00000E+00
         0.25913E+02          0.00000E+00
         0.25923E+02          0.00000E+00
         0.25933E+02          0.00000E+00
         0.25943E+02          0.00000E+00
         0.25953E+02          0.00000E+00
         0.25963E+02          0.00000E+00
         0.25973E+02          0.00000E+00
         0.25983E+02          0.00000E+00
         0.25993E+02          0.00000E+00
         0.26003E+02          0.00000E+00
         0.26013E+02          0.00000E+00
         0.26023E+02          0.00000E+00
         0.26033E+02          0.00000E+00
         0.26043E+02          0.00000E+00
         0.26053E+02          0.00000E+00
         0.26063E+02          0.00000E+00
         0.26073E+02          0.00000E+00
         0.26083E+02          0.00000E+00
         0.26093E+02          0.00000E+00
         0.26103E+02          0.00000E+00
         0.26113E+02          0.00000E+00
         0.26123E+02          0.00000E+00
         0.26133E+02          0.00000E+00
         0.26143E+02          0.00000E+00
         0.26153E+02          0.00000E+00
         0.26163E+02          0.00000E+00
         0.26173E+02          0.00000E+00
         0.26183E+02          0.00000E+00
         0.26193E+02          0.00000E+00
         0.26203E+02          0.00000E+00
         0.26213E+02          0.00000E+00
         0.26223E+02          0.00000E+00
         0.26233E+02          0.00000E+00
         0.26243E+02          0.00000E+00
         0.26253E+02          0.00000E+00
         0.26263E+02          0.00000E+00
         0.26273E+02          0.00000E+00
         0.26283E+02          0.00000E+00
         0.26293E+02          0.00000E+00
         0.26303E+02          0.00000E+00
         0.26313E+02          0.00000E+00
         0.26323E+02          0.00000E+00
         0.26333E+02          0.00000E+00
         0.26343E+02          0.00000E+00
         0.26353E+02          0.00000E+00
         0.26363E+02          0.00000E+00
         0.26373E+02          0.00000E+00
         0.26383E+02          0.00000E+00
         0.26393E+02          0.00000E+00
         0.26403E+02          0.00000E+00
         0.26413E+02          0.00000E+00
         0.26423E+02          0.00000E+00
         0.26433E+02          0.00000E+00
         0.26443E+02          0.00000E+00
         0.26453E+02          0.00000E+00
         0.26463E+02          0.00000E+00
         0.26473E+02          0.00000E+00
         0.26483E+02          0.00000E+00
         0.26493E+02          0.00000E+00
         0.26503E+02          0.00000E+00
         0.26513E+02          0.00000E+00
         0.26523E+02          0.00000E+00
         0.26533E+02          0.00000E+00
         0.26543E+02          0.00000E+00
         0.26553E+02          0.00000E+00
         0.26563E+02          0.00000E+00
         0.26573E+02          0.00000E+00
         0.26583E+02          0.00000E+00
         0.26593E+02          0.00000E+00
         0.26603E+02          0.00000E+00
         0.26613E+02          0.00000E+00
         0.26623E+02          0.00000E+00
         0.26633E+02          0.00000E+00
         0.26643E+02          0.00000E+00
         0.26653E+02          0.00000E+00
         0.26663E+02          0.00000E+00
         0.26673E+02          0.00000E+00
         0.26683E+02          0.00000E+00
         0.26693E+02          0.00000E+00
         0.26703E+02          0.00000E+00
         0.26713E+02          0.00000E+00
         0.26723E+02          0.00000E+00
         0.26733E+02          0.00000E+00
         0.26743E+02          0.00000E+00
         0.26753E+02          0.00000E+00
         0.26763E+02          0.00000E+00
         0.26773E+02          0.00000E+00
         0.26783E+02          0.00000E+00
         0.26793E+02          0.00000E+00
         0.26803E+02          0.00000E+00
         0.26813E+02          0.00000E+00
         0.26823E+02          0.00000E+00
         0.26833E+02          0.00000E+00
         0.26843E+02          0.00000E+00
         0.26853E+02          0.00000E+00
         0.26863E+02          0.00000E+00
         0.26873E+02          0.00000E+00
         0.26883E+02          0.00000E+00
         0.26893E+02          0.00000E+00
         0.26903E+02          0.00000E+00
         0.26913E+02          0.00000E+00
         0.26923E+02          0.00000E+00
         0.26933E+02          0.00000E+00
         0.26943E+02          0.00000E+00
         0.26953E+02          0.00000E+00
         0.26963E+02          0.00000E+00
         0.26973E+02          0.00000E+00
         0.26983E+02          0.00000E+00
         0.26993E+02          0.00000E+00
         0.27003E+02          0.00000E+00
         0.27013E+02          0.00000E+00
         0.27023E+02          0.00000E+00
         0.27033E+02          0.00000E+00
         0.27043E+02          0.00000E+00
         0.27053E+02          0.00000E+00
         0.27063E+02          0.00000E+00
         0.27073E+02          0.00000E+00
         0.27083E+02          0.00000E+00
         0.27093E+02          0.00000E+00
         0.27103E+02          0.00000E+00
         0.27113E+02          0.00000E+00
         0.27123E+02          0.00000E+00
         0.27133E+02          0.00000E+00
         0.27143E+02          0.00000E+00
         0.27153E+02          0.00000E+00
         0.27163E+02          0.00000E+00
         0.27173E+02          0.00000E+00
         0.27183E+02          0.00000E+00
         0.27193E+02          0.00000E+00
         0.27203E+02          0.00000E+00
         0.27213E+02          0.00000E+00
         0.27223E+02          0.00000E+00
         0.27233E+02          0.00000E+00
         0.27243E+02          0.00000E+00
         0.27253E+02          0.00000E+00
         0.27263E+02          0.00000E+00
         0.27273E+02          0.00000E+00
         0.27283E+02          0.00000E+00
         0.27293E+02          0.00000E+00
         0.27303E+02          0.00000E+00
         0.27313E+02          0.00000E+00
         0.27323E+02          0.00000E+00
         0.27333E+02          0.00000E+00
         0.27343E+02          0.00000E+00
         0.27353E+02          0.00000E+00
         0.27363E+02          0.00000E+00
         0.27373E+02          0.00000E+00
         0.27383E+02          0.00000E+00
         0.27393E+02          0.00000E+00
         0.27403E+02          0.00000E+00
         0.27413E+02          0.00000E+00
         0.27423E+02          0.00000E+00
         0.27433E+02          0.19866E-01
         0.27443E+02          0.20103E-01
         0.27453E+02          0.21475E-02
         0.27463E+02          0.16909E-01
         0.27473E+02          0.17768E-01
         0.27483E+02          0.15044E-01
         0.27493E+02          0.15592E-01
         0.27503E+02          0.15297E-01
         0.27513E+02          0.16226E-01
         0.27523E+02          0.14713E-01
         0.27533E+02          0.14069E-01
         0.27543E+02          0.13913E-01
         0.27553E+02          0.14009E-01
         0.27563E+02          0.13492E-01
         0.27573E+02          0.14444E-01
         0.27583E+02          0.13181E-01
         0.27593E+02          0.13008E-01
         0.27603E+02          0.12642E-01
         0.27613E+02          0.11808E-01
         0.27623E+02          0.11167E-01
         0.27633E+02          0.10564E-01
         0.27643E+02          0.88219E-02
         0.27653E+02          0.71841E-02
         0.27663E+02          0.23246E-01
         0.27673E+02          0.25534E-01
         0.27683E+02          0.20352E-01
         0.27693E+02          0.18061E-01
         0.27703E+02          0.16816E-01
         0.27713E+02          0.16020E-01
         0.27723E+02          0.15447E-01
         0.27733E+02          0.14996E-01
         0.27743E+02          0.14614E-01
         0.27753E+02          0.14264E-01
         0.27763E+02          0.13917E-01
         0.27773E+02          0.13536E-01
         0.27783E+02          0.13066E-01
         0.27793E+02          0.12417E-01
         0.27803E+02          0.10946E-01
         0.27813E+02          0.91182E-02
         0.27823E+02          0.21716E-01
         0.27833E+02          0.17849E-01
         0.27843E+02          0.16837E-01
         0.27853E+02          0.16928E-01
         0.27863E+02          0.18658E-01
         0.27873E+02          0.24156E-01
         0.27883E+02          0.24138E-01
         0.27893E+02          0.35817E-01
         0.27903E+02          0.28269E-01
         0.27913E+02          0.98121E-01
         0.27923E+02          0.18607E-01
         0.27933E+02          0.14489E-01
         0.27943E+02          0.13087E-01
         0.27953E+02          0.11945E-01
         0.27963E+02          0.10051E-01
         0.27973E+02          0.42510E-01
         0.27983E+02          0.16592E-01
         0.27993E+02          0.13872E-01
         0.28003E+02          0.12085E-01
         0.28013E+02          0.80110E-02
         0.28023E+02          0.16141E-01
         0.28033E+02          0.13205E-01
         0.28043E+02          0.84874E-02
         0.28053E+02          0.15192E-01
         0.28063E+02          0.11650E-01
         0.28073E+02          0.15691E-01
         0.28083E+02          0.10125E-01
         0.28093E+02          0.13433E-01
         0.28103E+02          0.14625E-01
         0.28113E+02          0.14532E-01
         0.28123E+02          0.12644E-01
         0.28133E+02          0.14730E-01
         0.28143E+02          0.11914E-01
         0.28153E+02          0.84747E-02
         0.28163E+02          0.85144E-02
         0.28173E+02          0.16280E-01
         0.28183E+02          0.12781E-01
         0.28193E+02          0.12781E-01
         0.28203E+02          0.12781E-01
         0.28213E+02          0.12779E-01
         0.28223E+02          0.12775E-01
         0.28233E+02          0.12753E-01
         0.28243E+02          0.13449E-01
         0.28253E+02          0.12783E-01
         0.28263E+02          0.12795E-01
         0.28273E+02          0.12796E-01
         0.28283E+02          0.12797E-01
         0.28293E+02          0.12798E-01
         0.28303E+02          0.12799E-01
         0.28313E+02          0.12802E-01
         0.28323E+02          0.12809E-01
         0.28333E+02          0.12823E-01
         0.28343E+02          0.12859E-01
         0.28353E+02          0.12968E-01
         0.28363E+02          0.13430E-01
         0.28373E+02          0.16541E-01
         0.28383E+02          0.16345E-01
         0.28393E+02          0.13798E-01
         0.28403E+02          0.13509E-01
         0.28413E+02          0.13266E-01
         0.28423E+02          0.13151E-01
         0.28433E+02          0.13089E-01
         0.28443E+02          0.13052E-01
         0.28453E+02          0.13027E-01
         0.28463E+02          0.13010E-01
         0.28473E+02          0.12999E-01
         0.28483E+02          0.12990E-01
         0.28493E+02          0.12983E-01
         0.28503E+02          0.12978E-01
         0.28513E+02          0.12973E-01
         0.28523E+02          0.12969E-01
         0.28533E+02          0.12962E-01
         0.28543E+02          0.12936E-01
         0.28553E+02          0.12847E-01
         0.28563E+02          0.12959E-01
         0.28573E+02          0.12957E-01
         0.28583E+02          0.12955E-01
         0.28593E+02          0.12959E-01
         0.28603E+02          0.13002E-01
         0.28613E+02          0.13521E-01
         0.28623E+02          0.16344E-01
         0.28633E+02          0.13908E-01
         0.28643E+02          0.13367E-01
         0.28653E+02          0.13228E-01
         0.28663E+02          0.13169E-01
         0.28673E+02          0.13138E-01
         0.28683E+02          0.13118E-01
         0.28693E+02          0.13103E-01
         0.28703E+02          0.13089E-01
         0.28713E+02          0.13038E-01
         0.28723E+02          0.13067E-01
         0.28733E+02          0.13061E-01
         0.28743E+02          0.13060E-01
         0.28753E+02          0.13461E-01
         0.28763E+02          0.15481E-01
         0.28773E+02          0.13429E-01
         0.28783E+02          0.13271E-01
         0.28793E+02          0.13216E-01
         0.28803E+02          0.13185E-01
         0.28813E+02          0.13147E-01
         0.28823E+02          0.13140E-01
         0.28833E+02          0.13125E-01
         0.28843E+02          0.18055E-01
         0.28853E+02          0.13501E-01
         0.28863E+02          0.13300E-01
         0.28873E+02          0.13242E-01
         0.28883E+02          0.13157E-01
         0.28893E+02          0.13173E-01
         0.28903E+02          0.14359E-01
         0.28913E+02          0.13348E-01
         0.28923E+02          0.13263E-01
         0.28933E+02          0.13209E-01
         0.28943E+02          0.13711E-01
         0.28953E+02          0.13321E-01
         0.28963E+02          0.13236E-01
         0.28973E+02          0.13464E-01
         0.28983E+02          0.13277E-01
         0.28993E+02          0.13485E-01
         0.29003E+02          0.13266E-01
         0.29013E+02          0.13335E-01
         0.29023E+02          0.13387E-01
         0.29033E+02          0.13369E-01
         0.29043E+02          0.13361E-01
         0.29053E+02          0.13324E-01
         0.29063E+02          0.13415E-01
         0.29073E+02          0.13451E-01
         0.29083E+02          0.13439E-01
         0.29093E+02          0.13439E-01
         0.29103E+02          0.12833E-01
         0.29113E+02          0.12844E-01
         0.29123E+02          0.12855E-01
         0.29133E+02          0.12866E-01
         0.29143E+02          0.12877E-01
         0.29153E+02          0.12888E-01
         0.29163E+02          0.12899E-01
         0.29173E+02          0.12911E-01
         0.29183E+02          0.12922E-01
         0.29193E+02          0.12933E-01
         0.29203E+02          0.12945E-01
         0.29213E+02          0.12956E-01
         0.29223E+02          0.12968E-01
         0.29233E+02          0.12980E-01
         0.29243E+02          0.12991E-01
         0.29253E+02          0.13003E-01
         0.29263E+02          0.13015E-01
         0.29273E+02          0.13027E-01
         0.29283E+02          0.13039E-01
         0.29293E+02          0.13051E-01
         0.29303E+02          0.13063E-01
         0.29313E+02          0.13076E-01
         0.29323E+02          0.13088E-01
         0.29333E+02          0.13100E-01
         0.29343E+02          0.13113E-01
         0.29353E+02          0.13125E-01
         0.29363E+02          0.13138E-01
         0.29373E+02          0.13151E-01
         0.29383E+02          0.13163E-01
         0.29393E+02          0.13176E-01
         0.29403E+02          0.13189E-01
         0.29413E+02          0.13202E-01
         0.29423E+02          0.13215E-01
         0.29433E+02          0.13228E-01
         0.29443E+02          0.13241E-01
         0.29453E+02          0.13254E-01
         0.29463E+02          0.13268E-01
         0.29473E+02          0.13281E-01
         0.29483E+02          0.13294E-01
         0.29493E+02          0.13308E-01
         0.29503E+02          0.13321E-01
         0.29513E+02          0.13335E-01
         0.29523E+02          0.13349E-01
         0.29533E+02          0.13363E-01
         0.29543E+02          0.13376E-01
         0.29553E+02          0.13390E-01
         0.29563E+02          0.13404E-01
         0.29573E+02          0.13418E-01
         0.29583E+02          0.13433E-01
         0.29593E+02          0.13447E-01
         0.29603E+02          0.13461E-01
         0.29613E+02          0.13475E-01
         0.29623E+02          0.13490E-01
         0.29633E+02          0.13504E-01
         0.29643E+02          0.13519E-01
         0.29653E+02          0.13533E-01
         0.29663E+02          0.13548E-01
         0.29673E+02          0.13563E-01
         0.29683E+02          0.13578E-01
         0.29693E+02          0.13593E-01
         0.29703E+02          0.13608E-01
         0.29713E+02          0.13623E-01
         0.29723E+02          0.13638E-01
         0.29733E+02          0.13653E-01
         0.29743E+02          0.13668E-01
         0.29753E+02          0.13684E-01
         0.29763E+02          0.13699E-01
         0.29773E+02          0.13714E-01
         0.29783E+02          0.13730E-01
         0.29793E+02          0.13746E-01
         0.29803E+02          0.13761E-01
         0.29813E+02          0.13777E-01
         0.29823E+02          0.13793E-01
         0.29833E+02          0.13809E-01
         0.29843E+02          0.13824E-01
         0.29853E+02          0.13840E-01
         0.29863E+02          0.13857E-01
         0.29873E+02          0.13873E-01
         0.29883E+02          0.13889E-01
         0.29893E+02          0.13905E-01
         0.29903E+02          0.13921E-01
         0.29913E+02          0.13938E-01
         0.29923E+02          0.13954E-01
         0.29933E+02          0.13971E-01
         0.29943E+02          0.13987E-01
         0.29953E+02          0.14004E-01
         0.29963E+02          0.14021E-01
         0.29973E+02          0.14037E-01
         0.29983E+02          0.14054E-01
         0.29993E+02          0.14071E-01
         0.30003E+02          0.14088E-01
         0.30013E+02          0.14105E-01
         0.30023E+02          0.14122E-01
         0.30033E+02          0.14139E-01
         0.30043E+02          0.14156E-01
         0.30053E+02          0.14174E-01
         0.30063E+02          0.14191E-01
         0.30073E+02          0.14208E-01
         0.30083E+02          0.14226E-01
         0.30093E+02          0.14243E-01
         0.30103E+02          0.14261E-01
         0.30113E+02          0.14278E-01
         0.30123E+02          0.14296E-01
         0.30133E+02          0.14314E-01
         0.30143E+02          0.14331E-01
         0.30153E+02          0.14349E-01
         0.30163E+02          0.14367E-01
         0.30173E+02          0.14385E-01
         0.30183E+02          0.14403E-01
         0.30193E+02          0.14421E-01
         0.30203E+02          0.14439E-01
         0.30213E+02          0.14457E-01
         0.30223E+02          0.14475E-01
         0.30233E+02          0.14493E-01
         0.30243E+02          0.14511E-01
         0.30253E+02          0.14530E-01
         0.30263E+02          0.14548E-01
         0.30273E+02          0.14566E-01
         0.30283E+02          0.14585E-01
         0.30293E+02          0.14603E-01
         0.30303E+02          0.14621E-01
         0.30313E+02          0.14640E-01
         0.30323E+02          0.14658E-01
         0.30333E+02          0.14677E-01
         0.30343E+02          0.14696E-01
         0.30353E+02          0.14714E-01
         0.30363E+02          0.14733E-01
         0.30373E+02          0.14751E-01
         0.30383E+02          0.14770E-01
         0.30393E+02          0.14789E-01
         0.30403E+02          0.14808E-01
         0.30413E+02          0.14826E-01
         0.30423E+02          0.14845E-01
         0.30433E+02          0.14864E-01
         0.30443E+02          0.14883E-01
         0.30453E+02          0.14902E-01
         0.30463E+02          0.14920E-01
         0.30473E+02          0.14939E-01
         0.30483E+02          0.14958E-01
         0.30493E+02          0.14977E-01
         0.30503E+02          0.14996E-01
         0.30513E+02          0.15015E-01
         0.30523E+02          0.15034E-01
         0.30533E+02          0.15052E-01
         0.30543E+02          0.15071E-01
         0.30553E+02          0.15090E-01
         0.30563E+02          0.15109E-01
         0.30573E+02          0.15127E-01
         0.30583E+02          0.15146E-01
         0.30593E+02          0.15165E-01
         0.30603E+02          0.15183E-01
         0.30613E+02          0.15202E-01
         0.30623E+02          0.15221E-01
         0.30633E+02          0.15239E-01
         0.30643E+02          0.15257E-01
         0.30653E+02          0.15276E-01
         0.30663E+02          0.15294E-01
         0.30673E+02          0.15312E-01
         0.30683E+02          0.15330E-01
         0.30693E+02          0.15348E-01
         0.30703E+02          0.15366E-01
         0.30713E+02          0.15384E-01
         0.30723E+02          0.15401E-01
         0.30733E+02          0.15418E-01
         0.30743E+02          0.15436E-01
         0.30753E+02          0.15453E-01
         0.30763E+02          0.15469E-01
         0.30773E+02          0.15486E-01
         0.30783E+02          0.15502E-01
         0.30793E+02          0.15518E-01
         0.30803E+02          0.15534E-01
         0.30813E+02          0.15549E-01
         0.30823E+02          0.15564E-01
         0.30833E+02          0.15578E-01
         0.30843E+02          0.15592E-01
         0.30853E+02          0.15606E-01
         0.30863E+02          0.15619E-01
         0.30873E+02          0.15631E-01
         0.30883E+02          0.15643E-01
         0.30893E+02          0.15654E-01
         0.30903E+02          0.15664E-01
         0.30913E+02          0.15674E-01
         0.30923E+02          0.15683E-01
         0.30933E+02          0.15691E-01
         0.30943E+02          0.15700E-01
         0.30953E+02          0.15710E-01
         0.30963E+02          0.15724E-01
         0.30973E+02          0.15752E-01
         0.30983E+02          0.15822E-01
         0.30993E+02          0.15952E-01
         0.31003E+02          0.15831E-01
         0.31013E+02          0.15740E-01
         0.31023E+02          0.15764E-01
         0.31033E+02          0.15904E-01
         0.31043E+02          0.16346E-01
         0.31053E+02          0.17935E-01
         0.31063E+02          0.26723E-01
         0.31073E+02          0.87868E-01
         0.31083E+02          0.37218E-01
         0.31093E+02          0.24097E-01
         0.31103E+02          0.20654E-01
         0.31113E+02          0.19247E-01
         0.31123E+02          0.18524E-01
         0.31133E+02          0.18100E-01
         0.31143E+02          0.17828E-01
         0.31153E+02          0.17645E-01
         0.31163E+02          0.17516E-01
         0.31173E+02          0.17423E-01
         0.31183E+02          0.17355E-01
         0.31193E+02          0.17306E-01
         0.31203E+02          0.17269E-01
         0.31213E+02          0.17243E-01
         0.31223E+02          0.17225E-01
         0.31233E+02          0.17213E-01
         0.31243E+02          0.17207E-01
         0.31253E+02          0.17205E-01
         0.31263E+02          0.17206E-01
         0.31273E+02          0.17211E-01
         0.31283E+02          0.17218E-01
         0.31293E+02          0.17227E-01
         0.31303E+02          0.17239E-01
         0.31313E+02          0.17253E-01
         0.31323E+02          0.17269E-01
         0.31333E+02          0.17286E-01
         0.31343E+02          0.17305E-01
         0.31353E+02          0.17325E-01
         0.31363E+02          0.17347E-01
         0.31373E+02          0.17370E-01
         0.31383E+02          0.17395E-01
         0.31393E+02          0.17422E-01
         0.31403E+02          0.17450E-01
         0.31413E+02          0.17480E-01
         0.31423E+02          0.17511E-01
         0.31433E+02          0.17545E-01
         0.31443E+02          0.17580E-01
         0.31453E+02          0.17618E-01
         0.31463E+02          0.17658E-01
         0.31473E+02          0.17700E-01
         0.31483E+02          0.17746E-01
         0.31493E+02          0.17794E-01
         0.31503E+02          0.17846E-01
         0.31513E+02          0.17901E-01
         0.31523E+02          0.17961E-01
         0.31533E+02          0.18026E-01
         0.31543E+02          0.18095E-01
         0.31553E+02          0.18171E-01
         0.31563E+02          0.18253E-01
         0.31573E+02          0.18342E-01
         0.31583E+02          0.18439E-01
         0.31593E+02          0.18545E-01
         0.31603E+02          0.18661E-01
         0.31613E+02          0.18789E-01
         0.31623E+02          0.18929E-01
         0.31633E+02          0.19083E-01
         0.31643E+02          0.19253E-01
         0.31653E+02          0.19439E-01
         0.31663E+02          0.19643E-01
         0.31673E+02          0.19866E-01
         0.31683E+02          0.20110E-01
         0.31693E+02          0.20375E-01
         0.31703E+02          0.20660E-01
         0.31713E+02          0.20964E-01
         0.31723E+02          0.21285E-01
         0.31733E+02          0.21619E-01
         0.31743E+02          0.21960E-01
         0.31753E+02          0.22299E-01
         0.31763E+02          0.22628E-01
         0.31773E+02          0.22935E-01
         0.31783E+02          0.23209E-01
         0.31793E+02          0.23439E-01
         0.31803E+02          0.23615E-01
         0.31813E+02          0.23733E-01
         0.31823E+02          0.23789E-01
         0.31833E+02          0.23785E-01
         0.31843E+02          0.23725E-01
         0.31853E+02          0.23616E-01
         0.31863E+02          0.23467E-01
         0.31873E+02          0.23288E-01
         0.31883E+02          0.23086E-01
         0.31893E+02          0.22870E-01
         0.31903E+02          0.22646E-01
         0.31913E+02          0.22421E-01
         0.31923E+02          0.22197E-01
         0.31933E+02          0.21979E-01
         0.31943E+02          0.21768E-01
         0.31953E+02          0.21566E-01
         0.31963E+02          0.21373E-01
         0.31973E+02          0.21190E-01
         0.31983E+02          0.21016E-01
         0.31993E+02          0.20852E-01
         0.32003E+02          0.20697E-01
         0.32013E+02          0.20550E-01
         0.32023E+02          0.20412E-01
         0.32033E+02          0.20281E-01
         0.32043E+02          0.20157E-01
         0.32053E+02          0.20040E-01
         0.32063E+02          0.19930E-01
         0.32073E+02          0.19826E-01
         0.32083E+02          0.19729E-01
         0.32093E+02          0.19639E-01
         0.32103E+02          0.19555E-01
         0.32113E+02          0.19480E-01
         0.32123E+02          0.19415E-01
         0.32133E+02          0.19361E-01
         0.32143E+02          0.19323E-01
         0.32153E+02          0.19303E-01
         0.32163E+02          0.19309E-01
         0.32173E+02          0.19351E-01
         0.32183E+02          0.19442E-01
         0.32193E+02          0.19605E-01
         0.32203E+02          0.19874E-01
         0.32213E+02          0.20306E-01
         0.32223E+02          0.20993E-01
         0.32233E+02          0.22090E-01
         0.32243E+02          0.23842E-01
         0.32253E+02          0.26521E-01
         0.32263E+02          0.29817E-01
         0.32273E+02          0.31167E-01
         0.32283E+02          0.27704E-01
         0.32293E+02          0.22461E-01
         0.32303E+02          0.18668E-01
         0.32313E+02          0.16409E-01
         0.32323E+02          0.15080E-01
         0.32333E+02          0.14328E-01
         0.32343E+02          0.14781E-01
         0.32353E+02          0.15557E-01
         0.32363E+02          0.14901E-01
         0.32373E+02          0.15307E-01
         0.32383E+02          0.16376E-01
         0.32393E+02          0.18327E-01
         0.32403E+02          0.22710E-01
         0.32413E+02          0.65277E-01
         0.32423E+02          0.31440E-01
         0.32433E+02          0.28906E-01
         0.32443E+02          0.31520E-01
         0.32453E+02          0.34766E-01
         0.32463E+02          0.37971E-01
         0.32473E+02          0.40805E-01
         0.32483E+02          0.43014E-01
         0.32493E+02          0.44381E-01
         0.32503E+02          0.44554E-01
         0.32513E+02          0.43233E-01
         0.32523E+02          0.42189E-01
         0.32533E+02          0.40624E-01
         0.32543E+02          0.38644E-01
         0.32553E+02          0.36522E-01
         0.32563E+02          0.34448E-01
         0.32573E+02          0.32510E-01
         0.32583E+02          0.30681E-01
         0.32593E+02          0.28862E-01
         0.32603E+02          0.26988E-01
         0.32613E+02          0.25040E-01
         0.32623E+02          0.23017E-01
         0.32633E+02          0.20909E-01
         0.32643E+02          0.18704E-01
         0.32653E+02          0.16402E-01
         0.32663E+02          0.14033E-01
         0.32673E+02          0.11679E-01
         0.32683E+02          0.94824E-02
         0.32693E+02          0.76463E-02
         0.32703E+02          0.63851E-02
         0.32713E+02          0.58404E-02
         0.32723E+02          0.60153E-02
         0.32733E+02          0.68387E-02
         0.32743E+02          0.82417E-02
         0.32753E+02          0.10058E-01
         0.32763E+02          0.12042E-01
         0.32773E+02          0.14028E-01
         0.32783E+02          0.15027E-01
         0.32793E+02          0.17110E-01
         0.32803E+02          0.18492E-01
         0.32813E+02          0.19655E-01
         0.32823E+02          0.20642E-01
         0.32833E+02          0.21484E-01
         0.32843E+02          0.22207E-01
         0.32853E+02          0.22837E-01
         0.32863E+02          0.23397E-01
         0.32873E+02          0.23910E-01
         0.32883E+02          0.24409E-01
         0.32893E+02          0.24949E-01
         0.32903E+02          0.25695E-01
         0.32913E+02          0.28406E-01
         0.32923E+02          0.15657E-01
         0.32933E+02          0.22712E-01
         0.32943E+02          0.23913E-01
         0.32953E+02          0.24445E-01
         0.32963E+02          0.24777E-01
         0.32973E+02          0.25018E-01
         0.32983E+02          0.25208E-01
         0.32993E+02          0.25366E-01
         0.33003E+02          0.25500E-01
         0.33013E+02          0.25618E-01
         0.33023E+02          0.25722E-01
         0.33033E+02          0.25816E-01
         0.33043E+02          0.25902E-01
         0.33053E+02          0.25980E-01
         0.33063E+02          0.26052E-01
         0.33073E+02          0.26118E-01
         0.33083E+02          0.26172E-01
         0.33093E+02          0.26266E-01
         0.33103E+02          0.26313E-01
         0.33113E+02          0.26368E-01
         0.33123E+02          0.26423E-01
         0.33133E+02          0.26480E-01
         0.33143E+02          0.26539E-01
         0.33153E+02          0.26828E-01
         0.33163E+02          0.19976E-01
         0.33173E+02          0.26361E-01
         0.33183E+02          0.26521E-01
         0.33193E+02          0.26595E-01
         0.33203E+02          0.26648E-01
         0.33213E+02          0.26691E-01
         0.33223E+02          0.26730E-01
         0.33233E+02          0.26765E-01
         0.33243E+02          0.26795E-01
         0.33253E+02          0.26799E-01
         0.33263E+02          0.26866E-01
         0.33273E+02          0.26890E-01
         0.33283E+02          0.26910E-01
         0.33293E+02          0.27367E-01
         0.33303E+02          0.26844E-01
         0.33313E+02          0.26957E-01
         0.33323E+02          0.26985E-01
         0.33333E+02          0.27005E-01
         0.33343E+02          0.27019E-01
         0.33353E+02          0.27020E-01
         0.33363E+02          0.27048E-01
         0.33373E+02          0.27041E-01
         0.33383E+02          0.26589E-01
         0.33393E+02          0.27086E-01
         0.33403E+02          0.27082E-01
         0.33413E+02          0.27075E-01
         0.33423E+02          0.27076E-01
         0.33433E+02          0.27037E-01
         0.33443E+02          0.27113E-01
         0.33453E+02          0.27061E-01
         0.33463E+02          0.27027E-01
         0.33473E+02          0.26986E-01
         0.33483E+02          0.27038E-01
         0.33493E+02          0.26972E-01
         0.33503E+02          0.26906E-01
         0.33513E+02          0.26940E-01
         0.33523E+02          0.26872E-01
         0.33533E+02          0.26893E-01
         0.33543E+02          0.26784E-01
         0.33553E+02          0.26877E-01
         0.33563E+02          0.26930E-01
         0.33573E+02          0.27071E-01
         0.33583E+02          0.27555E-01
         0.33593E+02          0.27069E-01
         0.33603E+02          0.29195E-01
         0.33613E+02          0.31903E-01
         0.33623E+02          0.38301E-01
         0.33633E+02          0.53860E-01
         0.33643E+02          0.85429E-01
         0.33653E+02          0.63841E-01
         0.33663E+02          0.28925E-01
         0.33673E+02          0.15769E-01
         0.33683E+02          0.11143E-01
         0.33693E+02          0.13674E-01
         0.33703E+02          0.20286E-01
         0.33713E+02          0.26222E-01
         0.33723E+02          0.29882E-01
         0.33733E+02          0.31815E-01
         0.33743E+02          0.32765E-01
         0.33753E+02          0.33198E-01
         0.33763E+02          0.33365E-01
         0.33773E+02          0.33396E-01
         0.33783E+02          0.33357E-01
         0.33793E+02          0.33285E-01
         0.33803E+02          0.33198E-01
         0.33813E+02          0.33107E-01
         0.33823E+02          0.33023E-01
         0.33833E+02          0.32961E-01
         0.33843E+02          0.32955E-01
         0.33853E+02          0.33085E-01
         0.33863E+02          0.33418E-01
         0.33873E+02          0.33689E-01
         0.33883E+02          0.33654E-01
         0.33893E+02          0.33492E-01
         0.33903E+02          0.33337E-01
         0.33913E+02          0.33213E-01
         0.33923E+02          0.33116E-01
         0.33933E+02          0.33038E-01
         0.33943E+02          0.32974E-01
         0.33953E+02          0.32920E-01
         0.33963E+02          0.32874E-01
         0.33973E+02          0.32837E-01
         0.33983E+02          0.32810E-01
         0.33993E+02          0.32806E-01
         0.34003E+02          0.32857E-01
         0.34013E+02          0.33109E-01
         0.34023E+02          0.35350E-01
         0.34033E+02          0.43459E-01
         0.34043E+02          0.31774E-01
         0.34053E+02          0.31636E-01
         0.34063E+02          0.31504E-01
         0.34073E+02          0.31338E-01
         0.34083E+02          0.31142E-01
         0.34093E+02          0.30929E-01
         0.34103E+02          0.30726E-01
         0.34113E+02          0.30598E-01
         0.34123E+02          0.30707E-01
         0.34133E+02          0.31495E-01
         0.34143E+02          0.34263E-01
         0.34153E+02          0.47372E-01
         0.34163E+02          0.36416E-01
         0.34173E+02          0.23366E-01
         0.34183E+02          0.34367E-01
         0.34193E+02          0.39571E-01
         0.34203E+02          0.39909E-01
         0.34213E+02          0.39203E-01
         0.34223E+02          0.38402E-01
         0.34233E+02          0.37584E-01
         0.34243E+02          0.37132E-01
         0.34253E+02          0.36616E-01
         0.34263E+02          0.36163E-01
         0.34273E+02          0.35747E-01
         0.34283E+02          0.35349E-01
         0.34293E+02          0.34953E-01
         0.34303E+02          0.34555E-01
         0.34313E+02          0.34211E-01
         0.34323E+02          0.34430E-01
         0.34333E+02          0.77689E-01
         0.34343E+02          0.30963E-01
         0.34353E+02          0.27987E-01
         0.34363E+02          0.23286E-01
         0.34373E+02          0.13575E-01
         0.34383E+02          0.12174E-01
         0.34393E+02          0.33370E-01
         0.34403E+02          0.12894E+00
         0.34413E+02          0.59128E-01
         0.34423E+02          0.44952E-01
         0.34433E+02          0.39262E-01
         0.34443E+02          0.38682E-01
         0.34453E+02          0.39937E-01
         0.34463E+02          0.45720E-01
         0.34473E+02          0.49873E-01
         0.34483E+02          0.44468E-01
         0.34493E+02          0.42549E-01
         0.34503E+02          0.89150E-01
         0.34513E+02          0.37179E-01
         0.34523E+02          0.36909E-01
         0.34533E+02          0.40568E-01
         0.34543E+02          0.17890E+00
         0.34553E+02          0.66805E-01
         0.34563E+02          0.47783E-01
         0.34573E+02          0.39506E-01
         0.34583E+02          0.35489E-01
         0.34593E+02          0.39940E-01
         0.34603E+02          0.47002E-01
         0.34613E+02          0.24703E-01
         0.34623E+02          0.32620E-01
         0.34633E+02          0.17749E-01
         0.34643E+02          0.34400E-01
         0.34653E+02          0.37678E-01
         0.34663E+02          0.38624E-01
         0.34673E+02          0.37809E-01
         0.34683E+02          0.39397E-01
         0.34693E+02          0.37033E-01
         0.34703E+02          0.39916E-01
         0.34713E+02          0.50575E-01
         0.34723E+02          0.40266E-01
         0.34733E+02          0.41689E-01
         0.34743E+02          0.41365E-01
         0.34753E+02          0.43696E-01
         0.34763E+02          0.41701E-01
         0.34773E+02          0.40120E-01
         0.34783E+02          0.41820E-01
         0.34793E+02          0.22545E-01
         0.34803E+02          0.40194E-01
         0.34813E+02          0.40538E-01
         0.34823E+02          0.40534E-01
         0.34833E+02          0.42121E-01
         0.34843E+02          0.42231E-01
         0.34853E+02          0.42104E-01
         0.34863E+02          0.42420E-01
         0.34873E+02          0.42183E-01
         0.34883E+02          0.37892E-01
         0.34893E+02          0.37926E-01
         0.34903E+02          0.38133E-01
         0.34913E+02          0.38156E-01
         0.34923E+02          0.38184E-01
         0.34933E+02          0.38709E-01
         0.34943E+02          0.38456E-01
         0.34953E+02          0.38456E-01
         0.34963E+02          0.38735E-01
         0.34973E+02          0.38618E-01
         0.34983E+02          0.39035E-01
         0.34993E+02          0.38738E-01
         0.35003E+02          0.38870E-01
         0.35013E+02          0.38995E-01
         0.35023E+02          0.39033E-01
         0.35033E+02          0.38952E-01
         0.35043E+02          0.39145E-01
         0.35053E+02          0.38858E-01
         0.35063E+02          0.38646E-01
         0.35073E+02          0.38120E-01
         0.35083E+02          0.36630E-01
         0.35093E+02          0.30862E-01
         0.35103E+02          0.13849E-01
         0.35113E+02          0.30171E-01
         0.35123E+02          0.36232E-01
         0.35133E+02          0.37832E-01
         0.35143E+02          0.38440E-01
         0.35153E+02          0.38990E-01
         0.35163E+02          0.40806E-01
         0.35173E+02          0.45937E-01
         0.35183E+02          0.55064E-01
         0.35193E+02          0.65292E-01
         0.35203E+02          0.62569E-01
         0.35213E+02          0.52066E-01
         0.35223E+02          0.48439E-01
         0.35233E+02          0.47387E-01
         0.35243E+02          0.47641E-01
         0.35253E+02          0.33004E-01
         0.35263E+02          0.40495E-01
         0.35273E+02          0.42992E-01
         0.35283E+02          0.43383E-01
         0.35293E+02          0.43572E-01
         0.35303E+02          0.43720E-01
         0.35313E+02          0.43851E-01
         0.35323E+02          0.44047E-01
         0.35333E+02          0.44207E-01
         0.35343E+02          0.44379E-01
         0.35353E+02          0.44619E-01
         0.35363E+02          0.44815E-01
         0.35373E+02          0.45246E-01
         0.35383E+02          0.45555E-01
         0.35393E+02          0.46114E-01
         0.35403E+02          0.46427E-01
         0.35413E+02          0.48316E-01
         0.35423E+02          0.50293E-01
         0.35433E+02          0.21642E-01
         0.35443E+02          0.33918E-01
         0.35453E+02          0.38679E-01
         0.35463E+02          0.41926E-01
         0.35473E+02          0.71921E-01
         0.35483E+02          0.11540E+00
         0.35493E+02          0.67679E-01
         0.35503E+02          0.56575E-01
         0.35513E+02          0.52475E-01
         0.35523E+02          0.51385E-01
         0.35533E+02          0.51399E-01
         0.35543E+02          0.31680E-01
         0.35553E+02          0.45015E-01
         0.35563E+02          0.48618E-01
         0.35573E+02          0.51152E-01
         0.35583E+02          0.54989E-01
         0.35593E+02          0.59749E-01
         0.35603E+02          0.75077E-01
         0.35613E+02          0.25414E-01
         0.35623E+02          0.44903E-01
         0.35633E+02          0.10995E+00
         0.35643E+02          0.10107E+00
         0.35653E+02          0.62533E-01
         0.35663E+02          0.56648E-01
         0.35673E+02          0.55418E-01
         0.35683E+02          0.56036E-01
         0.35693E+02          0.58708E-01
         0.35703E+02          0.60088E-01
         0.35713E+02          0.64629E-01
         0.35723E+02          0.46116E-01
         0.35733E+02          0.20062E+00
         0.35743E+02          0.62821E-01
         0.35753E+02          0.54343E-01
         0.35763E+02          0.55818E-01
         0.35773E+02          0.65737E-01
         0.35783E+02          0.55164E-01
         0.35793E+02          0.16301E+00
         0.35803E+02          0.15999E-01
         0.35813E+02          0.59582E-01
         0.35823E+02          0.70562E-01
         0.35833E+02          0.56469E-01
         0.35843E+02          0.41900E-01
         0.35853E+02          0.44342E-01
         0.35863E+02          0.28799E-01
         0.35873E+02          0.52262E-01
         0.35883E+02          0.57344E-01
         0.35893E+02          0.46368E-01
         0.35903E+02          0.53846E-01
         0.35913E+02          0.44062E-01
         0.35923E+02          0.79370E-01
         0.35933E+02          0.18095E+00
         0.35943E+02          0.16449E-01
         0.35953E+02          0.53823E-01
         0.35963E+02          0.64432E-01
         0.35973E+02          0.39399E-01
         0.35983E+02          0.35392E-01
         0.35993E+02          0.46597E-01
         0.36003E+02          0.33119E-01
         0.36013E+02          0.32694E-01
         0.36023E+02          0.31369E-01
         0.36033E+02          0.32509E-01
         0.36043E+02          0.31095E-01
         0.36053E+02          0.32338E-01
         0.36063E+02          0.44620E-01
         0.36073E+02          0.35680E-01
         0.36083E+02          0.31540E-01
         0.36093E+02          0.31560E-01
         0.36103E+02          0.31368E-01
         0.36113E+02          0.31316E-01
         0.36123E+02          0.31299E-01
         0.36133E+02          0.31272E-01
         0.36143E+02          0.31063E-01
         0.36153E+02          0.31219E-01
         0.36163E+02          0.31506E-01
         0.36173E+02          0.31583E-01
         0.36183E+02          0.31598E-01
         0.36193E+02          0.31670E-01
         0.36203E+02          0.31764E-01
         0.36213E+02          0.31880E-01
         0.36223E+02          0.31977E-01
         0.36233E+02          0.32039E-01
         0.36243E+02          0.32088E-01
         0.36253E+02          0.32130E-01
         0.36263E+02          0.32157E-01
         0.36273E+02          0.32159E-01
         0.36283E+02          0.32170E-01
         0.36293E+02          0.33977E-01
         0.36303E+02          0.37078E-01
         0.36313E+02          0.34547E-01
         0.36323E+02          0.34033E-01
         0.36333E+02          0.33883E-01
         0.36343E+02          0.33847E-01
         0.36353E+02          0.33893E-01
         0.36363E+02          0.34014E-01
         0.36373E+02          0.34134E-01
         0.36383E+02          0.34241E-01
         0.36393E+02          0.34348E-01
         0.36403E+02          0.34456E-01
         0.36413E+02          0.34565E-01
         0.36423E+02          0.34611E-01
         0.36433E+02          0.34419E-01
         0.36443E+02          0.33764E-01
         0.36453E+02          0.34281E-01
         0.36463E+02          0.34877E-01
         0.36473E+02          0.35063E-01
         0.36483E+02          0.35286E-01
         0.36493E+02          0.35466E-01
         0.36503E+02          0.35571E-01
         0.36513E+02          0.35676E-01
         0.36523E+02          0.35781E-01
         0.36533E+02          0.35872E-01
         0.36543E+02          0.35936E-01
         0.36553E+02          0.37186E-01
         0.36563E+02          0.37761E-01
         0.36573E+02          0.37623E-01
         0.36583E+02          0.37635E-01
