         0.74274E+02          0.73016E+01
         0.74230E+02          0.50251E+01
         0.74185E+02          0.69548E+01
         0.74141E+02          0.27544E+02
         0.74097E+02          0.70141E+01
         0.74052E+02          0.57351E+01
         0.74008E+02          0.57289E+01
         0.73964E+02          0.75087E+01
         0.73920E+02          0.68244E+01
         0.73876E+02          0.60000E+01
         0.73832E+02          0.72410E+01
         0.73788E+02          0.19852E+03
         0.73744E+02          0.54335E+01
         0.73700E+02          0.10084E+02
         0.73657E+02          0.68076E+01
         0.73613E+02          0.72831E+01
         0.73569E+02          0.84417E+01
         0.73525E+02          0.10815E+02
         0.73482E+02          0.66380E+01
         0.73438E+02          0.67381E+01
         0.73395E+02          0.25036E+02
         0.73351E+02          0.25002E+02
         0.73308E+02          0.24969E+02
         0.73265E+02          0.24936E+02
         0.73222E+02          0.24903E+02
         0.73178E+02          0.24871E+02
         0.73135E+02          0.24838E+02
         0.73092E+02          0.24806E+02
         0.73049E+02          0.24774E+02
         0.73006E+02          0.24742E+02
         0.72963E+02          0.24711E+02
         0.72920E+02          0.24679E+02
         0.72877E+02          0.24648E+02
         0.72834E+02          0.24617E+02
         0.72792E+02          0.24587E+02
         0.72749E+02          0.24556E+02
         0.72706E+02          0.24526E+02
         0.72664E+02          0.24495E+02
         0.72621E+02          0.24465E+02
         0.72579E+02          0.24436E+02
         0.72536E+02          0.24406E+02
         0.72494E+02          0.24377E+02
         0.72451E+02          0.24347E+02
         0.72409E+02          0.24318E+02
         0.72367E+02          0.24289E+02
         0.72325E+02          0.24261E+02
         0.72282E+02          0.24232E+02
         0.72240E+02          0.24204E+02
         0.72198E+02          0.24176E+02
         0.72156E+02          0.24148E+02
         0.72114E+02          0.24120E+02
         0.72072E+02          0.24092E+02
         0.72030E+02          0.24065E+02
         0.71989E+02          0.24038E+02
         0.71947E+02          0.24011E+02
         0.71905E+02          0.23984E+02
         0.71863E+02          0.23957E+02
         0.71822E+02          0.23930E+02
         0.71780E+02          0.23904E+02
         0.71739E+02          0.23877E+02
         0.71697E+02          0.23851E+02
         0.71656E+02          0.23825E+02
         0.71614E+02          0.23800E+02
         0.71573E+02          0.23774E+02
         0.71532E+02          0.23749E+02
         0.71491E+02          0.23723E+02
         0.71449E+02          0.23698E+02
         0.71408E+02          0.23673E+02
         0.71367E+02          0.23648E+02
         0.71326E+02          0.23624E+02
         0.71285E+02          0.23599E+02
         0.71244E+02          0.23575E+02
         0.71203E+02          0.23550E+02
         0.71162E+02          0.23526E+02
         0.71121E+02          0.23502E+02
         0.71081E+02          0.23479E+02
         0.71040E+02          0.23455E+02
         0.70999E+02          0.23431E+02
         0.70959E+02          0.23408E+02
         0.70918E+02          0.23385E+02
         0.70877E+02          0.23362E+02
         0.70837E+02          0.23339E+02
         0.70797E+02          0.23316E+02
         0.70756E+02          0.23294E+02
         0.70716E+02          0.23271E+02
         0.70675E+02          0.23249E+02
         0.70635E+02          0.23227E+02
         0.70595E+02          0.23205E+02
         0.70555E+02          0.23183E+02
         0.70515E+02          0.23161E+02
         0.70475E+02          0.23139E+02
         0.70435E+02          0.23118E+02
         0.70395E+02          0.23096E+02
         0.70355E+02          0.23075E+02
         0.70315E+02          0.23054E+02
         0.70275E+02          0.23033E+02
         0.70235E+02          0.23012E+02
         0.70195E+02          0.22992E+02
         0.70156E+02          0.22971E+02
         0.70116E+02          0.22951E+02
         0.70076E+02          0.22931E+02
         0.70037E+02          0.22910E+02
         0.69997E+02          0.22890E+02
         0.69958E+02          0.22870E+02
         0.69918E+02          0.22851E+02
         0.69879E+02          0.22831E+02
         0.69839E+02          0.22812E+02
         0.69800E+02          0.22792E+02
         0.69761E+02          0.22773E+02
         0.69722E+02          0.22754E+02
         0.69682E+02          0.22735E+02
         0.69643E+02          0.22716E+02
         0.69604E+02          0.22697E+02
         0.69565E+02          0.22679E+02
         0.69526E+02          0.22660E+02
         0.69487E+02          0.22642E+02
         0.69448E+02          0.22624E+02
         0.69409E+02          0.22606E+02
         0.69371E+02          0.22588E+02
         0.69332E+02          0.22570E+02
         0.69293E+02          0.22552E+02
         0.69254E+02          0.22535E+02
         0.69216E+02          0.22517E+02
         0.69177E+02          0.22500E+02
         0.69138E+02          0.22483E+02
         0.69100E+02          0.22466E+02
         0.69061E+02          0.22449E+02
         0.69023E+02          0.22432E+02
         0.68985E+02          0.22415E+02
         0.68946E+02          0.22399E+02
         0.68908E+02          0.22382E+02
         0.68870E+02          0.22366E+02
         0.68831E+02          0.22350E+02
         0.68793E+02          0.22334E+02
         0.68755E+02          0.22318E+02
         0.68717E+02          0.22302E+02
         0.68679E+02          0.22286E+02
         0.68641E+02          0.22271E+02
         0.68603E+02          0.22256E+02
         0.68565E+02          0.22240E+02
         0.68527E+02          0.22225E+02
         0.68489E+02          0.22210E+02
         0.68451E+02          0.22196E+02
         0.68414E+02          0.22181E+02
         0.68376E+02          0.22166E+02
         0.68338E+02          0.22152E+02
         0.68300E+02          0.22138E+02
         0.68263E+02          0.22124E+02
         0.68225E+02          0.22110E+02
         0.68188E+02          0.22096E+02
         0.68150E+02          0.22083E+02
         0.68113E+02          0.22069E+02
         0.68075E+02          0.22056E+02
         0.68038E+02          0.22043E+02
         0.68001E+02          0.22031E+02
         0.67964E+02          0.22018E+02
         0.67926E+02          0.22006E+02
         0.67889E+02          0.21994E+02
         0.67852E+02          0.21982E+02
         0.67815E+02          0.21971E+02
         0.67778E+02          0.21959E+02
         0.67741E+02          0.21949E+02
         0.67704E+02          0.21938E+02
         0.67667E+02          0.21928E+02
         0.67630E+02          0.21919E+02
         0.67593E+02          0.21909E+02
         0.67556E+02          0.21901E+02
         0.67519E+02          0.21893E+02
         0.67483E+02          0.21887E+02
         0.67446E+02          0.21881E+02
         0.67409E+02          0.21876E+02
         0.67373E+02          0.21873E+02
         0.67336E+02          0.21871E+02
         0.67299E+02          0.21872E+02
         0.67263E+02          0.21875E+02
         0.67227E+02          0.21882E+02
         0.67190E+02          0.21894E+02
         0.67154E+02          0.21911E+02
         0.67117E+02          0.21937E+02
         0.67081E+02          0.21973E+02
         0.67045E+02          0.22020E+02
         0.67009E+02          0.22074E+02
         0.66972E+02          0.22119E+02
         0.66936E+02          0.22113E+02
         0.66900E+02          0.22019E+02
         0.66864E+02          0.21864E+02
         0.66828E+02          0.21719E+02
         0.66792E+02          0.21616E+02
         0.66756E+02          0.21551E+02
         0.66720E+02          0.21509E+02
         0.66684E+02          0.21482E+02
         0.66648E+02          0.21463E+02
         0.66612E+02          0.21448E+02
         0.66577E+02          0.21436E+02
         0.66541E+02          0.21426E+02
         0.66505E+02          0.21416E+02
         0.66470E+02          0.21407E+02
         0.66434E+02          0.21399E+02
         0.66398E+02          0.21390E+02
         0.66363E+02          0.21382E+02
         0.66327E+02          0.21374E+02
         0.66292E+02          0.21365E+02
         0.66257E+02          0.21357E+02
         0.66221E+02          0.21349E+02
         0.66186E+02          0.21341E+02
         0.66150E+02          0.21332E+02
         0.66115E+02          0.21324E+02
         0.66080E+02          0.21316E+02
         0.66045E+02          0.21308E+02
         0.66010E+02          0.21299E+02
         0.65974E+02          0.21291E+02
         0.65939E+02          0.21283E+02
         0.65904E+02          0.21275E+02
         0.65869E+02          0.21266E+02
         0.65834E+02          0.21258E+02
         0.65799E+02          0.21250E+02
         0.65764E+02          0.21242E+02
         0.65730E+02          0.21234E+02
         0.65695E+02          0.21226E+02
         0.65660E+02          0.21218E+02
         0.65625E+02          0.21210E+02
         0.65591E+02          0.21202E+02
         0.65556E+02          0.21194E+02
         0.65521E+02          0.21186E+02
         0.65487E+02          0.21179E+02
         0.65452E+02          0.21171E+02
         0.65417E+02          0.21163E+02
         0.65383E+02          0.21156E+02
         0.65349E+02          0.21148E+02
         0.65314E+02          0.21141E+02
         0.65280E+02          0.21133E+02
         0.65245E+02          0.21126E+02
         0.65211E+02          0.21118E+02
         0.65177E+02          0.21111E+02
         0.65143E+02          0.21104E+02
         0.65108E+02          0.21097E+02
         0.65074E+02          0.21089E+02
         0.65040E+02          0.21082E+02
         0.65006E+02          0.21075E+02
         0.64972E+02          0.21068E+02
         0.64938E+02          0.21061E+02
         0.64904E+02          0.21055E+02
         0.64870E+02          0.21048E+02
         0.64836E+02          0.21041E+02
         0.64802E+02          0.21034E+02
         0.64768E+02          0.21028E+02
         0.64734E+02          0.21021E+02
         0.64701E+02          0.21015E+02
         0.64667E+02          0.21009E+02
         0.64633E+02          0.21002E+02
         0.64599E+02          0.20996E+02
         0.64566E+02          0.20991E+02
         0.64532E+02          0.20985E+02
         0.64499E+02          0.20980E+02
         0.64465E+02          0.20976E+02
         0.64432E+02          0.20973E+02
         0.64398E+02          0.20966E+02
         0.64365E+02          0.20956E+02
         0.64331E+02          0.20948E+02
         0.64298E+02          0.20940E+02
         0.64265E+02          0.20934E+02
         0.64231E+02          0.20928E+02
         0.64198E+02          0.20922E+02
         0.64165E+02          0.20916E+02
         0.64132E+02          0.20910E+02
         0.64099E+02          0.20904E+02
         0.64065E+02          0.20899E+02
         0.64032E+02          0.20893E+02
         0.63999E+02          0.20888E+02
         0.63966E+02          0.20882E+02
         0.63933E+02          0.20877E+02
         0.63900E+02          0.20872E+02
         0.63867E+02          0.20867E+02
         0.63834E+02          0.20861E+02
         0.63802E+02          0.20856E+02
         0.63769E+02          0.20851E+02
         0.63736E+02          0.20846E+02
         0.63703E+02          0.20841E+02
         0.63671E+02          0.20836E+02
         0.63638E+02          0.20831E+02
         0.63605E+02          0.20826E+02
         0.63573E+02          0.20821E+02
         0.63540E+02          0.20817E+02
         0.63508E+02          0.20812E+02
         0.63475E+02          0.20807E+02
         0.63443E+02          0.20803E+02
         0.63410E+02          0.20798E+02
         0.63378E+02          0.20794E+02
         0.63345E+02          0.20789E+02
         0.63313E+02          0.20785E+02
         0.63281E+02          0.20780E+02
         0.63248E+02          0.20776E+02
         0.63216E+02          0.20771E+02
         0.63184E+02          0.20767E+02
         0.63152E+02          0.20763E+02
         0.63120E+02          0.20759E+02
         0.63087E+02          0.20755E+02
         0.63055E+02          0.20751E+02
         0.63023E+02          0.20746E+02
         0.62991E+02          0.20742E+02
         0.62959E+02          0.20738E+02
         0.62927E+02          0.20735E+02
         0.62895E+02          0.20731E+02
         0.62864E+02          0.20727E+02
         0.62832E+02          0.20723E+02
         0.62800E+02          0.20719E+02
         0.62768E+02          0.20715E+02
         0.62736E+02          0.20712E+02
         0.62705E+02          0.20708E+02
         0.62673E+02          0.20705E+02
         0.62641E+02          0.20701E+02
         0.62610E+02          0.20697E+02
         0.62578E+02          0.20694E+02
         0.62546E+02          0.20690E+02
         0.62515E+02          0.20687E+02
         0.62483E+02          0.20684E+02
         0.62452E+02          0.20680E+02
         0.62420E+02          0.20677E+02
         0.62389E+02          0.20674E+02
         0.62358E+02          0.20671E+02
         0.62326E+02          0.20667E+02
         0.62295E+02          0.20664E+02
         0.62264E+02          0.20661E+02
         0.62232E+02          0.20658E+02
         0.62201E+02          0.20655E+02
         0.62170E+02          0.20652E+02
         0.62139E+02          0.20649E+02
         0.62108E+02          0.20646E+02
         0.62077E+02          0.20643E+02
         0.62046E+02          0.20640E+02
         0.62015E+02          0.20638E+02
         0.61984E+02          0.20635E+02
         0.61953E+02          0.20632E+02
         0.61922E+02          0.20629E+02
         0.61891E+02          0.20627E+02
         0.61860E+02          0.20624E+02
         0.61829E+02          0.20621E+02
         0.61798E+02          0.20619E+02
         0.61767E+02          0.20616E+02
         0.61737E+02          0.20614E+02
         0.61706E+02          0.20611E+02
         0.61675E+02          0.20609E+02
         0.61645E+02          0.20607E+02
         0.61614E+02          0.20604E+02
         0.61583E+02          0.20602E+02
         0.61553E+02          0.20600E+02
         0.61522E+02          0.20598E+02
         0.61492E+02          0.20595E+02
         0.61461E+02          0.20593E+02
         0.61431E+02          0.20591E+02
         0.61400E+02          0.20589E+02
         0.61370E+02          0.20587E+02
         0.61340E+02          0.20585E+02
         0.61309E+02          0.20583E+02
         0.61279E+02          0.20581E+02
         0.61249E+02          0.20579E+02
         0.61218E+02          0.20578E+02
         0.61188E+02          0.20576E+02
         0.61158E+02          0.20574E+02
         0.61128E+02          0.20572E+02
         0.61098E+02          0.20571E+02
         0.61068E+02          0.20569E+02
         0.61038E+02          0.20568E+02
         0.61008E+02          0.20566E+02
         0.60978E+02          0.20565E+02
         0.60948E+02          0.20563E+02
         0.60918E+02          0.20562E+02
         0.60888E+02          0.20561E+02
         0.60858E+02          0.20560E+02
         0.60828E+02          0.20559E+02
         0.60798E+02          0.20557E+02
         0.60768E+02          0.20556E+02
         0.60739E+02          0.20556E+02
         0.60709E+02          0.20555E+02
         0.60679E+02          0.20554E+02
         0.60649E+02          0.20553E+02
         0.60620E+02          0.20553E+02
         0.60590E+02          0.20552E+02
         0.60561E+02          0.20552E+02
         0.60531E+02          0.20552E+02
         0.60501E+02          0.20551E+02
         0.60472E+02          0.20551E+02
         0.60442E+02          0.20552E+02
         0.60413E+02          0.20552E+02
         0.60384E+02          0.20552E+02
         0.60354E+02          0.20553E+02
         0.60325E+02          0.20553E+02
         0.60295E+02          0.20554E+02
         0.60266E+02          0.20555E+02
         0.60237E+02          0.20557E+02
         0.60208E+02          0.20558E+02
         0.60178E+02          0.20560E+02
         0.60149E+02          0.20562E+02
         0.60120E+02          0.20565E+02
         0.60091E+02          0.20568E+02
         0.60062E+02          0.20571E+02
         0.60033E+02          0.20574E+02
         0.60004E+02          0.20578E+02
         0.59975E+02          0.20582E+02
         0.59946E+02          0.20587E+02
         0.59917E+02          0.20592E+02
         0.59888E+02          0.20596E+02
         0.59859E+02          0.20601E+02
         0.59830E+02          0.20603E+02
         0.59801E+02          0.20603E+02
         0.59772E+02          0.20594E+02
         0.59743E+02          0.20570E+02
         0.59715E+02          0.20509E+02
         0.59686E+02          0.20365E+02
         0.59657E+02          0.20022E+02
         0.59629E+02          0.19268E+02
         0.59600E+02          0.18262E+02
         0.59571E+02          0.18111E+02
         0.59543E+02          0.18653E+02
         0.59514E+02          0.19144E+02
         0.59485E+02          0.19468E+02
         0.59457E+02          0.19678E+02
         0.59428E+02          0.19818E+02
         0.59400E+02          0.19917E+02
         0.59372E+02          0.19989E+02
         0.59343E+02          0.20043E+02
         0.59315E+02          0.20084E+02
         0.59286E+02          0.20117E+02
         0.59258E+02          0.20144E+02
         0.59230E+02          0.20166E+02
         0.59201E+02          0.20184E+02
         0.59173E+02          0.20199E+02
         0.59145E+02          0.20212E+02
         0.59117E+02          0.20223E+02
         0.59089E+02          0.20232E+02
         0.59060E+02          0.20240E+02
         0.59032E+02          0.20248E+02
         0.59004E+02          0.20254E+02
         0.58976E+02          0.20259E+02
         0.58948E+02          0.20264E+02
         0.58920E+02          0.20268E+02
         0.58892E+02          0.20272E+02
         0.58864E+02          0.20275E+02
         0.58836E+02          0.20278E+02
         0.58808E+02          0.20281E+02
         0.58780E+02          0.20283E+02
         0.58753E+02          0.20285E+02
         0.58725E+02          0.20287E+02
         0.58697E+02          0.20289E+02
         0.58669E+02          0.20290E+02
         0.58641E+02          0.20291E+02
         0.58614E+02          0.20292E+02
         0.58586E+02          0.20293E+02
         0.58558E+02          0.20294E+02
         0.58531E+02          0.20295E+02
         0.58503E+02          0.20295E+02
         0.58475E+02          0.20296E+02
         0.58448E+02          0.20296E+02
         0.58420E+02          0.20296E+02
         0.58393E+02          0.20297E+02
         0.58365E+02          0.20297E+02
         0.58338E+02          0.20297E+02
         0.58310E+02          0.20297E+02
         0.58283E+02          0.20297E+02
         0.58256E+02          0.20297E+02
         0.58228E+02          0.20296E+02
         0.58201E+02          0.20296E+02
         0.58174E+02          0.20296E+02
         0.58146E+02          0.20296E+02
         0.58119E+02          0.20296E+02
         0.58092E+02          0.20295E+02
         0.58065E+02          0.20295E+02
         0.58038E+02          0.20294E+02
         0.58010E+02          0.20294E+02
         0.57983E+02          0.20294E+02
         0.57956E+02          0.20293E+02
         0.57929E+02          0.20293E+02
         0.57902E+02          0.20292E+02
         0.57875E+02          0.20292E+02
         0.57848E+02          0.20291E+02
         0.57821E+02          0.20290E+02
         0.57794E+02          0.20290E+02
         0.57767E+02          0.20289E+02
         0.57740E+02          0.20289E+02
         0.57713E+02          0.20288E+02
         0.57686E+02          0.20287E+02
         0.57660E+02          0.20287E+02
         0.57633E+02          0.20286E+02
         0.57606E+02          0.20285E+02
         0.57579E+02          0.20285E+02
         0.57553E+02          0.20284E+02
         0.57526E+02          0.20283E+02
         0.57499E+02          0.20283E+02
         0.57473E+02          0.20282E+02
         0.57446E+02          0.20281E+02
         0.57419E+02          0.20281E+02
         0.57393E+02          0.20280E+02
         0.57366E+02          0.20279E+02
         0.57340E+02          0.20278E+02
         0.57313E+02          0.20278E+02
         0.57287E+02          0.20277E+02
         0.57260E+02          0.20276E+02
         0.57234E+02          0.20276E+02
         0.57207E+02          0.20275E+02
         0.57181E+02          0.20274E+02
         0.57155E+02          0.20273E+02
         0.57128E+02          0.20273E+02
         0.57102E+02          0.20272E+02
         0.57076E+02          0.20271E+02
         0.57049E+02          0.20271E+02
         0.57023E+02          0.20270E+02
         0.56997E+02          0.20269E+02
         0.56971E+02          0.20269E+02
         0.56945E+02          0.20268E+02
         0.56918E+02          0.20267E+02
         0.56892E+02          0.20267E+02
         0.56866E+02          0.20266E+02
         0.56840E+02          0.20266E+02
         0.56814E+02          0.20265E+02
         0.56788E+02          0.20265E+02
         0.56762E+02          0.20264E+02
         0.56736E+02          0.20264E+02
         0.56710E+02          0.20263E+02
         0.56684E+02          0.20263E+02
         0.56658E+02          0.20263E+02
         0.56632E+02          0.20263E+02
         0.56607E+02          0.20263E+02
         0.56581E+02          0.20263E+02
         0.56555E+02          0.20263E+02
         0.56529E+02          0.20263E+02
         0.56503E+02          0.20264E+02
         0.56478E+02          0.20265E+02
         0.56452E+02          0.20266E+02
         0.56426E+02          0.20268E+02
         0.56401E+02          0.20270E+02
         0.56375E+02          0.20272E+02
         0.56349E+02          0.20276E+02
         0.56324E+02          0.20281E+02
         0.56298E+02          0.20287E+02
         0.56273E+02          0.20296E+02
         0.56247E+02          0.20309E+02
         0.56222E+02          0.20327E+02
         0.56196E+02          0.20353E+02
         0.56171E+02          0.20393E+02
         0.56145E+02          0.20454E+02
         0.56120E+02          0.20542E+02
         0.56094E+02          0.20639E+02
         0.56069E+02          0.20674E+02
         0.56044E+02          0.20598E+02
         0.56018E+02          0.20484E+02
         0.55993E+02          0.20396E+02
         0.55968E+02          0.20339E+02
         0.55943E+02          0.20303E+02
         0.55917E+02          0.20279E+02
         0.55892E+02          0.20264E+02
         0.55867E+02          0.20253E+02
         0.55842E+02          0.20245E+02
         0.55817E+02          0.20239E+02
         0.55792E+02          0.20234E+02
         0.55766E+02          0.20230E+02
         0.55741E+02          0.20227E+02
         0.55716E+02          0.20225E+02
         0.55691E+02          0.20222E+02
         0.55666E+02          0.20220E+02
         0.55641E+02          0.20219E+02
         0.55616E+02          0.20217E+02
         0.55591E+02          0.20215E+02
         0.55566E+02          0.20214E+02
         0.55542E+02          0.20213E+02
         0.55517E+02          0.20211E+02
         0.55492E+02          0.20210E+02
         0.55467E+02          0.20209E+02
         0.55442E+02          0.20208E+02
         0.55417E+02          0.20207E+02
         0.55393E+02          0.20206E+02
         0.55368E+02          0.20205E+02
         0.55343E+02          0.20203E+02
         0.55319E+02          0.20202E+02
         0.55294E+02          0.20201E+02
         0.55269E+02          0.20200E+02
         0.55245E+02          0.20199E+02
         0.55220E+02          0.20198E+02
         0.55195E+02          0.20197E+02
         0.55171E+02          0.20196E+02
         0.55146E+02          0.20195E+02
         0.55122E+02          0.20194E+02
         0.55097E+02          0.20193E+02
         0.55073E+02          0.20192E+02
         0.55048E+02          0.20191E+02
         0.55024E+02          0.20190E+02
         0.55000E+02          0.20189E+02
         0.54975E+02          0.20188E+02
         0.54951E+02          0.20187E+02
         0.54926E+02          0.20186E+02
         0.54902E+02          0.20185E+02
         0.54878E+02          0.20184E+02
         0.54854E+02          0.20183E+02
         0.54829E+02          0.20182E+02
         0.54805E+02          0.20181E+02
         0.54781E+02          0.20180E+02
         0.54757E+02          0.20179E+02
         0.54732E+02          0.20177E+02
         0.54708E+02          0.20176E+02
         0.54684E+02          0.20175E+02
         0.54660E+02          0.20174E+02
         0.54636E+02          0.20173E+02
         0.54612E+02          0.20172E+02
         0.54588E+02          0.20170E+02
         0.54564E+02          0.20169E+02
         0.54540E+02          0.20168E+02
         0.54516E+02          0.20166E+02
         0.54492E+02          0.20165E+02
         0.54468E+02          0.20164E+02
         0.54444E+02          0.20162E+02
         0.54420E+02          0.20161E+02
         0.54396E+02          0.20159E+02
         0.54372E+02          0.20158E+02
         0.54349E+02          0.20156E+02
         0.54325E+02          0.20155E+02
         0.54301E+02          0.20153E+02
         0.54277E+02          0.20151E+02
         0.54253E+02          0.20150E+02
         0.54230E+02          0.20148E+02
         0.54206E+02          0.20146E+02
         0.54182E+02          0.20144E+02
         0.54159E+02          0.20142E+02
         0.54135E+02          0.20140E+02
         0.54111E+02          0.20137E+02
         0.54088E+02          0.20135E+02
         0.54064E+02          0.20133E+02
         0.54041E+02          0.20130E+02
         0.54017E+02          0.20127E+02
         0.53994E+02          0.20124E+02
         0.53970E+02          0.20121E+02
         0.53947E+02          0.20118E+02
         0.53923E+02          0.20114E+02
         0.53900E+02          0.20110E+02
         0.53876E+02          0.20106E+02
         0.53853E+02          0.20102E+02
         0.53829E+02          0.20097E+02
         0.53806E+02          0.20091E+02
         0.53783E+02          0.20085E+02
         0.53759E+02          0.20078E+02
         0.53736E+02          0.20071E+02
         0.53713E+02          0.20063E+02
         0.53690E+02          0.20053E+02
         0.53666E+02          0.20042E+02
         0.53643E+02          0.20030E+02
         0.53620E+02          0.20017E+02
         0.53597E+02          0.20002E+02
         0.53574E+02          0.19989E+02
         0.53550E+02          0.19989E+02
         0.53527E+02          0.20034E+02
         0.53504E+02          0.20307E+02
         0.53481E+02          0.21640E+02
         0.53458E+02          0.22373E+02
         0.53435E+02          0.21354E+02
         0.53412E+02          0.20858E+02
         0.53389E+02          0.20624E+02
         0.53366E+02          0.20495E+02
         0.53343E+02          0.20414E+02
         0.53320E+02          0.20356E+02
         0.53297E+02          0.20313E+02
         0.53274E+02          0.20277E+02
         0.53251E+02          0.20244E+02
         0.53229E+02          0.20213E+02
         0.53206E+02          0.20178E+02
         0.53183E+02          0.20136E+02
         0.53160E+02          0.20075E+02
         0.53137E+02          0.19964E+02
         0.53115E+02          0.19679E+02
         0.53092E+02          0.18846E+02
         0.53069E+02          0.20568E+02
         0.53046E+02          0.20485E+02
         0.53024E+02          0.20413E+02
         0.53001E+02          0.20368E+02
         0.52978E+02          0.20338E+02
         0.52956E+02          0.20317E+02
         0.52933E+02          0.20300E+02
         0.52911E+02          0.20287E+02
         0.52888E+02          0.20276E+02
         0.52865E+02          0.20267E+02
         0.52843E+02          0.20259E+02
         0.52820E+02          0.20252E+02
         0.52798E+02          0.20246E+02
         0.52775E+02          0.20240E+02
         0.52753E+02          0.20235E+02
         0.52731E+02          0.20230E+02
         0.52708E+02          0.20226E+02
         0.52686E+02          0.20222E+02
         0.52663E+02          0.20218E+02
         0.52641E+02          0.20214E+02
         0.52619E+02          0.20211E+02
         0.52596E+02          0.20207E+02
         0.52574E+02          0.20204E+02
         0.52552E+02          0.20201E+02
         0.52529E+02          0.20198E+02
         0.52507E+02          0.20195E+02
         0.52485E+02          0.20192E+02
         0.52463E+02          0.20189E+02
         0.52441E+02          0.20186E+02
         0.52418E+02          0.20183E+02
         0.52396E+02          0.20180E+02
         0.52374E+02          0.20177E+02
         0.52352E+02          0.20174E+02
         0.52330E+02          0.20171E+02
         0.52308E+02          0.20168E+02
         0.52286E+02          0.20165E+02
         0.52264E+02          0.20162E+02
         0.52242E+02          0.20159E+02
         0.52220E+02          0.20156E+02
         0.52198E+02          0.20153E+02
         0.52176E+02          0.20150E+02
         0.52154E+02          0.20146E+02
         0.52132E+02          0.20143E+02
         0.52110E+02          0.20140E+02
         0.52088E+02          0.20136E+02
         0.52066E+02          0.20132E+02
         0.52044E+02          0.20129E+02
         0.52023E+02          0.20125E+02
         0.52001E+02          0.20121E+02
         0.51979E+02          0.20117E+02
         0.51957E+02          0.20112E+02
         0.51935E+02          0.20108E+02
         0.51914E+02          0.20104E+02
         0.51892E+02          0.20099E+02
         0.51870E+02          0.20095E+02
         0.51849E+02          0.20091E+02
         0.51827E+02          0.20087E+02
         0.51805E+02          0.20085E+02
         0.51784E+02          0.20085E+02
         0.51762E+02          0.20092E+02
         0.51740E+02          0.20115E+02
         0.51719E+02          0.19970E+02
         0.51697E+02          0.19787E+02
         0.51676E+02          0.19881E+02
         0.51654E+02          0.19898E+02
         0.51633E+02          0.19893E+02
         0.51611E+02          0.19878E+02
         0.51590E+02          0.19856E+02
         0.51568E+02          0.19825E+02
         0.51547E+02          0.19786E+02
         0.51525E+02          0.19734E+02
         0.51504E+02          0.19665E+02
         0.51483E+02          0.19573E+02
         0.51461E+02          0.19425E+02
         0.51440E+02          0.19193E+02
         0.51418E+02          0.18750E+02
         0.51397E+02          0.17733E+02
         0.51376E+02          0.25781E+02
         0.51355E+02          0.22133E+02
         0.51333E+02          0.22552E+02
         0.51312E+02          0.21428E+02
         0.51291E+02          0.21021E+02
         0.51270E+02          0.20817E+02
         0.51248E+02          0.20690E+02
         0.51227E+02          0.20603E+02
         0.51206E+02          0.20538E+02
         0.51185E+02          0.20488E+02
         0.51164E+02          0.20448E+02
         0.51143E+02          0.20414E+02
         0.51122E+02          0.20386E+02
         0.51101E+02          0.20361E+02
         0.51080E+02          0.20339E+02
         0.51058E+02          0.20320E+02
         0.51037E+02          0.20302E+02
         0.51016E+02          0.20285E+02
         0.50995E+02          0.20270E+02
         0.50975E+02          0.20255E+02
         0.50954E+02          0.20242E+02
         0.50933E+02          0.20228E+02
         0.50912E+02          0.20214E+02
         0.50891E+02          0.20202E+02
         0.50870E+02          0.20189E+02
         0.50849E+02          0.20177E+02
         0.50828E+02          0.20164E+02
         0.50807E+02          0.20151E+02
         0.50787E+02          0.20139E+02
         0.50766E+02          0.20125E+02
         0.50745E+02          0.20112E+02
         0.50724E+02          0.20097E+02
         0.50704E+02          0.20083E+02
         0.50683E+02          0.20067E+02
         0.50662E+02          0.20051E+02
         0.50641E+02          0.20033E+02
         0.50621E+02          0.20015E+02
         0.50600E+02          0.19995E+02
         0.50579E+02          0.19973E+02
         0.50559E+02          0.19949E+02
         0.50538E+02          0.19924E+02
         0.50518E+02          0.19895E+02
         0.50497E+02          0.19863E+02
         0.50476E+02          0.19827E+02
         0.50456E+02          0.19789E+02
         0.50435E+02          0.19755E+02
         0.50415E+02          0.19888E+02
         0.50394E+02          0.20306E+02
         0.50374E+02          0.19771E+02
         0.50353E+02          0.19611E+02
         0.50333E+02          0.19486E+02
         0.50313E+02          0.19344E+02
         0.50292E+02          0.19134E+02
         0.50272E+02          0.18326E+02
         0.50251E+02          0.19127E+02
         0.50231E+02          0.18849E+02
         0.50211E+02          0.18719E+02
         0.50190E+02          0.18945E+02
         0.50170E+02          0.19642E+02
         0.50150E+02          0.20919E+02
         0.50129E+02          0.21438E+02
         0.50109E+02          0.21443E+02
         0.50089E+02          0.21288E+02
         0.50069E+02          0.21095E+02
         0.50049E+02          0.20872E+02
         0.50028E+02          0.20507E+02
         0.50008E+02          0.21244E+02
         0.49988E+02          0.20855E+02
         0.49968E+02          0.20676E+02
         0.49948E+02          0.20529E+02
         0.49928E+02          0.20382E+02
         0.49908E+02          0.20220E+02
         0.49887E+02          0.20025E+02
         0.49867E+02          0.19776E+02
         0.49847E+02          0.19451E+02
         0.49827E+02          0.19056E+02
         0.49807E+02          0.18724E+02
         0.49787E+02          0.18797E+02
         0.49767E+02          0.19357E+02
         0.49747E+02          0.19952E+02
         0.49727E+02          0.20331E+02
         0.49707E+02          0.20529E+02
         0.49688E+02          0.20626E+02
         0.49668E+02          0.20650E+02
         0.49648E+02          0.20626E+02
         0.49628E+02          0.20455E+02
         0.49608E+02          0.20364E+02
         0.49588E+02          0.20774E+02
         0.49568E+02          0.20754E+02
         0.49549E+02          0.20744E+02
         0.49529E+02          0.20600E+02
         0.49509E+02          0.20679E+02
         0.49489E+02          0.20659E+02
         0.49469E+02          0.20623E+02
         0.49450E+02          0.20496E+02
         0.49430E+02          0.21441E+02
         0.49410E+02          0.20462E+02
         0.49391E+02          0.20354E+02
         0.49371E+02          0.20177E+02
         0.49351E+02          0.20281E+02
         0.49332E+02          0.20615E+02
         0.49312E+02          0.20631E+02
         0.49292E+02          0.20589E+02
         0.49273E+02          0.21169E+02
         0.49253E+02          0.21599E+02
         0.49234E+02          0.23187E+02
         0.49214E+02          0.20999E+02
         0.49195E+02          0.20549E+02
         0.49175E+02          0.20391E+02
         0.49156E+02          0.20392E+02
         0.49136E+02          0.20268E+02
         0.49117E+02          0.19649E+02
         0.49097E+02          0.20273E+02
         0.49078E+02          0.20223E+02
         0.49058E+02          0.20064E+02
         0.49039E+02          0.19631E+02
         0.49020E+02          0.21326E+02
         0.49000E+02          0.20855E+02
         0.48981E+02          0.20583E+02
         0.48962E+02          0.20516E+02
         0.48942E+02          0.20538E+02
         0.48923E+02          0.20672E+02
         0.48904E+02          0.20566E+02
         0.48884E+02          0.20406E+02
         0.48865E+02          0.19882E+02
         0.48846E+02          0.20830E+02
         0.48827E+02          0.20532E+02
         0.48807E+02          0.20724E+02
         0.48788E+02          0.20062E+02
         0.48769E+02          0.20522E+02
         0.48750E+02          0.20549E+02
         0.48731E+02          0.20779E+02
         0.48711E+02          0.20420E+02
         0.48692E+02          0.20531E+02
         0.48673E+02          0.20819E+02
         0.48654E+02          0.20477E+02
         0.48635E+02          0.20429E+02
         0.48616E+02          0.20452E+02
         0.48597E+02          0.20539E+02
         0.48578E+02          0.20604E+02
         0.48559E+02          0.20351E+02
         0.48540E+02          0.20452E+02
         0.48521E+02          0.20333E+02
         0.48502E+02          0.21036E+02
         0.48483E+02          0.20403E+02
         0.48464E+02          0.20648E+02
         0.48445E+02          0.20718E+02
         0.48426E+02          0.20877E+02
         0.48407E+02          0.20873E+02
         0.48388E+02          0.20489E+02
         0.48369E+02          0.20463E+02
         0.48351E+02          0.20455E+02
         0.48332E+02          0.20458E+02
         0.48313E+02          0.20434E+02
         0.48294E+02          0.20424E+02
         0.48275E+02          0.20492E+02
         0.48256E+02          0.20462E+02
         0.48238E+02          0.20447E+02
         0.48219E+02          0.20366E+02
         0.48200E+02          0.20451E+02
         0.48181E+02          0.20437E+02
         0.48163E+02          0.20485E+02
         0.48144E+02          0.20442E+02
         0.48125E+02          0.20031E+02
         0.48107E+02          0.20459E+02
         0.48088E+02          0.20443E+02
         0.48069E+02          0.20458E+02
         0.48051E+02          0.20456E+02
         0.48032E+02          0.20439E+02
         0.48013E+02          0.20495E+02
         0.47995E+02          0.20442E+02
         0.47976E+02          0.20445E+02
         0.47958E+02          0.20450E+02
         0.47939E+02          0.20459E+02
         0.47921E+02          0.20489E+02
         0.47902E+02          0.20525E+02
         0.47884E+02          0.20657E+02
         0.47865E+02          0.20355E+02
         0.47847E+02          0.20765E+02
         0.47828E+02          0.19420E+02
         0.47810E+02          0.19940E+02
         0.47791E+02          0.20345E+02
         0.47773E+02          0.20293E+02
         0.47755E+02          0.20261E+02
         0.47736E+02          0.19894E+02
         0.47718E+02          0.20346E+02
         0.47699E+02          0.20317E+02
         0.47681E+02          0.20303E+02
         0.47663E+02          0.20290E+02
         0.47644E+02          0.20276E+02
         0.47626E+02          0.20258E+02
         0.47608E+02          0.20235E+02
         0.47590E+02          0.20203E+02
         0.47571E+02          0.20159E+02
         0.47553E+02          0.20099E+02
         0.47535E+02          0.20038E+02
         0.47517E+02          0.20020E+02
         0.47498E+02          0.20164E+02
         0.47480E+02          0.20351E+02
         0.47462E+02          0.20327E+02
         0.47444E+02          0.20302E+02
         0.47426E+02          0.20414E+02
         0.47408E+02          0.20432E+02
         0.47390E+02          0.20438E+02
         0.47371E+02          0.20444E+02
         0.47353E+02          0.20455E+02
         0.47335E+02          0.20471E+02
         0.47317E+02          0.20539E+02
         0.47299E+02          0.21291E+02
         0.47281E+02          0.20183E+02
         0.47263E+02          0.20283E+02
         0.47245E+02          0.20324E+02
         0.47227E+02          0.20311E+02
         0.47209E+02          0.20280E+02
         0.47191E+02          0.20287E+02
         0.47173E+02          0.20276E+02
         0.47155E+02          0.20284E+02
         0.47137E+02          0.20282E+02
         0.47119E+02          0.20275E+02
         0.47101E+02          0.20250E+02
         0.47084E+02          0.20276E+02
         0.47066E+02          0.20253E+02
         0.47048E+02          0.20226E+02
         0.47030E+02          0.20243E+02
         0.47012E+02          0.20144E+02
         0.46994E+02          0.19861E+02
         0.46977E+02          0.20366E+02
         0.46959E+02          0.20418E+02
         0.46941E+02          0.20364E+02
         0.46923E+02          0.20367E+02
         0.46905E+02          0.21615E+02
         0.46888E+02          0.20530E+02
         0.46870E+02          0.20401E+02
         0.46852E+02          0.20326E+02
         0.46835E+02          0.20283E+02
         0.46817E+02          0.20502E+02
         0.46799E+02          0.20279E+02
         0.46782E+02          0.20385E+02
         0.46764E+02          0.20395E+02
         0.46746E+02          0.20279E+02
         0.46729E+02          0.20193E+02
         0.46711E+02          0.20066E+02
         0.46693E+02          0.20440E+02
         0.46676E+02          0.20449E+02
         0.46658E+02          0.20506E+02
         0.46641E+02          0.21185E+02
         0.46623E+02          0.20633E+02
         0.46606E+02          0.20242E+02
         0.46588E+02          0.20647E+02
         0.46571E+02          0.20426E+02
         0.46553E+02          0.20240E+02
         0.46536E+02          0.20376E+02
         0.46518E+02          0.20311E+02
         0.46501E+02          0.20274E+02
         0.46483E+02          0.20213E+02
         0.46466E+02          0.20275E+02
         0.46449E+02          0.20188E+02
         0.46431E+02          0.20147E+02
         0.46414E+02          0.20371E+02
         0.46396E+02          0.20150E+02
         0.46379E+02          0.20258E+02
         0.46362E+02          0.20216E+02
         0.46344E+02          0.19961E+02
         0.46327E+02          0.18976E+02
         0.46310E+02          0.20059E+02
         0.46292E+02          0.19963E+02
         0.46275E+02          0.19854E+02
         0.46258E+02          0.20053E+02
         0.46241E+02          0.20253E+02
         0.46223E+02          0.20283E+02
         0.46206E+02          0.20274E+02
         0.46189E+02          0.20263E+02
         0.46172E+02          0.20251E+02
         0.46155E+02          0.20243E+02
         0.46137E+02          0.20244E+02
         0.46120E+02          0.19530E+02
         0.46103E+02          0.20008E+02
         0.46086E+02          0.20351E+02
         0.46069E+02          0.20305E+02
         0.46052E+02          0.20080E+02
         0.46035E+02          0.20037E+02
         0.46018E+02          0.20153E+02
         0.46001E+02          0.20174E+02
         0.45983E+02          0.20175E+02
         0.45966E+02          0.20172E+02
         0.45949E+02          0.20167E+02
         0.45932E+02          0.20162E+02
         0.45915E+02          0.20157E+02
         0.45898E+02          0.20153E+02
         0.45881E+02          0.20151E+02
         0.45864E+02          0.20154E+02
         0.45847E+02          0.20187E+02
         0.45830E+02          0.19979E+02
         0.45814E+02          0.20009E+02
         0.45797E+02          0.19865E+02
         0.45780E+02          0.20083E+02
         0.45763E+02          0.20094E+02
         0.45746E+02          0.20089E+02
         0.45729E+02          0.20079E+02
         0.45712E+02          0.20057E+02
         0.45695E+02          0.19801E+02
         0.45678E+02          0.20796E+02
         0.45662E+02          0.19946E+02
         0.45645E+02          0.19968E+02
         0.45628E+02          0.20069E+02
         0.45611E+02          0.20068E+02
         0.45595E+02          0.20064E+02
         0.45578E+02          0.20064E+02
         0.45561E+02          0.20115E+02
         0.45544E+02          0.19949E+02
         0.45528E+02          0.20028E+02
         0.45511E+02          0.20025E+02
         0.45494E+02          0.20023E+02
         0.45477E+02          0.19906E+02
         0.45461E+02          0.20187E+02
         0.45444E+02          0.20050E+02
         0.45427E+02          0.19774E+02
         0.45411E+02          0.20007E+02
         0.45394E+02          0.20019E+02
         0.45378E+02          0.19995E+02
         0.45361E+02          0.20019E+02
         0.45344E+02          0.19965E+02
         0.45328E+02          0.19904E+02
         0.45311E+02          0.19989E+02
         0.45295E+02          0.19938E+02
         0.45278E+02          0.19887E+02
         0.45262E+02          0.19671E+02
         0.45245E+02          0.19942E+02
         0.45229E+02          0.19731E+02
         0.45212E+02          0.19877E+02
         0.45196E+02          0.19907E+02
         0.45179E+02          0.19891E+02
         0.45163E+02          0.20177E+02
         0.45146E+02          0.19904E+02
         0.45130E+02          0.19883E+02
         0.45113E+02          0.19929E+02
         0.45097E+02          0.19889E+02
         0.45081E+02          0.19968E+02
         0.45064E+02          0.19868E+02
         0.45048E+02          0.19879E+02
         0.45031E+02          0.19885E+02
         0.45015E+02          0.19878E+02
         0.44999E+02          0.19861E+02
         0.44982E+02          0.19868E+02
         0.44966E+02          0.19841E+02
         0.44950E+02          0.19847E+02
         0.44934E+02          0.19843E+02
         0.44917E+02          0.19838E+02
         0.44901E+02          0.19834E+02
         0.44885E+02          0.19829E+02
         0.44868E+02          0.19823E+02
         0.44852E+02          0.19821E+02
         0.44836E+02          0.19809E+02
         0.44820E+02          0.19716E+02
         0.44804E+02          0.19743E+02
         0.44787E+02          0.19764E+02
         0.44771E+02          0.19767E+02
         0.44755E+02          0.19766E+02
         0.44739E+02          0.19763E+02
         0.44723E+02          0.19759E+02
         0.44707E+02          0.19755E+02
         0.44691E+02          0.19750E+02
         0.44674E+02          0.19745E+02
         0.44658E+02          0.19739E+02
         0.44642E+02          0.19734E+02
         0.44626E+02          0.19730E+02
         0.44610E+02          0.19727E+02
         0.44594E+02          0.19725E+02
         0.44578E+02          0.19718E+02
         0.44562E+02          0.19633E+02
         0.44546E+02          0.19654E+02
         0.44530E+02          0.19653E+02
         0.44514E+02          0.19649E+02
         0.44498E+02          0.19650E+02
         0.44482E+02          0.19671E+02
         0.44466E+02          0.19610E+02
         0.44450E+02          0.19875E+02
         0.44434E+02          0.20094E+02
         0.44418E+02          0.19715E+02
         0.44403E+02          0.19869E+02
         0.44387E+02          0.19798E+02
         0.44371E+02          0.19760E+02
         0.44355E+02          0.19736E+02
         0.44339E+02          0.19717E+02
         0.44323E+02          0.19588E+02
         0.44307E+02          0.19689E+02
         0.44291E+02          0.19681E+02
         0.44276E+02          0.19673E+02
         0.44260E+02          0.19649E+02
         0.44244E+02          0.19650E+02
         0.44228E+02          0.19647E+02
         0.44212E+02          0.19639E+02
         0.44197E+02          0.19628E+02
         0.44181E+02          0.19627E+02
         0.44165E+02          0.19612E+02
         0.44150E+02          0.19615E+02
         0.44134E+02          0.19604E+02
         0.44118E+02          0.19594E+02
         0.44102E+02          0.19588E+02
         0.44087E+02          0.19585E+02
         0.44071E+02          0.19574E+02
         0.44055E+02          0.19574E+02
         0.44040E+02          0.19570E+02
         0.44024E+02          0.19553E+02
         0.44008E+02          0.19502E+02
         0.43993E+02          0.19529E+02
         0.43977E+02          0.19522E+02
         0.43962E+02          0.19516E+02
         0.43946E+02          0.19509E+02
         0.43931E+02          0.19503E+02
         0.43915E+02          0.19496E+02
         0.43899E+02          0.19562E+02
         0.43884E+02          0.19487E+02
         0.43868E+02          0.19478E+02
         0.43853E+02          0.19470E+02
         0.43837E+02          0.19463E+02
         0.43822E+02          0.19455E+02
         0.43806E+02          0.19448E+02
         0.43791E+02          0.19439E+02
         0.43775E+02          0.19430E+02
         0.43760E+02          0.19421E+02
         0.43745E+02          0.19409E+02
         0.43729E+02          0.19396E+02
         0.43714E+02          0.19379E+02
         0.43698E+02          0.19369E+02
         0.43683E+02          0.19277E+02
         0.43667E+02          0.19683E+02
         0.43652E+02          0.19516E+02
         0.43637E+02          0.19467E+02
         0.43621E+02          0.19442E+02
         0.43606E+02          0.19425E+02
         0.43591E+02          0.19412E+02
         0.43575E+02          0.19401E+02
         0.43560E+02          0.19392E+02
         0.43545E+02          0.19383E+02
         0.43530E+02          0.19375E+02
         0.43514E+02          0.19367E+02
         0.43499E+02          0.19359E+02
         0.43484E+02          0.19351E+02
         0.43468E+02          0.19344E+02
         0.43453E+02          0.19336E+02
         0.43438E+02          0.19329E+02
         0.43423E+02          0.19341E+02
         0.43408E+02          0.19315E+02
         0.43392E+02          0.19305E+02
         0.43377E+02          0.19295E+02
         0.43362E+02          0.19283E+02
         0.43347E+02          0.19267E+02
         0.43332E+02          0.19245E+02
         0.43317E+02          0.19152E+02
         0.43301E+02          0.19426E+02
         0.43286E+02          0.19330E+02
         0.43271E+02          0.19302E+02
         0.43256E+02          0.19286E+02
         0.43241E+02          0.19274E+02
         0.43226E+02          0.19264E+02
         0.43211E+02          0.19254E+02
         0.43196E+02          0.19245E+02
         0.43181E+02          0.19238E+02
         0.43166E+02          0.19229E+02
         0.43151E+02          0.19215E+02
         0.43136E+02          0.19200E+02
         0.43121E+02          0.19171E+02
         0.43106E+02          0.19574E+02
         0.43091E+02          0.19253E+02
         0.43076E+02          0.19222E+02
         0.43061E+02          0.19206E+02
         0.43046E+02          0.19193E+02
         0.43031E+02          0.19182E+02
         0.43016E+02          0.19171E+02
         0.43001E+02          0.19152E+02
         0.42986E+02          0.19114E+02
         0.42971E+02          0.19209E+02
         0.42956E+02          0.19172E+02
         0.42942E+02          0.19155E+02
         0.42927E+02          0.19152E+02
         0.42912E+02          0.19119E+02
         0.42897E+02          0.19303E+02
         0.42882E+02          0.19146E+02
         0.42867E+02          0.19124E+02
         0.42852E+02          0.19102E+02
         0.42838E+02          0.19179E+02
         0.42823E+02          0.19113E+02
         0.42808E+02          0.19087E+02
         0.42793E+02          0.19123E+02
         0.42779E+02          0.19088E+02
         0.42764E+02          0.19112E+02
         0.42749E+02          0.19062E+02
         0.42734E+02          0.19075E+02
         0.42720E+02          0.19076E+02
         0.42705E+02          0.19066E+02
         0.42690E+02          0.19026E+02
         0.42675E+02          0.19042E+02
         0.42661E+02          0.19052E+02
         0.42646E+02          0.19052E+02
         0.42631E+02          0.19043E+02
         0.42617E+02          0.19036E+02
         0.42602E+02          0.19019E+02
         0.42588E+02          0.19014E+02
         0.42573E+02          0.19008E+02
         0.42558E+02          0.19003E+02
         0.42544E+02          0.18998E+02
         0.42529E+02          0.18993E+02
         0.42515E+02          0.18987E+02
         0.42500E+02          0.18982E+02
         0.42485E+02          0.18977E+02
         0.42471E+02          0.18971E+02
         0.42456E+02          0.18966E+02
         0.42442E+02          0.18961E+02
         0.42427E+02          0.18956E+02
         0.42413E+02          0.18950E+02
         0.42398E+02          0.18945E+02
         0.42384E+02          0.18940E+02
         0.42369E+02          0.18935E+02
         0.42355E+02          0.18930E+02
         0.42340E+02          0.18924E+02
         0.42326E+02          0.18919E+02
         0.42311E+02          0.18914E+02
         0.42297E+02          0.18909E+02
         0.42283E+02          0.18904E+02
         0.42268E+02          0.18898E+02
         0.42254E+02          0.18893E+02
         0.42239E+02          0.18888E+02
         0.42225E+02          0.18883E+02
         0.42211E+02          0.18878E+02
         0.42196E+02          0.18873E+02
         0.42182E+02          0.18868E+02
         0.42167E+02          0.18862E+02
         0.42153E+02          0.18857E+02
         0.42139E+02          0.18852E+02
         0.42124E+02          0.18847E+02
         0.42110E+02          0.18842E+02
         0.42096E+02          0.18837E+02
         0.42082E+02          0.18832E+02
         0.42067E+02          0.18827E+02
         0.42053E+02          0.18822E+02
         0.42039E+02          0.18817E+02
         0.42025E+02          0.18812E+02
         0.42010E+02          0.18807E+02
         0.41996E+02          0.18802E+02
         0.41982E+02          0.18797E+02
         0.41968E+02          0.18792E+02
         0.41953E+02          0.18787E+02
         0.41939E+02          0.18782E+02
         0.41925E+02          0.18777E+02
         0.41911E+02          0.18772E+02
         0.41897E+02          0.18767E+02
         0.41883E+02          0.18762E+02
         0.41868E+02          0.18757E+02
         0.41854E+02          0.18752E+02
         0.41840E+02          0.18748E+02
         0.41826E+02          0.18743E+02
         0.41812E+02          0.18738E+02
         0.41798E+02          0.18733E+02
         0.41784E+02          0.18728E+02
         0.41770E+02          0.18723E+02
         0.41756E+02          0.18719E+02
         0.41742E+02          0.18714E+02
         0.41728E+02          0.18709E+02
         0.41713E+02          0.18704E+02
         0.41699E+02          0.18699E+02
         0.41685E+02          0.18695E+02
         0.41671E+02          0.18690E+02
         0.41657E+02          0.18685E+02
         0.41643E+02          0.18680E+02
         0.41629E+02          0.18676E+02
         0.41615E+02          0.18671E+02
         0.41602E+02          0.18666E+02
         0.41588E+02          0.18662E+02
         0.41574E+02          0.18657E+02
         0.41560E+02          0.18652E+02
         0.41546E+02          0.18648E+02
         0.41532E+02          0.18643E+02
         0.41518E+02          0.18638E+02
         0.41504E+02          0.18634E+02
         0.41490E+02          0.18629E+02
         0.41476E+02          0.18625E+02
         0.41462E+02          0.18620E+02
         0.41449E+02          0.18616E+02
         0.41435E+02          0.18611E+02
         0.41421E+02          0.18606E+02
         0.41407E+02          0.18602E+02
         0.41393E+02          0.18597E+02
         0.41379E+02          0.18593E+02
         0.41366E+02          0.18588E+02
         0.41352E+02          0.18584E+02
         0.41338E+02          0.18580E+02
         0.41324E+02          0.18575E+02
         0.41310E+02          0.18571E+02
         0.41297E+02          0.18566E+02
         0.41283E+02          0.18562E+02
         0.41269E+02          0.18558E+02
         0.41255E+02          0.18553E+02
         0.41242E+02          0.18549E+02
         0.41228E+02          0.18544E+02
         0.41214E+02          0.18540E+02
         0.41201E+02          0.18536E+02
         0.41187E+02          0.18531E+02
         0.41173E+02          0.18527E+02
         0.41160E+02          0.18523E+02
         0.41146E+02          0.18519E+02
         0.41132E+02          0.18514E+02
         0.41119E+02          0.18510E+02
         0.41105E+02          0.18506E+02
         0.41091E+02          0.18502E+02
         0.41078E+02          0.18497E+02
         0.41064E+02          0.18493E+02
         0.41051E+02          0.18489E+02
         0.41037E+02          0.18485E+02
         0.41023E+02          0.18481E+02
         0.41010E+02          0.18477E+02
         0.40996E+02          0.18473E+02
         0.40983E+02          0.18468E+02
         0.40969E+02          0.18464E+02
         0.40956E+02          0.18460E+02
         0.40942E+02          0.18456E+02
         0.40929E+02          0.18452E+02
         0.40915E+02          0.18448E+02
         0.40902E+02          0.18444E+02
         0.40888E+02          0.18440E+02
         0.40875E+02          0.18436E+02
         0.40861E+02          0.18432E+02
         0.40848E+02          0.18428E+02
         0.40834E+02          0.18424E+02
         0.40821E+02          0.18420E+02
         0.40807E+02          0.18416E+02
         0.40794E+02          0.18412E+02
         0.40781E+02          0.18408E+02
         0.40767E+02          0.18404E+02
         0.40754E+02          0.18401E+02
         0.40740E+02          0.18397E+02
         0.40727E+02          0.18393E+02
         0.40714E+02          0.18389E+02
         0.40700E+02          0.18385E+02
         0.40687E+02          0.18381E+02
         0.40673E+02          0.18377E+02
         0.40660E+02          0.18374E+02
         0.40647E+02          0.18370E+02
         0.40633E+02          0.18366E+02
         0.40620E+02          0.18362E+02
         0.40607E+02          0.18358E+02
         0.40594E+02          0.18355E+02
         0.40580E+02          0.18351E+02
         0.40567E+02          0.18347E+02
         0.40554E+02          0.18343E+02
         0.40540E+02          0.18340E+02
         0.40527E+02          0.18336E+02
         0.40514E+02          0.18332E+02
         0.40501E+02          0.18329E+02
         0.40488E+02          0.18325E+02
         0.40474E+02          0.18321E+02
         0.40461E+02          0.18318E+02
         0.40448E+02          0.18314E+02
         0.40435E+02          0.18310E+02
         0.40422E+02          0.18306E+02
         0.40408E+02          0.18303E+02
         0.40395E+02          0.18299E+02
         0.40382E+02          0.18295E+02
         0.40369E+02          0.18292E+02
         0.40356E+02          0.18288E+02
         0.40343E+02          0.18284E+02
         0.40329E+02          0.18281E+02
         0.40316E+02          0.18277E+02
         0.40303E+02          0.18273E+02
         0.40290E+02          0.18270E+02
         0.40277E+02          0.18266E+02
         0.40264E+02          0.18262E+02
         0.40251E+02          0.18258E+02
         0.40238E+02          0.18255E+02
         0.40225E+02          0.18251E+02
         0.40212E+02          0.18247E+02
         0.40199E+02          0.18243E+02
         0.40186E+02          0.18239E+02
         0.40173E+02          0.18235E+02
         0.40160E+02          0.18231E+02
         0.40147E+02          0.18227E+02
         0.40134E+02          0.18222E+02
         0.40121E+02          0.18218E+02
         0.40108E+02          0.18213E+02
         0.40095E+02          0.18209E+02
         0.40082E+02          0.18204E+02
         0.40069E+02          0.18198E+02
         0.40056E+02          0.18193E+02
         0.40043E+02          0.18186E+02
         0.40030E+02          0.18179E+02
         0.40017E+02          0.18169E+02
         0.40004E+02          0.18152E+02
         0.39991E+02          0.18143E+02
         0.39978E+02          0.18137E+02
         0.39965E+02          0.18124E+02
         0.39953E+02          0.18103E+02
         0.39940E+02          0.18070E+02
         0.39927E+02          0.18012E+02
         0.39914E+02          0.17890E+02
         0.39901E+02          0.18210E+02
         0.39888E+02          0.18505E+02
         0.39876E+02          0.18371E+02
         0.39863E+02          0.18310E+02
         0.39850E+02          0.18276E+02
         0.39837E+02          0.18254E+02
         0.39824E+02          0.18238E+02
         0.39812E+02          0.18226E+02
         0.39799E+02          0.18216E+02
         0.39786E+02          0.18207E+02
         0.39773E+02          0.18200E+02
         0.39760E+02          0.18194E+02
         0.39748E+02          0.18188E+02
         0.39735E+02          0.18183E+02
         0.39722E+02          0.18178E+02
         0.39709E+02          0.18173E+02
         0.39697E+02          0.18169E+02
         0.39684E+02          0.18164E+02
         0.39671E+02          0.18160E+02
         0.39659E+02          0.18157E+02
         0.39646E+02          0.18153E+02
         0.39633E+02          0.18149E+02
         0.39621E+02          0.18145E+02
         0.39608E+02          0.18142E+02
         0.39595E+02          0.18139E+02
         0.39583E+02          0.18135E+02
         0.39570E+02          0.18132E+02
         0.39557E+02          0.18129E+02
         0.39545E+02          0.18126E+02
         0.39532E+02          0.18122E+02
         0.39520E+02          0.18119E+02
         0.39507E+02          0.18116E+02
         0.39494E+02          0.18113E+02
         0.39482E+02          0.18110E+02
         0.39469E+02          0.18107E+02
         0.39457E+02          0.18104E+02
         0.39444E+02          0.18101E+02
         0.39432E+02          0.18099E+02
         0.39419E+02          0.18096E+02
         0.39407E+02          0.18093E+02
         0.39394E+02          0.18090E+02
         0.39382E+02          0.18088E+02
         0.39369E+02          0.18085E+02
         0.39357E+02          0.18082E+02
         0.39344E+02          0.18080E+02
         0.39332E+02          0.18077E+02
         0.39319E+02          0.18075E+02
         0.39307E+02          0.18072E+02
         0.39294E+02          0.18070E+02
         0.39282E+02          0.18068E+02
         0.39269E+02          0.18066E+02
         0.39257E+02          0.18063E+02
         0.39244E+02          0.18061E+02
         0.39232E+02          0.18059E+02
         0.39220E+02          0.18058E+02
         0.39207E+02          0.18056E+02
         0.39195E+02          0.18054E+02
         0.39182E+02          0.18053E+02
         0.39170E+02          0.18052E+02
         0.39158E+02          0.18050E+02
         0.39145E+02          0.18050E+02
         0.39133E+02          0.18049E+02
         0.39121E+02          0.18048E+02
         0.39108E+02          0.18048E+02
         0.39096E+02          0.18048E+02
         0.39084E+02          0.18048E+02
         0.39071E+02          0.18048E+02
         0.39059E+02          0.18047E+02
         0.39047E+02          0.18047E+02
         0.39034E+02          0.18047E+02
         0.39022E+02          0.18047E+02
         0.39010E+02          0.18046E+02
         0.38998E+02          0.18044E+02
         0.38985E+02          0.18042E+02
         0.38973E+02          0.18039E+02
         0.38961E+02          0.18036E+02
         0.38949E+02          0.18032E+02
         0.38936E+02          0.18028E+02
         0.38924E+02          0.18023E+02
         0.38912E+02          0.18017E+02
         0.38900E+02          0.18012E+02
         0.38887E+02          0.18006E+02
         0.38875E+02          0.18000E+02
         0.38863E+02          0.17994E+02
         0.38851E+02          0.17988E+02
         0.38839E+02          0.17982E+02
         0.38827E+02          0.17976E+02
         0.38814E+02          0.17971E+02
         0.38802E+02          0.17965E+02
         0.38790E+02          0.17960E+02
         0.38778E+02          0.17955E+02
         0.38766E+02          0.17950E+02
         0.38754E+02          0.17945E+02
         0.38742E+02          0.17940E+02
         0.38730E+02          0.17936E+02
         0.38717E+02          0.17932E+02
         0.38705E+02          0.17928E+02
         0.38693E+02          0.17925E+02
         0.38681E+02          0.17921E+02
         0.38669E+02          0.17918E+02
         0.38657E+02          0.17916E+02
         0.38645E+02          0.17914E+02
         0.38633E+02          0.17913E+02
         0.38621E+02          0.17912E+02
         0.38609E+02          0.17912E+02
         0.38597E+02          0.17914E+02
         0.38585E+02          0.17916E+02
         0.38573E+02          0.17921E+02
         0.38561E+02          0.17927E+02
         0.38549E+02          0.17937E+02
         0.38537E+02          0.17951E+02
         0.38525E+02          0.17970E+02
         0.38513E+02          0.17998E+02
         0.38501E+02          0.18039E+02
         0.38489E+02          0.18100E+02
         0.38477E+02          0.18194E+02
         0.38465E+02          0.18347E+02
         0.38453E+02          0.18607E+02
         0.38441E+02          0.19055E+02
         0.38429E+02          0.19757E+02
         0.38418E+02          0.20464E+02
         0.38406E+02          0.20538E+02
         0.38394E+02          0.20073E+02
         0.38382E+02          0.19608E+02
         0.38370E+02          0.19304E+02
         0.38358E+02          0.19134E+02
         0.38346E+02          0.19052E+02
         0.38334E+02          0.19031E+02
         0.38323E+02          0.19050E+02
         0.38311E+02          0.19089E+02
         0.38299E+02          0.19140E+02
         0.38287E+02          0.19184E+02
         0.38275E+02          0.19188E+02
         0.38263E+02          0.19060E+02
         0.38252E+02          0.18709E+02
         0.38240E+02          0.20332E+02
         0.38228E+02          0.19915E+02
         0.38216E+02          0.19726E+02
         0.38204E+02          0.19566E+02
         0.38193E+02          0.19402E+02
         0.38181E+02          0.19230E+02
         0.38169E+02          0.19052E+02
         0.38157E+02          0.18870E+02
         0.38146E+02          0.18688E+02
         0.38134E+02          0.18507E+02
         0.38122E+02          0.18329E+02
         0.38111E+02          0.18155E+02
         0.38099E+02          0.17988E+02
         0.38087E+02          0.17827E+02
         0.38075E+02          0.17674E+02
         0.38064E+02          0.17528E+02
         0.38052E+02          0.17391E+02
         0.38040E+02          0.17264E+02
         0.38029E+02          0.17149E+02
         0.38017E+02          0.17049E+02
         0.38005E+02          0.16970E+02
         0.37994E+02          0.16918E+02
         0.37982E+02          0.16904E+02
         0.37970E+02          0.16944E+02
         0.37959E+02          0.17055E+02
         0.37947E+02          0.17257E+02
         0.37936E+02          0.17566E+02
         0.37924E+02          0.17985E+02
         0.37912E+02          0.18497E+02
         0.37901E+02          0.19062E+02
         0.37889E+02          0.19623E+02
         0.37878E+02          0.20121E+02
         0.37866E+02          0.20517E+02
         0.37855E+02          0.20796E+02
         0.37843E+02          0.20966E+02
         0.37831E+02          0.21045E+02
         0.37820E+02          0.21116E+02
         0.37808E+02          0.21051E+02
         0.37797E+02          0.20991E+02
         0.37785E+02          0.20915E+02
         0.37774E+02          0.20829E+02
         0.37762E+02          0.20738E+02
         0.37751E+02          0.20647E+02
         0.37739E+02          0.20556E+02
         0.37728E+02          0.20467E+02
         0.37716E+02          0.20380E+02
         0.37705E+02          0.20293E+02
         0.37693E+02          0.20202E+02
         0.37682E+02          0.20096E+02
         0.37670E+02          0.19889E+02
         0.37659E+02          0.20562E+02
         0.37648E+02          0.20183E+02
         0.37636E+02          0.20062E+02
         0.37625E+02          0.19986E+02
         0.37613E+02          0.19926E+02
         0.37602E+02          0.19874E+02
         0.37591E+02          0.19827E+02
         0.37579E+02          0.19784E+02
         0.37568E+02          0.19745E+02
         0.37556E+02          0.19708E+02
         0.37545E+02          0.19674E+02
         0.37534E+02          0.19641E+02
         0.37522E+02          0.19611E+02
         0.37511E+02          0.19582E+02
         0.37500E+02          0.19555E+02
         0.37488E+02          0.19528E+02
         0.37477E+02          0.19498E+02
         0.37466E+02          0.19492E+02
         0.37454E+02          0.19464E+02
         0.37443E+02          0.19442E+02
         0.37432E+02          0.19421E+02
         0.37420E+02          0.19401E+02
         0.37409E+02          0.19381E+02
         0.37398E+02          0.19354E+02
         0.37387E+02          0.19533E+02
         0.37375E+02          0.19351E+02
         0.37364E+02          0.19330E+02
         0.37353E+02          0.19313E+02
         0.37341E+02          0.19298E+02
         0.37330E+02          0.19284E+02
         0.37319E+02          0.19271E+02
         0.37308E+02          0.19258E+02
         0.37297E+02          0.19245E+02
         0.37285E+02          0.19223E+02
         0.37274E+02          0.19226E+02
         0.37263E+02          0.19214E+02
         0.37252E+02          0.19202E+02
         0.37241E+02          0.19183E+02
         0.37229E+02          0.19190E+02
         0.37218E+02          0.19176E+02
         0.37207E+02          0.19166E+02
         0.37196E+02          0.19156E+02
         0.37185E+02          0.19147E+02
         0.37174E+02          0.19134E+02
         0.37162E+02          0.19132E+02
         0.37151E+02          0.19122E+02
         0.37140E+02          0.19102E+02
         0.37129E+02          0.19107E+02
         0.37118E+02          0.19099E+02
         0.37107E+02          0.19090E+02
         0.37096E+02          0.19086E+02
         0.37085E+02          0.19076E+02
         0.37073E+02          0.19070E+02
         0.37062E+02          0.19062E+02
         0.37051E+02          0.19052E+02
         0.37040E+02          0.19048E+02
         0.37029E+02          0.19041E+02
         0.37018E+02          0.19033E+02
         0.37007E+02          0.19027E+02
         0.36996E+02          0.19019E+02
         0.36985E+02          0.19014E+02
         0.36974E+02          0.19007E+02
         0.36963E+02          0.19001E+02
         0.36952E+02          0.19001E+02
         0.36941E+02          0.18991E+02
         0.36930E+02          0.18995E+02
         0.36919E+02          0.18992E+02
         0.36908E+02          0.19005E+02
         0.36897E+02          0.19021E+02
         0.36886E+02          0.19070E+02
         0.36875E+02          0.19179E+02
         0.36864E+02          0.19494E+02
         0.36853E+02          0.20812E+02
         0.36842E+02          0.21581E+02
         0.36831E+02          0.20416E+02
         0.36820E+02          0.20369E+02
         0.36809E+02          0.20653E+02
         0.36798E+02          0.20874E+02
         0.36787E+02          0.20791E+02
         0.36777E+02          0.20510E+02
         0.36766E+02          0.20217E+02
         0.36755E+02          0.19979E+02
         0.36744E+02          0.19801E+02
         0.36733E+02          0.19669E+02
         0.36722E+02          0.19568E+02
         0.36711E+02          0.19491E+02
         0.36700E+02          0.19430E+02
         0.36690E+02          0.19380E+02
         0.36679E+02          0.19339E+02
         0.36668E+02          0.19305E+02
         0.36657E+02          0.19275E+02
         0.36646E+02          0.19250E+02
         0.36635E+02          0.19227E+02
         0.36624E+02          0.19206E+02
         0.36614E+02          0.19185E+02
         0.36603E+02          0.19165E+02
         0.36592E+02          0.19149E+02
         0.36581E+02          0.19135E+02
         0.36570E+02          0.19122E+02
         0.36560E+02          0.19110E+02
         0.36549E+02          0.19098E+02
         0.36538E+02          0.19086E+02
         0.36527E+02          0.19075E+02
         0.36517E+02          0.19064E+02
         0.36506E+02          0.19053E+02
         0.36495E+02          0.19042E+02
         0.36484E+02          0.19032E+02
         0.36474E+02          0.19022E+02
         0.36463E+02          0.19013E+02
         0.36452E+02          0.19009E+02
         0.36441E+02          0.19043E+02
         0.36431E+02          0.19101E+02
         0.36420E+02          0.18936E+02
         0.36409E+02          0.18927E+02
         0.36399E+02          0.18914E+02
         0.36388E+02          0.18901E+02
         0.36377E+02          0.18886E+02
         0.36367E+02          0.18872E+02
         0.36356E+02          0.18859E+02
         0.36345E+02          0.18851E+02
         0.36335E+02          0.18853E+02
         0.36324E+02          0.18882E+02
         0.36313E+02          0.18986E+02
         0.36303E+02          0.19567E+02
         0.36292E+02          0.20895E+02
         0.36282E+02          0.21112E+02
         0.36271E+02          0.20638E+02
         0.36260E+02          0.19889E+02
         0.36250E+02          0.19471E+02
         0.36239E+02          0.19235E+02
         0.36229E+02          0.19083E+02
         0.36218E+02          0.18979E+02
         0.36207E+02          0.18883E+02
         0.36197E+02          0.18805E+02
         0.36186E+02          0.18731E+02
         0.36176E+02          0.18659E+02
         0.36165E+02          0.18584E+02
         0.36155E+02          0.18504E+02
         0.36144E+02          0.18417E+02
         0.36133E+02          0.18321E+02
         0.36123E+02          0.18223E+02
         0.36112E+02          0.19077E+02
         0.36102E+02          0.18134E+02
         0.36091E+02          0.18099E+02
         0.36081E+02          0.18568E+02
         0.36070E+02          0.20709E+02
         0.36060E+02          0.25110E+02
         0.36049E+02          0.25500E+02
         0.36039E+02          0.24475E+02
         0.36028E+02          0.22408E+02
         0.36018E+02          0.21692E+02
         0.36008E+02          0.21125E+02
         0.35997E+02          0.20707E+02
         0.35987E+02          0.20410E+02
         0.35976E+02          0.20184E+02
         0.35966E+02          0.19920E+02
         0.35955E+02          0.19646E+02
         0.35945E+02          0.19342E+02
         0.35935E+02          0.20267E+02
         0.35924E+02          0.19309E+02
         0.35914E+02          0.18936E+02
         0.35903E+02          0.18523E+02
         0.35893E+02          0.28375E+02
         0.35883E+02          0.21247E+02
         0.35872E+02          0.19119E+02
         0.35862E+02          0.17782E+02
         0.35851E+02          0.17671E+02
         0.35841E+02          0.19054E+02
         0.35831E+02          0.19702E+02
         0.35820E+02          0.19706E+02
         0.35810E+02          0.19734E+02
         0.35800E+02          0.19962E+02
         0.35789E+02          0.20403E+02
         0.35779E+02          0.20132E+02
         0.35769E+02          0.19987E+02
         0.35758E+02          0.19867E+02
         0.35748E+02          0.19702E+02
         0.35738E+02          0.20447E+02
         0.35727E+02          0.19972E+02
         0.35717E+02          0.20010E+02
         0.35707E+02          0.19648E+02
         0.35697E+02          0.20074E+02
         0.35686E+02          0.19793E+02
         0.35676E+02          0.19622E+02
         0.35666E+02          0.19846E+02
         0.35655E+02          0.19603E+02
         0.35645E+02          0.19789E+02
         0.35635E+02          0.20855E+02
         0.35625E+02          0.19579E+02
         0.35615E+02          0.19595E+02
         0.35604E+02          0.19524E+02
         0.35594E+02          0.19716E+02
         0.35584E+02          0.19676E+02
         0.35574E+02          0.19641E+02
         0.35563E+02          0.19664E+02
         0.35553E+02          0.19613E+02
         0.35543E+02          0.19572E+02
         0.35533E+02          0.19558E+02
         0.35523E+02          0.19544E+02
         0.35513E+02          0.19529E+02
         0.35502E+02          0.19514E+02
         0.35492E+02          0.19494E+02
         0.35482E+02          0.19479E+02
         0.35472E+02          0.19461E+02
         0.35462E+02          0.19439E+02
         0.35452E+02          0.19418E+02
         0.35441E+02          0.19390E+02
         0.35431E+02          0.19366E+02
         0.35421E+02          0.19333E+02
         0.35411E+02          0.19296E+02
         0.35401E+02          0.19253E+02
         0.35391E+02          0.19201E+02
         0.35381E+02          0.19135E+02
         0.35371E+02          0.19055E+02
         0.35361E+02          0.18949E+02
         0.35351E+02          0.18808E+02
         0.35340E+02          0.18646E+02
         0.35330E+02          0.18834E+02
         0.35320E+02          0.22993E+02
         0.35310E+02          0.22485E+02
         0.35300E+02          0.21017E+02
         0.35290E+02          0.20374E+02
         0.35280E+02          0.19998E+02
         0.35270E+02          0.19699E+02
         0.35260E+02          0.19402E+02
         0.35250E+02          0.18977E+02
         0.35240E+02          0.20714E+02
         0.35230E+02          0.17860E+02
         0.35220E+02          0.18877E+02
         0.35210E+02          0.19727E+02
         0.35200E+02          0.19878E+02
         0.35190E+02          0.19886E+02
         0.35180E+02          0.19810E+02
         0.35170E+02          0.19906E+02
         0.35160E+02          0.19871E+02
         0.35150E+02          0.19829E+02
         0.35140E+02          0.19793E+02
         0.35130E+02          0.19761E+02
         0.35120E+02          0.19731E+02
         0.35110E+02          0.19701E+02
         0.35100E+02          0.19671E+02
         0.35090E+02          0.19640E+02
         0.35080E+02          0.19606E+02
         0.35071E+02          0.19570E+02
         0.35061E+02          0.19530E+02
         0.35051E+02          0.19480E+02
         0.35041E+02          0.19418E+02
         0.35031E+02          0.19337E+02
         0.35021E+02          0.19223E+02
         0.35011E+02          0.19036E+02
         0.35001E+02          0.18795E+02
         0.34991E+02          0.23771E+02
         0.34981E+02          0.20849E+02
         0.34972E+02          0.20018E+02
         0.34962E+02          0.19465E+02
         0.34952E+02          0.21256E+02
         0.34942E+02          0.18372E+02
         0.34932E+02          0.19760E+02
         0.34922E+02          0.19865E+02
         0.34913E+02          0.19819E+02
         0.34903E+02          0.19777E+02
         0.34893E+02          0.19715E+02
         0.34883E+02          0.19618E+02
         0.34873E+02          0.19659E+02
         0.34863E+02          0.19598E+02
         0.34854E+02          0.19528E+02
         0.34844E+02          0.19427E+02
         0.34834E+02          0.19244E+02
         0.34824E+02          0.18914E+02
         0.34814E+02          0.21468E+02
         0.34805E+02          0.19808E+02
         0.34795E+02          0.20770E+02
         0.34785E+02          0.19501E+02
         0.34775E+02          0.19804E+02
         0.34766E+02          0.19751E+02
         0.34756E+02          0.19679E+02
         0.34746E+02          0.19600E+02
         0.34736E+02          0.19479E+02
         0.34727E+02          0.19258E+02
         0.34717E+02          0.19724E+02
         0.34707E+02          0.19838E+02
         0.34698E+02          0.18729E+02
         0.34688E+02          0.19740E+02
         0.34678E+02          0.19677E+02
         0.34668E+02          0.19564E+02
         0.34659E+02          0.19359E+02
         0.34649E+02          0.23112E+02
         0.34639E+02          0.21701E+02
         0.34630E+02          0.19717E+02
         0.34620E+02          0.19611E+02
         0.34610E+02          0.19304E+02
         0.34601E+02          0.19808E+02
         0.34591E+02          0.19627E+02
         0.34581E+02          0.19497E+02
         0.34572E+02          0.21438E+02
         0.34562E+02          0.19679E+02
         0.34553E+02          0.19301E+02
         0.34543E+02          0.19372E+02
         0.34533E+02          0.19183E+02
         0.34524E+02          0.19695E+02
         0.34514E+02          0.18890E+02
         0.34504E+02          0.19505E+02
         0.34495E+02          0.19734E+02
         0.34485E+02          0.19114E+02
         0.34476E+02          0.18735E+02
         0.34466E+02          0.21089E+02
         0.34456E+02          0.19420E+02
         0.34447E+02          0.19826E+02
         0.34437E+02          0.19159E+02
         0.34428E+02          0.19155E+02
         0.34418E+02          0.19149E+02
         0.34409E+02          0.19148E+02
         0.34399E+02          0.19142E+02
         0.34390E+02          0.19141E+02
         0.34380E+02          0.19175E+02
         0.34371E+02          0.19142E+02
         0.34361E+02          0.19129E+02
         0.34351E+02          0.19125E+02
         0.34342E+02          0.19120E+02
         0.34332E+02          0.19117E+02
         0.34323E+02          0.19112E+02
         0.34313E+02          0.19108E+02
         0.34304E+02          0.19099E+02
         0.34294E+02          0.19105E+02
         0.34285E+02          0.19100E+02
         0.34276E+02          0.19095E+02
         0.34266E+02          0.19090E+02
         0.34257E+02          0.19086E+02
         0.34247E+02          0.19082E+02
         0.34238E+02          0.19078E+02
         0.34228E+02          0.19073E+02
         0.34219E+02          0.19068E+02
         0.34209E+02          0.19064E+02
         0.34200E+02          0.19059E+02
         0.34190E+02          0.19055E+02
         0.34181E+02          0.19051E+02
         0.34172E+02          0.19049E+02
         0.34162E+02          0.19060E+02
         0.34153E+02          0.19043E+02
         0.34143E+02          0.19030E+02
         0.34134E+02          0.19025E+02
         0.34125E+02          0.19021E+02
         0.34115E+02          0.19019E+02
         0.34106E+02          0.19016E+02
         0.34096E+02          0.19008E+02
         0.34087E+02          0.19000E+02
         0.34078E+02          0.18993E+02
         0.34068E+02          0.18988E+02
         0.34059E+02          0.18983E+02
         0.34050E+02          0.18981E+02
         0.34040E+02          0.18984E+02
         0.34031E+02          0.19009E+02
         0.34022E+02          0.19023E+02
         0.34012E+02          0.18961E+02
         0.34003E+02          0.18941E+02
         0.33994E+02          0.18931E+02
         0.33984E+02          0.18924E+02
         0.33975E+02          0.18917E+02
         0.33966E+02          0.18910E+02
         0.33956E+02          0.18903E+02
         0.33947E+02          0.18897E+02
         0.33938E+02          0.18890E+02
         0.33928E+02          0.18884E+02
         0.33919E+02          0.18879E+02
         0.33910E+02          0.18858E+02
         0.33901E+02          0.18852E+02
         0.33891E+02          0.18846E+02
