         0.74274E+02          0.00000E+00
         0.74230E+02          0.00000E+00
         0.74185E+02          0.00000E+00
         0.74141E+02          0.00000E+00
         0.74097E+02          0.00000E+00
         0.74052E+02          0.00000E+00
         0.74008E+02          0.00000E+00
         0.73964E+02          0.00000E+00
         0.73920E+02          0.00000E+00
         0.73876E+02          0.00000E+00
         0.73832E+02          0.00000E+00
         0.73788E+02          0.00000E+00
         0.73744E+02          0.00000E+00
         0.73700E+02          0.00000E+00
         0.73657E+02          0.00000E+00
         0.73613E+02          0.00000E+00
         0.73569E+02          0.00000E+00
         0.73525E+02          0.00000E+00
         0.73482E+02          0.00000E+00
         0.73438E+02          0.00000E+00
         0.73395E+02          0.00000E+00
         0.73351E+02          0.00000E+00
         0.73308E+02          0.00000E+00
         0.73265E+02          0.00000E+00
         0.73222E+02          0.00000E+00
         0.73178E+02          0.00000E+00
         0.73135E+02          0.00000E+00
         0.73092E+02          0.00000E+00
         0.73049E+02          0.00000E+00
         0.73006E+02          0.00000E+00
         0.72963E+02          0.00000E+00
         0.72920E+02          0.00000E+00
         0.72877E+02          0.00000E+00
         0.72834E+02          0.00000E+00
         0.72792E+02          0.00000E+00
         0.72749E+02          0.00000E+00
         0.72706E+02          0.00000E+00
         0.72664E+02          0.00000E+00
         0.72621E+02          0.00000E+00
         0.72579E+02          0.00000E+00
         0.72536E+02          0.00000E+00
         0.72494E+02          0.00000E+00
         0.72451E+02          0.00000E+00
         0.72409E+02          0.00000E+00
         0.72367E+02          0.00000E+00
         0.72325E+02          0.00000E+00
         0.72282E+02          0.00000E+00
         0.72240E+02          0.00000E+00
         0.72198E+02          0.00000E+00
         0.72156E+02          0.00000E+00
         0.72114E+02          0.00000E+00
         0.72072E+02          0.00000E+00
         0.72030E+02          0.00000E+00
         0.71989E+02          0.00000E+00
         0.71947E+02          0.00000E+00
         0.71905E+02          0.00000E+00
         0.71863E+02          0.00000E+00
         0.71822E+02          0.00000E+00
         0.71780E+02          0.00000E+00
         0.71739E+02          0.00000E+00
         0.71697E+02          0.00000E+00
         0.71656E+02          0.00000E+00
         0.71614E+02          0.00000E+00
         0.71573E+02          0.00000E+00
         0.71532E+02          0.00000E+00
         0.71491E+02          0.00000E+00
         0.71449E+02          0.00000E+00
         0.71408E+02          0.00000E+00
         0.71367E+02          0.00000E+00
         0.71326E+02          0.00000E+00
         0.71285E+02          0.00000E+00
         0.71244E+02          0.00000E+00
         0.71203E+02          0.00000E+00
         0.71162E+02          0.00000E+00
         0.71121E+02          0.00000E+00
         0.71081E+02          0.00000E+00
         0.71040E+02          0.00000E+00
         0.70999E+02          0.00000E+00
         0.70959E+02          0.00000E+00
         0.70918E+02          0.00000E+00
         0.70877E+02          0.00000E+00
         0.70837E+02          0.00000E+00
         0.70797E+02          0.00000E+00
         0.70756E+02          0.00000E+00
         0.70716E+02          0.00000E+00
         0.70675E+02          0.00000E+00
         0.70635E+02          0.00000E+00
         0.70595E+02          0.00000E+00
         0.70555E+02          0.00000E+00
         0.70515E+02          0.00000E+00
         0.70475E+02          0.00000E+00
         0.70435E+02          0.00000E+00
         0.70395E+02          0.00000E+00
         0.70355E+02          0.00000E+00
         0.70315E+02          0.00000E+00
         0.70275E+02          0.00000E+00
         0.70235E+02          0.00000E+00
         0.70195E+02          0.00000E+00
         0.70156E+02          0.00000E+00
         0.70116E+02          0.00000E+00
         0.70076E+02          0.00000E+00
         0.70037E+02          0.00000E+00
         0.69997E+02          0.00000E+00
         0.69958E+02          0.00000E+00
         0.69918E+02          0.00000E+00
         0.69879E+02          0.00000E+00
         0.69839E+02          0.00000E+00
         0.69800E+02          0.00000E+00
         0.69761E+02          0.00000E+00
         0.69722E+02          0.00000E+00
         0.69682E+02          0.00000E+00
         0.69643E+02          0.00000E+00
         0.69604E+02          0.00000E+00
         0.69565E+02          0.00000E+00
         0.69526E+02          0.00000E+00
         0.69487E+02          0.00000E+00
         0.69448E+02          0.00000E+00
         0.69409E+02          0.00000E+00
         0.69371E+02          0.00000E+00
         0.69332E+02          0.00000E+00
         0.69293E+02          0.00000E+00
         0.69254E+02          0.00000E+00
         0.69216E+02          0.00000E+00
         0.69177E+02          0.00000E+00
         0.69138E+02          0.00000E+00
         0.69100E+02          0.00000E+00
         0.69061E+02          0.00000E+00
         0.69023E+02          0.00000E+00
         0.68985E+02          0.00000E+00
         0.68946E+02          0.00000E+00
         0.68908E+02          0.00000E+00
         0.68870E+02          0.00000E+00
         0.68831E+02          0.00000E+00
         0.68793E+02          0.00000E+00
         0.68755E+02          0.00000E+00
         0.68717E+02          0.00000E+00
         0.68679E+02          0.00000E+00
         0.68641E+02          0.00000E+00
         0.68603E+02          0.00000E+00
         0.68565E+02          0.00000E+00
         0.68527E+02          0.00000E+00
         0.68489E+02          0.00000E+00
         0.68451E+02          0.00000E+00
         0.68414E+02          0.00000E+00
         0.68376E+02          0.00000E+00
         0.68338E+02          0.00000E+00
         0.68300E+02          0.00000E+00
         0.68263E+02          0.00000E+00
         0.68225E+02          0.00000E+00
         0.68188E+02          0.00000E+00
         0.68150E+02          0.00000E+00
         0.68113E+02          0.00000E+00
         0.68075E+02          0.00000E+00
         0.68038E+02          0.00000E+00
         0.68001E+02          0.00000E+00
         0.67964E+02          0.00000E+00
         0.67926E+02          0.00000E+00
         0.67889E+02          0.00000E+00
         0.67852E+02          0.00000E+00
         0.67815E+02          0.00000E+00
         0.67778E+02          0.00000E+00
         0.67741E+02          0.00000E+00
         0.67704E+02          0.00000E+00
         0.67667E+02          0.00000E+00
         0.67630E+02          0.00000E+00
         0.67593E+02          0.00000E+00
         0.67556E+02          0.00000E+00
         0.67519E+02          0.00000E+00
         0.67483E+02          0.00000E+00
         0.67446E+02          0.00000E+00
         0.67409E+02          0.00000E+00
         0.67373E+02          0.00000E+00
         0.67336E+02          0.00000E+00
         0.67299E+02          0.00000E+00
         0.67263E+02          0.00000E+00
         0.67227E+02          0.00000E+00
         0.67190E+02          0.00000E+00
         0.67154E+02          0.00000E+00
         0.67117E+02          0.00000E+00
         0.67081E+02          0.00000E+00
         0.67045E+02          0.00000E+00
         0.67009E+02          0.00000E+00
         0.66972E+02          0.00000E+00
         0.66936E+02          0.00000E+00
         0.66900E+02          0.00000E+00
         0.66864E+02          0.00000E+00
         0.66828E+02          0.00000E+00
         0.66792E+02          0.00000E+00
         0.66756E+02          0.00000E+00
         0.66720E+02          0.00000E+00
         0.66684E+02          0.00000E+00
         0.66648E+02          0.00000E+00
         0.66612E+02          0.00000E+00
         0.66577E+02          0.00000E+00
         0.66541E+02          0.00000E+00
         0.66505E+02          0.00000E+00
         0.66470E+02          0.00000E+00
         0.66434E+02          0.00000E+00
         0.66398E+02          0.00000E+00
         0.66363E+02          0.00000E+00
         0.66327E+02          0.00000E+00
         0.66292E+02          0.00000E+00
         0.66257E+02          0.00000E+00
         0.66221E+02          0.00000E+00
         0.66186E+02          0.00000E+00
         0.66150E+02          0.00000E+00
         0.66115E+02          0.00000E+00
         0.66080E+02          0.00000E+00
         0.66045E+02          0.00000E+00
         0.66010E+02          0.00000E+00
         0.65974E+02          0.00000E+00
         0.65939E+02          0.00000E+00
         0.65904E+02          0.00000E+00
         0.65869E+02          0.00000E+00
         0.65834E+02          0.00000E+00
         0.65799E+02          0.00000E+00
         0.65764E+02          0.00000E+00
         0.65730E+02          0.00000E+00
         0.65695E+02          0.00000E+00
         0.65660E+02          0.00000E+00
         0.65625E+02          0.00000E+00
         0.65591E+02          0.00000E+00
         0.65556E+02          0.00000E+00
         0.65521E+02          0.00000E+00
         0.65487E+02          0.00000E+00
         0.65452E+02          0.00000E+00
         0.65417E+02          0.00000E+00
         0.65383E+02          0.00000E+00
         0.65349E+02          0.00000E+00
         0.65314E+02          0.00000E+00
         0.65280E+02          0.00000E+00
         0.65245E+02          0.00000E+00
         0.65211E+02          0.00000E+00
         0.65177E+02          0.00000E+00
         0.65143E+02          0.00000E+00
         0.65108E+02          0.00000E+00
         0.65074E+02          0.00000E+00
         0.65040E+02          0.00000E+00
         0.65006E+02          0.00000E+00
         0.64972E+02          0.00000E+00
         0.64938E+02          0.00000E+00
         0.64904E+02          0.00000E+00
         0.64870E+02          0.00000E+00
         0.64836E+02          0.00000E+00
         0.64802E+02          0.00000E+00
         0.64768E+02          0.00000E+00
         0.64734E+02          0.00000E+00
         0.64701E+02          0.00000E+00
         0.64667E+02          0.00000E+00
         0.64633E+02          0.00000E+00
         0.64599E+02          0.00000E+00
         0.64566E+02          0.00000E+00
         0.64532E+02          0.00000E+00
         0.64499E+02          0.00000E+00
         0.64465E+02          0.00000E+00
         0.64432E+02          0.00000E+00
         0.64398E+02          0.00000E+00
         0.64365E+02          0.00000E+00
         0.64331E+02          0.00000E+00
         0.64298E+02          0.00000E+00
         0.64265E+02          0.00000E+00
         0.64231E+02          0.00000E+00
         0.64198E+02          0.00000E+00
         0.64165E+02          0.00000E+00
         0.64132E+02          0.00000E+00
         0.64099E+02          0.00000E+00
         0.64065E+02          0.00000E+00
         0.64032E+02          0.00000E+00
         0.63999E+02          0.00000E+00
         0.63966E+02          0.00000E+00
         0.63933E+02          0.00000E+00
         0.63900E+02          0.00000E+00
         0.63867E+02          0.00000E+00
         0.63834E+02          0.00000E+00
         0.63802E+02          0.00000E+00
         0.63769E+02          0.00000E+00
         0.63736E+02          0.00000E+00
         0.63703E+02          0.00000E+00
         0.63671E+02          0.00000E+00
         0.63638E+02          0.00000E+00
         0.63605E+02          0.00000E+00
         0.63573E+02          0.00000E+00
         0.63540E+02          0.00000E+00
         0.63508E+02          0.00000E+00
         0.63475E+02          0.00000E+00
         0.63443E+02          0.00000E+00
         0.63410E+02          0.00000E+00
         0.63378E+02          0.00000E+00
         0.63345E+02          0.00000E+00
         0.63313E+02          0.00000E+00
         0.63281E+02          0.00000E+00
         0.63248E+02          0.00000E+00
         0.63216E+02          0.00000E+00
         0.63184E+02          0.00000E+00
         0.63152E+02          0.00000E+00
         0.63120E+02          0.00000E+00
         0.63087E+02          0.00000E+00
         0.63055E+02          0.00000E+00
         0.63023E+02          0.00000E+00
         0.62991E+02          0.00000E+00
         0.62959E+02          0.00000E+00
         0.62927E+02          0.00000E+00
         0.62895E+02          0.00000E+00
         0.62864E+02          0.00000E+00
         0.62832E+02          0.00000E+00
         0.62800E+02          0.00000E+00
         0.62768E+02          0.00000E+00
         0.62736E+02          0.00000E+00
         0.62705E+02          0.00000E+00
         0.62673E+02          0.00000E+00
         0.62641E+02          0.00000E+00
         0.62610E+02          0.00000E+00
         0.62578E+02          0.00000E+00
         0.62546E+02          0.00000E+00
         0.62515E+02          0.00000E+00
         0.62483E+02          0.00000E+00
         0.62452E+02          0.00000E+00
         0.62420E+02          0.00000E+00
         0.62389E+02          0.00000E+00
         0.62358E+02          0.00000E+00
         0.62326E+02          0.00000E+00
         0.62295E+02          0.00000E+00
         0.62264E+02          0.00000E+00
         0.62232E+02          0.00000E+00
         0.62201E+02          0.00000E+00
         0.62170E+02          0.00000E+00
         0.62139E+02          0.00000E+00
         0.62108E+02          0.00000E+00
         0.62077E+02          0.00000E+00
         0.62046E+02          0.00000E+00
         0.62015E+02          0.00000E+00
         0.61984E+02          0.00000E+00
         0.61953E+02          0.00000E+00
         0.61922E+02          0.00000E+00
         0.61891E+02          0.00000E+00
         0.61860E+02          0.00000E+00
         0.61829E+02          0.00000E+00
         0.61798E+02          0.00000E+00
         0.61767E+02          0.00000E+00
         0.61737E+02          0.00000E+00
         0.61706E+02          0.00000E+00
         0.61675E+02          0.00000E+00
         0.61645E+02          0.00000E+00
         0.61614E+02          0.00000E+00
         0.61583E+02          0.00000E+00
         0.61553E+02          0.00000E+00
         0.61522E+02          0.00000E+00
         0.61492E+02          0.00000E+00
         0.61461E+02          0.00000E+00
         0.61431E+02          0.00000E+00
         0.61400E+02          0.00000E+00
         0.61370E+02          0.00000E+00
         0.61340E+02          0.00000E+00
         0.61309E+02          0.00000E+00
         0.61279E+02          0.00000E+00
         0.61249E+02          0.00000E+00
         0.61218E+02          0.00000E+00
         0.61188E+02          0.00000E+00
         0.61158E+02          0.00000E+00
         0.61128E+02          0.00000E+00
         0.61098E+02          0.00000E+00
         0.61068E+02          0.00000E+00
         0.61038E+02          0.00000E+00
         0.61008E+02          0.00000E+00
         0.60978E+02          0.00000E+00
         0.60948E+02          0.00000E+00
         0.60918E+02          0.00000E+00
         0.60888E+02          0.00000E+00
         0.60858E+02          0.00000E+00
         0.60828E+02          0.00000E+00
         0.60798E+02          0.00000E+00
         0.60768E+02          0.00000E+00
         0.60739E+02          0.00000E+00
         0.60709E+02          0.00000E+00
         0.60679E+02          0.00000E+00
         0.60649E+02          0.00000E+00
         0.60620E+02          0.00000E+00
         0.60590E+02          0.00000E+00
         0.60561E+02          0.00000E+00
         0.60531E+02          0.00000E+00
         0.60501E+02          0.00000E+00
         0.60472E+02          0.00000E+00
         0.60442E+02          0.00000E+00
         0.60413E+02          0.00000E+00
         0.60384E+02          0.00000E+00
         0.60354E+02          0.00000E+00
         0.60325E+02          0.00000E+00
         0.60295E+02          0.00000E+00
         0.60266E+02          0.00000E+00
         0.60237E+02          0.00000E+00
         0.60208E+02          0.00000E+00
         0.60178E+02          0.00000E+00
         0.60149E+02          0.00000E+00
         0.60120E+02          0.00000E+00
         0.60091E+02          0.00000E+00
         0.60062E+02          0.00000E+00
         0.60033E+02          0.00000E+00
         0.60004E+02          0.00000E+00
         0.59975E+02          0.00000E+00
         0.59946E+02          0.00000E+00
         0.59917E+02          0.00000E+00
         0.59888E+02          0.00000E+00
         0.59859E+02          0.00000E+00
         0.59830E+02          0.00000E+00
         0.59801E+02          0.00000E+00
         0.59772E+02          0.00000E+00
         0.59743E+02          0.00000E+00
         0.59715E+02          0.00000E+00
         0.59686E+02          0.00000E+00
         0.59657E+02          0.00000E+00
         0.59629E+02          0.00000E+00
         0.59600E+02          0.00000E+00
         0.59571E+02          0.00000E+00
         0.59543E+02          0.00000E+00
         0.59514E+02          0.00000E+00
         0.59485E+02          0.00000E+00
         0.59457E+02          0.00000E+00
         0.59428E+02          0.00000E+00
         0.59400E+02          0.00000E+00
         0.59372E+02          0.00000E+00
         0.59343E+02          0.00000E+00
         0.59315E+02          0.00000E+00
         0.59286E+02          0.00000E+00
         0.59258E+02          0.00000E+00
         0.59230E+02          0.00000E+00
         0.59201E+02          0.00000E+00
         0.59173E+02          0.00000E+00
         0.59145E+02          0.00000E+00
         0.59117E+02          0.00000E+00
         0.59089E+02          0.00000E+00
         0.59060E+02          0.00000E+00
         0.59032E+02          0.00000E+00
         0.59004E+02          0.00000E+00
         0.58976E+02          0.00000E+00
         0.58948E+02          0.00000E+00
         0.58920E+02          0.00000E+00
         0.58892E+02          0.00000E+00
         0.58864E+02          0.00000E+00
         0.58836E+02          0.00000E+00
         0.58808E+02          0.00000E+00
         0.58780E+02          0.00000E+00
         0.58753E+02          0.00000E+00
         0.58725E+02          0.00000E+00
         0.58697E+02          0.00000E+00
         0.58669E+02          0.00000E+00
         0.58641E+02          0.00000E+00
         0.58614E+02          0.00000E+00
         0.58586E+02          0.00000E+00
         0.58558E+02          0.00000E+00
         0.58531E+02          0.00000E+00
         0.58503E+02          0.00000E+00
         0.58475E+02          0.00000E+00
         0.58448E+02          0.00000E+00
         0.58420E+02          0.00000E+00
         0.58393E+02          0.00000E+00
         0.58365E+02          0.00000E+00
         0.58338E+02          0.00000E+00
         0.58310E+02          0.00000E+00
         0.58283E+02          0.00000E+00
         0.58256E+02          0.00000E+00
         0.58228E+02          0.00000E+00
         0.58201E+02          0.00000E+00
         0.58174E+02          0.00000E+00
         0.58146E+02          0.00000E+00
         0.58119E+02          0.00000E+00
         0.58092E+02          0.00000E+00
         0.58065E+02          0.00000E+00
         0.58038E+02          0.00000E+00
         0.58010E+02          0.00000E+00
         0.57983E+02          0.00000E+00
         0.57956E+02          0.00000E+00
         0.57929E+02          0.00000E+00
         0.57902E+02          0.00000E+00
         0.57875E+02          0.00000E+00
         0.57848E+02          0.00000E+00
         0.57821E+02          0.00000E+00
         0.57794E+02          0.00000E+00
         0.57767E+02          0.00000E+00
         0.57740E+02          0.00000E+00
         0.57713E+02          0.00000E+00
         0.57686E+02          0.00000E+00
         0.57660E+02          0.00000E+00
         0.57633E+02          0.00000E+00
         0.57606E+02          0.00000E+00
         0.57579E+02          0.00000E+00
         0.57553E+02          0.00000E+00
         0.57526E+02          0.00000E+00
         0.57499E+02          0.00000E+00
         0.57473E+02          0.00000E+00
         0.57446E+02          0.00000E+00
         0.57419E+02          0.00000E+00
         0.57393E+02          0.00000E+00
         0.57366E+02          0.00000E+00
         0.57340E+02          0.00000E+00
         0.57313E+02          0.00000E+00
         0.57287E+02          0.00000E+00
         0.57260E+02          0.00000E+00
         0.57234E+02          0.00000E+00
         0.57207E+02          0.00000E+00
         0.57181E+02          0.00000E+00
         0.57155E+02          0.00000E+00
         0.57128E+02          0.00000E+00
         0.57102E+02          0.00000E+00
         0.57076E+02          0.00000E+00
         0.57049E+02          0.00000E+00
         0.57023E+02          0.00000E+00
         0.56997E+02          0.00000E+00
         0.56971E+02          0.00000E+00
         0.56945E+02          0.00000E+00
         0.56918E+02          0.00000E+00
         0.56892E+02          0.00000E+00
         0.56866E+02          0.00000E+00
         0.56840E+02          0.00000E+00
         0.56814E+02          0.00000E+00
         0.56788E+02          0.00000E+00
         0.56762E+02          0.00000E+00
         0.56736E+02          0.00000E+00
         0.56710E+02          0.00000E+00
         0.56684E+02          0.00000E+00
         0.56658E+02          0.00000E+00
         0.56632E+02          0.00000E+00
         0.56607E+02          0.00000E+00
         0.56581E+02          0.00000E+00
         0.56555E+02          0.00000E+00
         0.56529E+02          0.00000E+00
         0.56503E+02          0.00000E+00
         0.56478E+02          0.00000E+00
         0.56452E+02          0.00000E+00
         0.56426E+02          0.00000E+00
         0.56401E+02          0.00000E+00
         0.56375E+02          0.00000E+00
         0.56349E+02          0.00000E+00
         0.56324E+02          0.00000E+00
         0.56298E+02          0.00000E+00
         0.56273E+02          0.00000E+00
         0.56247E+02          0.00000E+00
         0.56222E+02          0.00000E+00
         0.56196E+02          0.00000E+00
         0.56171E+02          0.00000E+00
         0.56145E+02          0.00000E+00
         0.56120E+02          0.00000E+00
         0.56094E+02          0.00000E+00
         0.56069E+02          0.00000E+00
         0.56044E+02          0.00000E+00
         0.56018E+02          0.00000E+00
         0.55993E+02          0.00000E+00
         0.55968E+02          0.00000E+00
         0.55943E+02          0.00000E+00
         0.55917E+02          0.00000E+00
         0.55892E+02          0.00000E+00
         0.55867E+02          0.00000E+00
         0.55842E+02          0.00000E+00
         0.55817E+02          0.00000E+00
         0.55792E+02          0.00000E+00
         0.55766E+02          0.00000E+00
         0.55741E+02          0.00000E+00
         0.55716E+02          0.00000E+00
         0.55691E+02          0.00000E+00
         0.55666E+02          0.00000E+00
         0.55641E+02          0.00000E+00
         0.55616E+02          0.00000E+00
         0.55591E+02          0.00000E+00
         0.55566E+02          0.00000E+00
         0.55542E+02          0.00000E+00
         0.55517E+02          0.00000E+00
         0.55492E+02          0.00000E+00
         0.55467E+02          0.00000E+00
         0.55442E+02          0.00000E+00
         0.55417E+02          0.00000E+00
         0.55393E+02          0.00000E+00
         0.55368E+02          0.00000E+00
         0.55343E+02          0.00000E+00
         0.55319E+02          0.00000E+00
         0.55294E+02          0.00000E+00
         0.55269E+02          0.00000E+00
         0.55245E+02          0.00000E+00
         0.55220E+02          0.00000E+00
         0.55195E+02          0.00000E+00
         0.55171E+02          0.00000E+00
         0.55146E+02          0.00000E+00
         0.55122E+02          0.00000E+00
         0.55097E+02          0.00000E+00
         0.55073E+02          0.00000E+00
         0.55048E+02          0.00000E+00
         0.55024E+02          0.00000E+00
         0.55000E+02          0.00000E+00
         0.54975E+02          0.00000E+00
         0.54951E+02          0.00000E+00
         0.54926E+02          0.00000E+00
         0.54902E+02          0.00000E+00
         0.54878E+02          0.00000E+00
         0.54854E+02          0.00000E+00
         0.54829E+02          0.00000E+00
         0.54805E+02          0.00000E+00
         0.54781E+02          0.00000E+00
         0.54757E+02          0.00000E+00
         0.54732E+02          0.00000E+00
         0.54708E+02          0.00000E+00
         0.54684E+02          0.00000E+00
         0.54660E+02          0.00000E+00
         0.54636E+02          0.00000E+00
         0.54612E+02          0.00000E+00
         0.54588E+02          0.00000E+00
         0.54564E+02          0.00000E+00
         0.54540E+02          0.00000E+00
         0.54516E+02          0.00000E+00
         0.54492E+02          0.00000E+00
         0.54468E+02          0.00000E+00
         0.54444E+02          0.00000E+00
         0.54420E+02          0.00000E+00
         0.54396E+02          0.00000E+00
         0.54372E+02          0.00000E+00
         0.54349E+02          0.00000E+00
         0.54325E+02          0.00000E+00
         0.54301E+02          0.00000E+00
         0.54277E+02          0.00000E+00
         0.54253E+02          0.00000E+00
         0.54230E+02          0.00000E+00
         0.54206E+02          0.00000E+00
         0.54182E+02          0.00000E+00
         0.54159E+02          0.00000E+00
         0.54135E+02          0.00000E+00
         0.54111E+02          0.00000E+00
         0.54088E+02          0.00000E+00
         0.54064E+02          0.00000E+00
         0.54041E+02          0.00000E+00
         0.54017E+02          0.00000E+00
         0.53994E+02          0.00000E+00
         0.53970E+02          0.00000E+00
         0.53947E+02          0.00000E+00
         0.53923E+02          0.00000E+00
         0.53900E+02          0.00000E+00
         0.53876E+02          0.00000E+00
         0.53853E+02          0.00000E+00
         0.53829E+02          0.00000E+00
         0.53806E+02          0.00000E+00
         0.53783E+02          0.00000E+00
         0.53759E+02          0.00000E+00
         0.53736E+02          0.00000E+00
         0.53713E+02          0.00000E+00
         0.53690E+02          0.00000E+00
         0.53666E+02          0.00000E+00
         0.53643E+02          0.00000E+00
         0.53620E+02          0.00000E+00
         0.53597E+02          0.00000E+00
         0.53574E+02          0.00000E+00
         0.53550E+02          0.00000E+00
         0.53527E+02          0.00000E+00
         0.53504E+02          0.00000E+00
         0.53481E+02          0.00000E+00
         0.53458E+02          0.00000E+00
         0.53435E+02          0.00000E+00
         0.53412E+02          0.00000E+00
         0.53389E+02          0.00000E+00
         0.53366E+02          0.00000E+00
         0.53343E+02          0.00000E+00
         0.53320E+02          0.00000E+00
         0.53297E+02          0.00000E+00
         0.53274E+02          0.00000E+00
         0.53251E+02          0.00000E+00
         0.53229E+02          0.00000E+00
         0.53206E+02          0.00000E+00
         0.53183E+02          0.00000E+00
         0.53160E+02          0.00000E+00
         0.53137E+02          0.00000E+00
         0.53115E+02          0.00000E+00
         0.53092E+02          0.00000E+00
         0.53069E+02          0.00000E+00
         0.53046E+02          0.00000E+00
         0.53024E+02          0.00000E+00
         0.53001E+02          0.00000E+00
         0.52978E+02          0.00000E+00
         0.52956E+02          0.00000E+00
         0.52933E+02          0.00000E+00
         0.52911E+02          0.00000E+00
         0.52888E+02          0.00000E+00
         0.52865E+02          0.00000E+00
         0.52843E+02          0.00000E+00
         0.52820E+02          0.00000E+00
         0.52798E+02          0.00000E+00
         0.52775E+02          0.00000E+00
         0.52753E+02          0.00000E+00
         0.52731E+02          0.00000E+00
         0.52708E+02          0.00000E+00
         0.52686E+02          0.00000E+00
         0.52663E+02          0.00000E+00
         0.52641E+02          0.00000E+00
         0.52619E+02          0.00000E+00
         0.52596E+02          0.00000E+00
         0.52574E+02          0.00000E+00
         0.52552E+02          0.00000E+00
         0.52529E+02          0.00000E+00
         0.52507E+02          0.00000E+00
         0.52485E+02          0.00000E+00
         0.52463E+02          0.00000E+00
         0.52441E+02          0.00000E+00
         0.52418E+02          0.00000E+00
         0.52396E+02          0.00000E+00
         0.52374E+02          0.00000E+00
         0.52352E+02          0.00000E+00
         0.52330E+02          0.00000E+00
         0.52308E+02          0.00000E+00
         0.52286E+02          0.00000E+00
         0.52264E+02          0.00000E+00
         0.52242E+02          0.00000E+00
         0.52220E+02          0.00000E+00
         0.52198E+02          0.00000E+00
         0.52176E+02          0.00000E+00
         0.52154E+02          0.00000E+00
         0.52132E+02          0.00000E+00
         0.52110E+02          0.00000E+00
         0.52088E+02          0.00000E+00
         0.52066E+02          0.00000E+00
         0.52044E+02          0.00000E+00
         0.52023E+02          0.00000E+00
         0.52001E+02          0.00000E+00
         0.51979E+02          0.00000E+00
         0.51957E+02          0.00000E+00
         0.51935E+02          0.00000E+00
         0.51914E+02          0.00000E+00
         0.51892E+02          0.00000E+00
         0.51870E+02          0.00000E+00
         0.51849E+02          0.00000E+00
         0.51827E+02          0.00000E+00
         0.51805E+02          0.00000E+00
         0.51784E+02          0.00000E+00
         0.51762E+02          0.00000E+00
         0.51740E+02          0.00000E+00
         0.51719E+02          0.00000E+00
         0.51697E+02          0.00000E+00
         0.51676E+02          0.00000E+00
         0.51654E+02          0.00000E+00
         0.51633E+02          0.00000E+00
         0.51611E+02          0.00000E+00
         0.51590E+02          0.00000E+00
         0.51568E+02          0.00000E+00
         0.51547E+02          0.00000E+00
         0.51525E+02          0.00000E+00
         0.51504E+02          0.00000E+00
         0.51483E+02          0.00000E+00
         0.51461E+02          0.00000E+00
         0.51440E+02          0.00000E+00
         0.51418E+02          0.00000E+00
         0.51397E+02          0.00000E+00
         0.51376E+02          0.00000E+00
         0.51355E+02          0.00000E+00
         0.51333E+02          0.00000E+00
         0.51312E+02          0.00000E+00
         0.51291E+02          0.00000E+00
         0.51270E+02          0.00000E+00
         0.51248E+02          0.00000E+00
         0.51227E+02          0.00000E+00
         0.51206E+02          0.00000E+00
         0.51185E+02          0.00000E+00
         0.51164E+02          0.00000E+00
         0.51143E+02          0.00000E+00
         0.51122E+02          0.00000E+00
         0.51101E+02          0.00000E+00
         0.51080E+02          0.00000E+00
         0.51058E+02          0.00000E+00
         0.51037E+02          0.00000E+00
         0.51016E+02          0.00000E+00
         0.50995E+02          0.00000E+00
         0.50975E+02          0.00000E+00
         0.50954E+02          0.00000E+00
         0.50933E+02          0.00000E+00
         0.50912E+02          0.00000E+00
         0.50891E+02          0.00000E+00
         0.50870E+02          0.00000E+00
         0.50849E+02          0.00000E+00
         0.50828E+02          0.00000E+00
         0.50807E+02          0.00000E+00
         0.50787E+02          0.00000E+00
         0.50766E+02          0.00000E+00
         0.50745E+02          0.00000E+00
         0.50724E+02          0.00000E+00
         0.50704E+02          0.00000E+00
         0.50683E+02          0.00000E+00
         0.50662E+02          0.00000E+00
         0.50641E+02          0.00000E+00
         0.50621E+02          0.00000E+00
         0.50600E+02          0.00000E+00
         0.50579E+02          0.00000E+00
         0.50559E+02          0.00000E+00
         0.50538E+02          0.00000E+00
         0.50518E+02          0.00000E+00
         0.50497E+02          0.00000E+00
         0.50476E+02          0.00000E+00
         0.50456E+02          0.00000E+00
         0.50435E+02          0.00000E+00
         0.50415E+02          0.00000E+00
         0.50394E+02          0.00000E+00
         0.50374E+02          0.00000E+00
         0.50353E+02          0.00000E+00
         0.50333E+02          0.00000E+00
         0.50313E+02          0.00000E+00
         0.50292E+02          0.00000E+00
         0.50272E+02          0.00000E+00
         0.50251E+02          0.00000E+00
         0.50231E+02          0.00000E+00
         0.50211E+02          0.00000E+00
         0.50190E+02          0.00000E+00
         0.50170E+02          0.00000E+00
         0.50150E+02          0.00000E+00
         0.50129E+02          0.00000E+00
         0.50109E+02          0.00000E+00
         0.50089E+02          0.00000E+00
         0.50069E+02          0.00000E+00
         0.50049E+02          0.00000E+00
         0.50028E+02          0.00000E+00
         0.50008E+02          0.00000E+00
         0.49988E+02          0.00000E+00
         0.49968E+02          0.00000E+00
         0.49948E+02          0.00000E+00
         0.49928E+02          0.00000E+00
         0.49908E+02          0.00000E+00
         0.49887E+02          0.00000E+00
         0.49867E+02          0.00000E+00
         0.49847E+02          0.00000E+00
         0.49827E+02          0.00000E+00
         0.49807E+02          0.00000E+00
         0.49787E+02          0.00000E+00
         0.49767E+02          0.00000E+00
         0.49747E+02          0.00000E+00
         0.49727E+02          0.00000E+00
         0.49707E+02          0.00000E+00
         0.49688E+02          0.00000E+00
         0.49668E+02          0.00000E+00
         0.49648E+02          0.00000E+00
         0.49628E+02          0.00000E+00
         0.49608E+02          0.00000E+00
         0.49588E+02          0.00000E+00
         0.49568E+02          0.00000E+00
         0.49549E+02          0.00000E+00
         0.49529E+02          0.00000E+00
         0.49509E+02          0.00000E+00
         0.49489E+02          0.00000E+00
         0.49469E+02          0.00000E+00
         0.49450E+02          0.00000E+00
         0.49430E+02          0.00000E+00
         0.49410E+02          0.00000E+00
         0.49391E+02          0.00000E+00
         0.49371E+02          0.00000E+00
         0.49351E+02          0.00000E+00
         0.49332E+02          0.00000E+00
         0.49312E+02          0.00000E+00
         0.49292E+02          0.00000E+00
         0.49273E+02          0.00000E+00
         0.49253E+02          0.00000E+00
         0.49234E+02          0.00000E+00
         0.49214E+02          0.00000E+00
         0.49195E+02          0.00000E+00
         0.49175E+02          0.00000E+00
         0.49156E+02          0.00000E+00
         0.49136E+02          0.00000E+00
         0.49117E+02          0.00000E+00
         0.49097E+02          0.00000E+00
         0.49078E+02          0.00000E+00
         0.49058E+02          0.00000E+00
         0.49039E+02          0.00000E+00
         0.49020E+02          0.00000E+00
         0.49000E+02          0.00000E+00
         0.48981E+02          0.00000E+00
         0.48962E+02          0.00000E+00
         0.48942E+02          0.00000E+00
         0.48923E+02          0.00000E+00
         0.48904E+02          0.00000E+00
         0.48884E+02          0.00000E+00
         0.48865E+02          0.00000E+00
         0.48846E+02          0.00000E+00
         0.48827E+02          0.00000E+00
         0.48807E+02          0.00000E+00
         0.48788E+02          0.00000E+00
         0.48769E+02          0.00000E+00
         0.48750E+02          0.00000E+00
         0.48731E+02          0.00000E+00
         0.48711E+02          0.00000E+00
         0.48692E+02          0.00000E+00
         0.48673E+02          0.00000E+00
         0.48654E+02          0.00000E+00
         0.48635E+02          0.00000E+00
         0.48616E+02          0.00000E+00
         0.48597E+02          0.00000E+00
         0.48578E+02          0.00000E+00
         0.48559E+02          0.00000E+00
         0.48540E+02          0.00000E+00
         0.48521E+02          0.00000E+00
         0.48502E+02          0.00000E+00
         0.48483E+02          0.00000E+00
         0.48464E+02          0.00000E+00
         0.48445E+02          0.00000E+00
         0.48426E+02          0.00000E+00
         0.48407E+02          0.00000E+00
         0.48388E+02          0.00000E+00
         0.48369E+02          0.00000E+00
         0.48351E+02          0.00000E+00
         0.48332E+02          0.00000E+00
         0.48313E+02          0.00000E+00
         0.48294E+02          0.00000E+00
         0.48275E+02          0.00000E+00
         0.48256E+02          0.00000E+00
         0.48238E+02          0.00000E+00
         0.48219E+02          0.00000E+00
         0.48200E+02          0.00000E+00
         0.48181E+02          0.00000E+00
         0.48163E+02          0.00000E+00
         0.48144E+02          0.00000E+00
         0.48125E+02          0.00000E+00
         0.48107E+02          0.00000E+00
         0.48088E+02          0.00000E+00
         0.48069E+02          0.00000E+00
         0.48051E+02          0.00000E+00
         0.48032E+02          0.00000E+00
         0.48013E+02          0.00000E+00
         0.47995E+02          0.00000E+00
         0.47976E+02          0.00000E+00
         0.47958E+02          0.00000E+00
         0.47939E+02          0.00000E+00
         0.47921E+02          0.00000E+00
         0.47902E+02          0.00000E+00
         0.47884E+02          0.00000E+00
         0.47865E+02          0.00000E+00
         0.47847E+02          0.00000E+00
         0.47828E+02          0.00000E+00
         0.47810E+02          0.00000E+00
         0.47791E+02          0.00000E+00
         0.47773E+02          0.00000E+00
         0.47755E+02          0.00000E+00
         0.47736E+02          0.00000E+00
         0.47718E+02          0.00000E+00
         0.47699E+02          0.00000E+00
         0.47681E+02          0.00000E+00
         0.47663E+02          0.00000E+00
         0.47644E+02          0.00000E+00
         0.47626E+02          0.00000E+00
         0.47608E+02          0.00000E+00
         0.47590E+02          0.00000E+00
         0.47571E+02          0.00000E+00
         0.47553E+02          0.00000E+00
         0.47535E+02          0.00000E+00
         0.47517E+02          0.00000E+00
         0.47498E+02          0.00000E+00
         0.47480E+02          0.00000E+00
         0.47462E+02          0.00000E+00
         0.47444E+02          0.00000E+00
         0.47426E+02          0.00000E+00
         0.47408E+02          0.00000E+00
         0.47390E+02          0.00000E+00
         0.47371E+02          0.00000E+00
         0.47353E+02          0.00000E+00
         0.47335E+02          0.00000E+00
         0.47317E+02          0.00000E+00
         0.47299E+02          0.00000E+00
         0.47281E+02          0.00000E+00
         0.47263E+02          0.00000E+00
         0.47245E+02          0.00000E+00
         0.47227E+02          0.00000E+00
         0.47209E+02          0.00000E+00
         0.47191E+02          0.00000E+00
         0.47173E+02          0.00000E+00
         0.47155E+02          0.00000E+00
         0.47137E+02          0.00000E+00
         0.47119E+02          0.00000E+00
         0.47101E+02          0.00000E+00
         0.47084E+02          0.00000E+00
         0.47066E+02          0.00000E+00
         0.47048E+02          0.00000E+00
         0.47030E+02          0.00000E+00
         0.47012E+02          0.00000E+00
         0.46994E+02          0.00000E+00
         0.46977E+02          0.00000E+00
         0.46959E+02          0.00000E+00
         0.46941E+02          0.00000E+00
         0.46923E+02          0.00000E+00
         0.46905E+02          0.00000E+00
         0.46888E+02          0.00000E+00
         0.46870E+02          0.00000E+00
         0.46852E+02          0.00000E+00
         0.46835E+02          0.00000E+00
         0.46817E+02          0.00000E+00
         0.46799E+02          0.00000E+00
         0.46782E+02          0.00000E+00
         0.46764E+02          0.00000E+00
         0.46746E+02          0.00000E+00
         0.46729E+02          0.00000E+00
         0.46711E+02          0.00000E+00
         0.46693E+02          0.00000E+00
         0.46676E+02          0.00000E+00
         0.46658E+02          0.00000E+00
         0.46641E+02          0.00000E+00
         0.46623E+02          0.00000E+00
         0.46606E+02          0.00000E+00
         0.46588E+02          0.00000E+00
         0.46571E+02          0.00000E+00
         0.46553E+02          0.00000E+00
         0.46536E+02          0.00000E+00
         0.46518E+02          0.00000E+00
         0.46501E+02          0.00000E+00
         0.46483E+02          0.00000E+00
         0.46466E+02          0.00000E+00
         0.46449E+02          0.00000E+00
         0.46431E+02          0.00000E+00
         0.46414E+02          0.00000E+00
         0.46396E+02          0.00000E+00
         0.46379E+02          0.00000E+00
         0.46362E+02          0.00000E+00
         0.46344E+02          0.00000E+00
         0.46327E+02          0.00000E+00
         0.46310E+02          0.00000E+00
         0.46292E+02          0.00000E+00
         0.46275E+02          0.00000E+00
         0.46258E+02          0.00000E+00
         0.46241E+02          0.00000E+00
         0.46223E+02          0.00000E+00
         0.46206E+02          0.00000E+00
         0.46189E+02          0.00000E+00
         0.46172E+02          0.00000E+00
         0.46155E+02          0.00000E+00
         0.46137E+02          0.00000E+00
         0.46120E+02          0.00000E+00
         0.46103E+02          0.00000E+00
         0.46086E+02          0.00000E+00
         0.46069E+02          0.00000E+00
         0.46052E+02          0.00000E+00
         0.46035E+02          0.33901E-03
         0.46018E+02          0.21173E-03
         0.46001E+02          0.15758E-03
         0.45983E+02          0.13813E-03
         0.45966E+02          0.12957E-03
         0.45949E+02          0.12531E-03
         0.45932E+02          0.12313E-03
         0.45915E+02          0.12219E-03
         0.45898E+02          0.12217E-03
         0.45881E+02          0.12309E-03
         0.45864E+02          0.12604E-03
         0.45847E+02          0.12760E-03
         0.45830E+02          0.16396E-03
         0.45814E+02          0.26457E-03
         0.45797E+02          0.52462E-03
         0.45780E+02          0.29502E-03
         0.45763E+02          0.21457E-03
         0.45746E+02          0.21239E-03
         0.45729E+02          0.24217E-03
         0.45712E+02          0.35114E-03
         0.45695E+02          0.34006E-02
         0.45678E+02          0.10044E-01
         0.45662E+02          0.13148E-03
         0.45645E+02          0.21494E-03
         0.45628E+02          0.88158E-04
         0.45611E+02          0.89841E-04
         0.45595E+02          0.99311E-04
         0.45578E+02          0.10973E-03
         0.45561E+02          0.12646E-03
         0.45544E+02          0.23839E-03
         0.45528E+02          0.15247E-03
         0.45511E+02          0.14276E-03
         0.45494E+02          0.16400E-03
         0.45477E+02          0.27860E-03
         0.45461E+02          0.48619E-02
         0.45444E+02          0.13537E-03
         0.45427E+02          0.10253E-03
         0.45411E+02          0.10808E-03
         0.45394E+02          0.13492E-03
         0.45378E+02          0.30395E-03
         0.45361E+02          0.11828E-03
         0.45344E+02          0.16293E-03
         0.45328E+02          0.33250E-03
         0.45311E+02          0.29149E-03
         0.45295E+02          0.24643E-03
         0.45278E+02          0.28477E-03
         0.45262E+02          0.45937E-02
         0.45245E+02          0.18023E-03
         0.45229E+02          0.10878E-01
         0.45212E+02          0.23791E-03
         0.45196E+02          0.10086E-03
         0.45179E+02          0.13657E-03
         0.45163E+02          0.41845E-02
         0.45146E+02          0.90109E-04
         0.45130E+02          0.12815E-03
         0.45113E+02          0.14711E-03
         0.45097E+02          0.14291E-03
         0.45081E+02          0.70726E-03
         0.45064E+02          0.12349E-03
         0.45048E+02          0.10372E-03
         0.45031E+02          0.93639E-04
         0.45015E+02          0.97049E-04
         0.44999E+02          0.13976E-03
         0.44982E+02          0.10421E-03
         0.44966E+02          0.13012E-03
         0.44950E+02          0.15123E-03
         0.44934E+02          0.12494E-03
         0.44917E+02          0.13080E-03
         0.44901E+02          0.16003E-03
         0.44885E+02          0.16604E-03
         0.44868E+02          0.16977E-03
         0.44852E+02          0.18782E-03
         0.44836E+02          0.23530E-03
         0.44820E+02          0.37738E-03
         0.44804E+02          0.23171E-03
         0.44787E+02          0.19980E-03
         0.44771E+02          0.19722E-03
         0.44755E+02          0.20120E-03
         0.44739E+02          0.20795E-03
         0.44723E+02          0.21666E-03
         0.44707E+02          0.22727E-03
         0.44691E+02          0.24006E-03
         0.44674E+02          0.25559E-03
         0.44658E+02          0.27474E-03
         0.44642E+02          0.29905E-03
         0.44626E+02          0.33218E-03
         0.44610E+02          0.40330E-03
         0.44594E+02          0.37216E-03
         0.44578E+02          0.50120E-03
         0.44562E+02          0.74712E-03
         0.44546E+02          0.85432E-03
         0.44530E+02          0.11634E-02
         0.44514E+02          0.18418E-02
         0.44498E+02          0.36516E-02
         0.44482E+02          0.77592E-02
         0.44466E+02          0.59928E-02
         0.44450E+02          0.11821E-01
         0.44434E+02          0.88098E-02
         0.44418E+02          0.44124E-02
         0.44403E+02          0.18591E-02
         0.44387E+02          0.92663E-03
         0.44371E+02          0.58562E-03
         0.44355E+02          0.41795E-03
         0.44339E+02          0.31661E-03
         0.44323E+02          0.24452E-03
         0.44307E+02          0.23424E-03
         0.44291E+02          0.21390E-03
         0.44276E+02          0.20160E-03
         0.44260E+02          0.25299E-03
         0.44244E+02          0.16214E-03
         0.44228E+02          0.16660E-03
         0.44212E+02          0.20664E-03
         0.44197E+02          0.14804E-03
         0.44181E+02          0.16416E-03
         0.44165E+02          0.14119E-03
         0.44150E+02          0.17755E-03
         0.44134E+02          0.14819E-03
         0.44118E+02          0.14256E-03
         0.44102E+02          0.14303E-03
         0.44087E+02          0.15247E-03
         0.44071E+02          0.14376E-03
         0.44055E+02          0.15946E-03
         0.44040E+02          0.20007E-03
         0.44024E+02          0.24931E-03
         0.44008E+02          0.32989E-03
         0.43993E+02          0.16399E-03
         0.43977E+02          0.16835E-03
         0.43962E+02          0.17415E-03
         0.43946E+02          0.18282E-03
         0.43931E+02          0.19964E-03
         0.43915E+02          0.26408E-03
         0.43899E+02          0.44183E-02
         0.43884E+02          0.20795E-03
         0.43868E+02          0.18867E-03
         0.43853E+02          0.19507E-03
         0.43837E+02          0.20562E-03
         0.43822E+02          0.21933E-03
         0.43806E+02          0.23730E-03
         0.43791E+02          0.26194E-03
         0.43775E+02          0.29784E-03
         0.43760E+02          0.35470E-03
         0.43745E+02          0.45603E-03
         0.43729E+02          0.67333E-03
         0.43714E+02          0.13207E-02
         0.43698E+02          0.43452E-02
         0.43683E+02          0.72416E-02
         0.43667E+02          0.35690E-02
         0.43652E+02          0.74592E-03
         0.43637E+02          0.35947E-03
         0.43621E+02          0.24510E-03
         0.43606E+02          0.19945E-03
         0.43591E+02          0.17862E-03
         0.43575E+02          0.16878E-03
         0.43560E+02          0.16457E-03
         0.43545E+02          0.16357E-03
         0.43530E+02          0.16469E-03
         0.43514E+02          0.16743E-03
         0.43499E+02          0.17172E-03
         0.43484E+02          0.17795E-03
         0.43468E+02          0.18757E-03
         0.43453E+02          0.20670E-03
         0.43438E+02          0.30704E-03
         0.43423E+02          0.47900E-03
         0.43408E+02          0.20695E-03
         0.43392E+02          0.22358E-03
         0.43377E+02          0.25636E-03
         0.43362E+02          0.31897E-03
         0.43347E+02          0.47822E-03
         0.43332E+02          0.12764E-02
         0.43317E+02          0.50776E-02
         0.43301E+02          0.11659E-02
         0.43286E+02          0.29484E-03
         0.43271E+02          0.19794E-03
         0.43256E+02          0.17605E-03
         0.43241E+02          0.17251E-03
         0.43226E+02          0.17630E-03
         0.43211E+02          0.18557E-03
         0.43196E+02          0.20606E-03
         0.43181E+02          0.44678E-03
         0.43166E+02          0.21842E-03
         0.43151E+02          0.24598E-03
         0.43136E+02          0.34756E-03
         0.43121E+02          0.10931E-02
         0.43106E+02          0.69027E-02
         0.43091E+02          0.26241E-03
         0.43076E+02          0.18237E-03
         0.43061E+02          0.17944E-03
         0.43046E+02          0.19414E-03
         0.43031E+02          0.29705E-03
         0.43016E+02          0.22552E-03
         0.43001E+02          0.33494E-03
         0.42986E+02          0.50548E-02
         0.42971E+02          0.26601E-03
         0.42956E+02          0.18136E-03
         0.42942E+02          0.19989E-03
         0.42927E+02          0.34456E-03
         0.42912E+02          0.34616E-03
         0.42897E+02          0.15084E-02
         0.42882E+02          0.18382E-03
         0.42867E+02          0.23389E-03
         0.42852E+02          0.29383E-03
         0.42838E+02          0.37321E-03
         0.42823E+02          0.19880E-03
         0.42808E+02          0.29001E-03
         0.42793E+02          0.19622E-03
         0.42779E+02          0.23913E-03
         0.42764E+02          0.19773E-03
         0.42749E+02          0.32554E-03
         0.42734E+02          0.27535E-03
         0.42720E+02          0.20311E-03
         0.42705E+02          0.23317E-03
         0.42690E+02          0.59091E-03
         0.42675E+02          0.26895E-03
         0.42661E+02          0.21384E-03
         0.42646E+02          0.19154E-03
         0.42631E+02          0.19820E-03
         0.42617E+02          0.20252E-03
         0.42602E+02          0.18488E-03
         0.42588E+02          0.18532E-03
         0.42573E+02          0.18577E-03
         0.42558E+02          0.18622E-03
         0.42544E+02          0.18667E-03
         0.42529E+02          0.18712E-03
         0.42515E+02          0.18757E-03
         0.42500E+02          0.18803E-03
         0.42485E+02          0.18848E-03
         0.42471E+02          0.18893E-03
         0.42456E+02          0.18939E-03
         0.42442E+02          0.18985E-03
         0.42427E+02          0.19030E-03
         0.42413E+02          0.19076E-03
         0.42398E+02          0.19122E-03
         0.42384E+02          0.19168E-03
         0.42369E+02          0.19214E-03
         0.42355E+02          0.19260E-03
         0.42340E+02          0.19306E-03
         0.42326E+02          0.19353E-03
         0.42311E+02          0.19399E-03
         0.42297E+02          0.19445E-03
         0.42283E+02          0.19492E-03
         0.42268E+02          0.19539E-03
         0.42254E+02          0.19585E-03
         0.42239E+02          0.19632E-03
         0.42225E+02          0.19679E-03
         0.42211E+02          0.19726E-03
         0.42196E+02          0.19773E-03
         0.42182E+02          0.19820E-03
         0.42167E+02          0.19867E-03
         0.42153E+02          0.19914E-03
         0.42139E+02          0.19961E-03
         0.42124E+02          0.20009E-03
         0.42110E+02          0.20056E-03
         0.42096E+02          0.20104E-03
         0.42082E+02          0.20151E-03
         0.42067E+02          0.20199E-03
         0.42053E+02          0.20247E-03
         0.42039E+02          0.20295E-03
         0.42025E+02          0.20342E-03
         0.42010E+02          0.20390E-03
         0.41996E+02          0.20438E-03
         0.41982E+02          0.20487E-03
         0.41968E+02          0.20535E-03
         0.41953E+02          0.20583E-03
         0.41939E+02          0.20631E-03
         0.41925E+02          0.20680E-03
         0.41911E+02          0.20728E-03
         0.41897E+02          0.20777E-03
         0.41883E+02          0.20825E-03
         0.41868E+02          0.20874E-03
         0.41854E+02          0.20923E-03
         0.41840E+02          0.20972E-03
         0.41826E+02          0.21020E-03
         0.41812E+02          0.21069E-03
         0.41798E+02          0.21118E-03
         0.41784E+02          0.21168E-03
         0.41770E+02          0.21217E-03
         0.41756E+02          0.21266E-03
         0.41742E+02          0.21316E-03
         0.41728E+02          0.21365E-03
         0.41713E+02          0.21414E-03
         0.41699E+02          0.21464E-03
         0.41685E+02          0.21514E-03
         0.41671E+02          0.21564E-03
         0.41657E+02          0.21613E-03
         0.41643E+02          0.21663E-03
         0.41629E+02          0.21713E-03
         0.41615E+02          0.21764E-03
         0.41602E+02          0.21814E-03
         0.41588E+02          0.21864E-03
         0.41574E+02          0.21914E-03
         0.41560E+02          0.21965E-03
         0.41546E+02          0.22016E-03
         0.41532E+02          0.22066E-03
         0.41518E+02          0.22117E-03
         0.41504E+02          0.22168E-03
         0.41490E+02          0.22219E-03
         0.41476E+02          0.22270E-03
         0.41462E+02          0.22321E-03
         0.41449E+02          0.22372E-03
         0.41435E+02          0.22424E-03
         0.41421E+02          0.22475E-03
         0.41407E+02          0.22527E-03
         0.41393E+02          0.22579E-03
         0.41379E+02          0.22631E-03
         0.41366E+02          0.22683E-03
         0.41352E+02          0.22735E-03
         0.41338E+02          0.22787E-03
         0.41324E+02          0.22840E-03
         0.41310E+02          0.22892E-03
         0.41297E+02          0.22945E-03
         0.41283E+02          0.22998E-03
         0.41269E+02          0.23051E-03
         0.41255E+02          0.23104E-03
         0.41242E+02          0.23157E-03
         0.41228E+02          0.23211E-03
         0.41214E+02          0.23264E-03
         0.41201E+02          0.23318E-03
         0.41187E+02          0.23372E-03
         0.41173E+02          0.23426E-03
         0.41160E+02          0.23480E-03
         0.41146E+02          0.23535E-03
         0.41132E+02          0.23590E-03
         0.41119E+02          0.23645E-03
         0.41105E+02          0.23700E-03
         0.41091E+02          0.23755E-03
         0.41078E+02          0.23811E-03
         0.41064E+02          0.23867E-03
         0.41051E+02          0.23923E-03
         0.41037E+02          0.23979E-03
         0.41023E+02          0.24036E-03
         0.41010E+02          0.24093E-03
         0.40996E+02          0.24150E-03
         0.40983E+02          0.24207E-03
         0.40969E+02          0.24265E-03
         0.40956E+02          0.24323E-03
         0.40942E+02          0.24381E-03
         0.40929E+02          0.24440E-03
         0.40915E+02          0.24499E-03
         0.40902E+02          0.24558E-03
         0.40888E+02          0.24618E-03
         0.40875E+02          0.24678E-03
         0.40861E+02          0.24738E-03
         0.40848E+02          0.24799E-03
         0.40834E+02          0.24861E-03
         0.40821E+02          0.24922E-03
         0.40807E+02          0.24984E-03
         0.40794E+02          0.25047E-03
         0.40781E+02          0.25110E-03
         0.40767E+02          0.25174E-03
         0.40754E+02          0.25238E-03
         0.40740E+02          0.25302E-03
         0.40727E+02          0.25368E-03
         0.40714E+02          0.25433E-03
         0.40700E+02          0.25500E-03
         0.40687E+02          0.25567E-03
         0.40673E+02          0.25634E-03
         0.40660E+02          0.25703E-03
         0.40647E+02          0.25772E-03
         0.40633E+02          0.25841E-03
         0.40620E+02          0.25912E-03
         0.40607E+02          0.25983E-03
         0.40594E+02          0.26055E-03
         0.40580E+02          0.26128E-03
         0.40567E+02          0.26202E-03
         0.40554E+02          0.26277E-03
         0.40540E+02          0.26353E-03
         0.40527E+02          0.26430E-03
         0.40514E+02          0.26507E-03
         0.40501E+02          0.26586E-03
         0.40488E+02          0.26666E-03
         0.40474E+02          0.26748E-03
         0.40461E+02          0.26830E-03
         0.40448E+02          0.26914E-03
         0.40435E+02          0.26999E-03
         0.40422E+02          0.27086E-03
         0.40408E+02          0.27174E-03
         0.40395E+02          0.27264E-03
         0.40382E+02          0.27355E-03
         0.40369E+02          0.27448E-03
         0.40356E+02          0.27543E-03
         0.40343E+02          0.27640E-03
         0.40329E+02          0.27739E-03
         0.40316E+02          0.27840E-03
         0.40303E+02          0.27943E-03
         0.40290E+02          0.28048E-03
         0.40277E+02          0.28156E-03
         0.40264E+02          0.28267E-03
         0.40251E+02          0.28381E-03
         0.40238E+02          0.28498E-03
         0.40225E+02          0.28618E-03
         0.40212E+02          0.28742E-03
         0.40199E+02          0.28869E-03
         0.40186E+02          0.29001E-03
         0.40173E+02          0.29138E-03
         0.40160E+02          0.29281E-03
         0.40147E+02          0.29430E-03
         0.40134E+02          0.29587E-03
         0.40121E+02          0.29753E-03
         0.40108E+02          0.29932E-03
         0.40095E+02          0.30128E-03
         0.40082E+02          0.30347E-03
         0.40069E+02          0.30605E-03
         0.40056E+02          0.30926E-03
         0.40043E+02          0.31370E-03
         0.40030E+02          0.32088E-03
         0.40017E+02          0.33468E-03
         0.40004E+02          0.35112E-03
         0.39991E+02          0.32058E-03
         0.39978E+02          0.30524E-03
         0.39965E+02          0.30253E-03
         0.39953E+02          0.30108E-03
         0.39940E+02          0.29742E-03
         0.39927E+02          0.28648E-03
         0.39914E+02          0.24555E-03
         0.39901E+02          0.14175E-03
         0.39888E+02          0.33083E-03
         0.39876E+02          0.34632E-03
         0.39863E+02          0.34864E-03
         0.39850E+02          0.35038E-03
         0.39837E+02          0.35250E-03
         0.39824E+02          0.35506E-03
         0.39812E+02          0.35800E-03
         0.39799E+02          0.36126E-03
         0.39786E+02          0.36484E-03
         0.39773E+02          0.36870E-03
         0.39760E+02          0.37285E-03
         0.39748E+02          0.37728E-03
         0.39735E+02          0.38201E-03
         0.39722E+02          0.38705E-03
         0.39709E+02          0.39240E-03
         0.39697E+02          0.39809E-03
         0.39684E+02          0.40413E-03
         0.39671E+02          0.41056E-03
         0.39659E+02          0.41740E-03
         0.39646E+02          0.42467E-03
         0.39633E+02          0.43242E-03
         0.39621E+02          0.44068E-03
         0.39608E+02          0.44948E-03
         0.39595E+02          0.45888E-03
         0.39583E+02          0.46893E-03
         0.39570E+02          0.47968E-03
         0.39557E+02          0.49119E-03
         0.39545E+02          0.50353E-03
         0.39532E+02          0.51678E-03
         0.39520E+02          0.53102E-03
         0.39507E+02          0.54634E-03
         0.39494E+02          0.56284E-03
         0.39482E+02          0.58065E-03
         0.39469E+02          0.59988E-03
         0.39457E+02          0.62069E-03
         0.39444E+02          0.64323E-03
         0.39432E+02          0.66768E-03
         0.39419E+02          0.69424E-03
         0.39407E+02          0.72314E-03
         0.39394E+02          0.75463E-03
         0.39382E+02          0.78899E-03
         0.39369E+02          0.82655E-03
         0.39357E+02          0.86766E-03
         0.39344E+02          0.91274E-03
         0.39332E+02          0.96225E-03
         0.39319E+02          0.10167E-02
         0.39307E+02          0.10767E-02
         0.39294E+02          0.11428E-02
         0.39282E+02          0.12159E-02
         0.39269E+02          0.12968E-02
         0.39257E+02          0.13863E-02
         0.39244E+02          0.14856E-02
         0.39232E+02          0.15958E-02
         0.39220E+02          0.17183E-02
         0.39207E+02          0.18542E-02
         0.39195E+02          0.20053E-02
         0.39182E+02          0.21731E-02
         0.39170E+02          0.23591E-02
         0.39158E+02          0.25650E-02
         0.39145E+02          0.27923E-02
         0.39133E+02          0.30422E-02
         0.39121E+02          0.33154E-02
         0.39108E+02          0.36120E-02
         0.39096E+02          0.39310E-02
         0.39084E+02          0.42702E-02
         0.39071E+02          0.46255E-02
         0.39059E+02          0.49911E-02
         0.39047E+02          0.53590E-02
         0.39034E+02          0.57192E-02
         0.39022E+02          0.60604E-02
         0.39010E+02          0.63704E-02
         0.38998E+02          0.66376E-02
         0.38985E+02          0.68523E-02
         0.38973E+02          0.70074E-02
         0.38961E+02          0.70997E-02
         0.38949E+02          0.71299E-02
         0.38936E+02          0.71022E-02
         0.38924E+02          0.70238E-02
         0.38912E+02          0.69034E-02
         0.38900E+02          0.67506E-02
         0.38887E+02          0.65745E-02
         0.38875E+02          0.63837E-02
         0.38863E+02          0.61855E-02
         0.38851E+02          0.59859E-02
         0.38839E+02          0.57895E-02
         0.38827E+02          0.56000E-02
         0.38814E+02          0.54199E-02
         0.38802E+02          0.52509E-02
         0.38790E+02          0.50943E-02
         0.38778E+02          0.49506E-02
         0.38766E+02          0.48204E-02
         0.38754E+02          0.47037E-02
         0.38742E+02          0.46006E-02
         0.38730E+02          0.45110E-02
         0.38717E+02          0.44351E-02
         0.38705E+02          0.43728E-02
         0.38693E+02          0.43244E-02
         0.38681E+02          0.42902E-02
         0.38669E+02          0.42707E-02
         0.38657E+02          0.42668E-02
         0.38645E+02          0.42796E-02
         0.38633E+02          0.43109E-02
         0.38621E+02          0.43628E-02
         0.38609E+02          0.44384E-02
         0.38597E+02          0.45420E-02
         0.38585E+02          0.46792E-02
         0.38573E+02          0.48581E-02
         0.38561E+02          0.50899E-02
         0.38549E+02          0.53909E-02
         0.38537E+02          0.57846E-02
         0.38525E+02          0.63071E-02
         0.38513E+02          0.70142E-02
         0.38501E+02          0.79962E-02
         0.38489E+02          0.94048E-02
         0.38477E+02          0.11504E-01
         0.38465E+02          0.14769E-01
         0.38453E+02          0.20043E-01
         0.38441E+02          0.28593E-01
         0.38429E+02          0.40794E-01
         0.38418E+02          0.50654E-01
         0.38406E+02          0.47363E-01
         0.38394E+02          0.35660E-01
         0.38382E+02          0.25632E-01
         0.38370E+02          0.19217E-01
         0.38358E+02          0.15337E-01
         0.38346E+02          0.13001E-01
         0.38334E+02          0.12196E-01
         0.38323E+02          0.12062E-01
         0.38311E+02          0.10940E-01
         0.38299E+02          0.10600E-01
         0.38287E+02          0.10583E-01
         0.38275E+02          0.10784E-01
         0.38263E+02          0.11176E-01
         0.38252E+02          0.11963E-01
         0.38240E+02          0.12150E-01
         0.38228E+02          0.12883E-01
         0.38216E+02          0.13684E-01
         0.38204E+02          0.14495E-01
         0.38193E+02          0.15259E-01
         0.38181E+02          0.15899E-01
         0.38169E+02          0.16318E-01
         0.38157E+02          0.16409E-01
         0.38146E+02          0.15762E-01
         0.38134E+02          0.13463E-01
         0.38122E+02          0.12425E-01
         0.38111E+02          0.11435E-01
         0.38099E+02          0.10225E-01
         0.38087E+02          0.89625E-02
         0.38075E+02          0.77591E-02
         0.38064E+02          0.66847E-02
         0.38052E+02          0.57717E-02
         0.38040E+02          0.50111E-02
         0.38029E+02          0.43705E-02
         0.38017E+02          0.38212E-02
         0.38005E+02          0.33453E-02
         0.37994E+02          0.29313E-02
         0.37982E+02          0.25703E-02
         0.37970E+02          0.22548E-02
         0.37959E+02          0.19789E-02
         0.37947E+02          0.17387E-02
         0.37936E+02          0.15335E-02
         0.37924E+02          0.13671E-02
         0.37912E+02          0.12503E-02
         0.37901E+02          0.12015E-02
         0.37889E+02          0.12292E-02
         0.37878E+02          0.12924E-02
         0.37866E+02          0.13172E-02
         0.37855E+02          0.12844E-02
         0.37843E+02          0.12222E-02
         0.37831E+02          0.11546E-02
         0.37820E+02          0.10929E-02
         0.37808E+02          0.10343E-02
         0.37797E+02          0.98444E-03
         0.37785E+02          0.94043E-03
         0.37774E+02          0.90143E-03
         0.37762E+02          0.86670E-03
         0.37751E+02          0.83565E-03
         0.37739E+02          0.80783E-03
         0.37728E+02          0.78291E-03
         0.37716E+02          0.76068E-03
         0.37705E+02          0.74117E-03
         0.37693E+02          0.72511E-03
         0.37682E+02          0.71617E-03
         0.37670E+02          0.73797E-03
         0.37659E+02          0.55663E-03
         0.37648E+02          0.61415E-03
         0.37636E+02          0.61706E-03
         0.37625E+02          0.61161E-03
         0.37613E+02          0.60420E-03
         0.37602E+02          0.59635E-03
         0.37591E+02          0.58857E-03
         0.37579E+02          0.58109E-03
         0.37568E+02          0.57397E-03
         0.37556E+02          0.56726E-03
         0.37545E+02          0.56095E-03
         0.37534E+02          0.55503E-03
         0.37522E+02          0.54950E-03
         0.37511E+02          0.54432E-03
         0.37500E+02          0.53948E-03
         0.37488E+02          0.53490E-03
         0.37477E+02          0.53021E-03
         0.37466E+02          0.52818E-03
         0.37454E+02          0.52409E-03
         0.37443E+02          0.52086E-03
         0.37432E+02          0.51816E-03
         0.37420E+02          0.51621E-03
         0.37409E+02          0.51615E-03
         0.37398E+02          0.53977E-03
         0.37387E+02          0.45304E-03
         0.37375E+02          0.49433E-03
         0.37364E+02          0.49563E-03
         0.37353E+02          0.49494E-03
         0.37341E+02          0.49379E-03
         0.37330E+02          0.49254E-03
         0.37319E+02          0.49131E-03
         0.37308E+02          0.49013E-03
         0.37297E+02          0.48902E-03
         0.37285E+02          0.48697E-03
         0.37274E+02          0.48804E-03
         0.37263E+02          0.48773E-03
         0.37252E+02          0.48892E-03
         0.37241E+02          0.53153E-03
         0.37229E+02          0.47513E-03
         0.37218E+02          0.48003E-03
         0.37207E+02          0.48093E-03
         0.37196E+02          0.48139E-03
         0.37185E+02          0.48181E-03
         0.37174E+02          0.48196E-03
         0.37162E+02          0.48393E-03
         0.37151E+02          0.48694E-03
         0.37140E+02          0.50458E-03
         0.37129E+02          0.48231E-03
         0.37118E+02          0.48516E-03
         0.37107E+02          0.48766E-03
         0.37096E+02          0.49125E-03
         0.37085E+02          0.49717E-03
         0.37073E+02          0.49235E-03
         0.37062E+02          0.49977E-03
         0.37051E+02          0.50595E-03
         0.37040E+02          0.51548E-03
         0.37029E+02          0.51893E-03
         0.37018E+02          0.53142E-03
         0.37007E+02          0.54748E-03
         0.36996E+02          0.56155E-03
         0.36985E+02          0.58580E-03
         0.36974E+02          0.61436E-03
         0.36963E+02          0.65669E-03
         0.36952E+02          0.71133E-03
         0.36941E+02          0.79141E-03
         0.36930E+02          0.90786E-03
         0.36919E+02          0.10934E-02
         0.36908E+02          0.14160E-02
         0.36897E+02          0.19127E-02
         0.36886E+02          0.29548E-02
         0.36875E+02          0.53760E-02
         0.36864E+02          0.12429E-01
         0.36853E+02          0.42868E-01
         0.36842E+02          0.44571E-01
         0.36831E+02          0.13995E-01
         0.36820E+02          0.67142E-02
         0.36809E+02          0.40724E-02
         0.36798E+02          0.27905E-02
         0.36787E+02          0.20752E-02
         0.36777E+02          0.16561E-02
         0.36766E+02          0.13973E-02
         0.36755E+02          0.12264E-02
         0.36744E+02          0.11062E-02
         0.36733E+02          0.10173E-02
         0.36722E+02          0.94900E-03
         0.36711E+02          0.89460E-03
         0.36700E+02          0.84986E-03
         0.36690E+02          0.81170E-03
         0.36679E+02          0.77768E-03
         0.36668E+02          0.74548E-03
         0.36657E+02          0.71245E-03
         0.36646E+02          0.67549E-03
         0.36635E+02          0.63454E-03
         0.36624E+02          0.59185E-03
         0.36614E+02          0.55222E-03
         0.36603E+02          0.54677E-03
         0.36592E+02          0.60473E-03
         0.36581E+02          0.64816E-03
         0.36570E+02          0.66967E-03
         0.36560E+02          0.67959E-03
         0.36549E+02          0.68402E-03
         0.36538E+02          0.68589E-03
         0.36527E+02          0.68664E-03
         0.36517E+02          0.68699E-03
         0.36506E+02          0.68739E-03
         0.36495E+02          0.68823E-03
         0.36484E+02          0.69004E-03
         0.36474E+02          0.69391E-03
         0.36463E+02          0.70286E-03
         0.36452E+02          0.72818E-03
         0.36441E+02          0.86618E-03
         0.36431E+02          0.16468E-02
         0.36420E+02          0.57754E-03
         0.36409E+02          0.58817E-03
         0.36399E+02          0.59085E-03
         0.36388E+02          0.59205E-03
         0.36377E+02          0.59805E-03
         0.36367E+02          0.61806E-03
         0.36356E+02          0.66915E-03
         0.36345E+02          0.78720E-03
         0.36335E+02          0.10568E-02
         0.36324E+02          0.17114E-02
         0.36313E+02          0.36262E-02
         0.36303E+02          0.16520E-01
         0.36292E+02          0.22197E-01
         0.36282E+02          0.73645E-02
         0.36271E+02          0.42468E-02
         0.36260E+02          0.28845E-02
         0.36250E+02          0.21706E-02
         0.36239E+02          0.17456E-02
         0.36229E+02          0.14701E-02
         0.36218E+02          0.12528E-02
         0.36207E+02          0.11634E-02
         0.36197E+02          0.10668E-02
         0.36186E+02          0.95075E-03
         0.36176E+02          0.88411E-03
         0.36165E+02          0.83405E-03
         0.36155E+02          0.79501E-03
         0.36144E+02          0.76604E-03
         0.36133E+02          0.75006E-03
         0.36123E+02          0.76698E-03
         0.36112E+02          0.17358E-02
         0.36102E+02          0.63445E-03
         0.36091E+02          0.66488E-03
         0.36081E+02          0.80622E-03
         0.36070E+02          0.97028E-03
         0.36060E+02          0.97448E-03
         0.36049E+02          0.16038E-02
         0.36039E+02          0.26557E-01
         0.36028E+02          0.67781E-02
         0.36018E+02          0.24710E-02
         0.36008E+02          0.13241E-02
         0.35997E+02          0.91133E-03
         0.35987E+02          0.68921E-03
         0.35976E+02          0.64762E-03
         0.35966E+02          0.10553E-02
         0.35955E+02          0.10911E-02
         0.35945E+02          0.10659E-02
         0.35935E+02          0.24223E-01
         0.35924E+02          0.61551E-03
         0.35914E+02          0.77970E-03
         0.35903E+02          0.22344E-02
         0.35893E+02          0.14004E+00
         0.35883E+02          0.52625E-02
         0.35872E+02          0.23851E-02
         0.35862E+02          0.16671E-02
         0.35851E+02          0.83270E-03
         0.35841E+02          0.51359E-03
         0.35831E+02          0.17398E-02
         0.35820E+02          0.88653E-03
         0.35810E+02          0.98710E-03
         0.35800E+02          0.47787E-02
         0.35789E+02          0.97284E-03
         0.35779E+02          0.79754E-03
         0.35769E+02          0.74184E-03
         0.35758E+02          0.58377E-03
         0.35748E+02          0.15227E-02
         0.35738E+02          0.12157E-02
         0.35727E+02          0.76996E-03
         0.35717E+02          0.18944E-02
         0.35707E+02          0.11789E-02
         0.35697E+02          0.98546E-03
         0.35686E+02          0.79480E-03
         0.35676E+02          0.28282E-02
         0.35666E+02          0.85737E-03
         0.35655E+02          0.70915E-03
         0.35645E+02          0.85061E-03
         0.35635E+02          0.50598E-02
         0.35625E+02          0.68400E-03
         0.35615E+02          0.65634E-03
         0.35604E+02          0.95615E-03
         0.35594E+02          0.86410E-03
         0.35584E+02          0.82847E-03
         0.35574E+02          0.82872E-03
         0.35563E+02          0.83913E-03
         0.35553E+02          0.80212E-03
         0.35543E+02          0.74866E-03
         0.35533E+02          0.64064E-03
         0.35523E+02          0.76049E-03
         0.35513E+02          0.75482E-03
         0.35502E+02          0.74496E-03
         0.35492E+02          0.10721E-02
         0.35482E+02          0.76077E-03
         0.35472E+02          0.74638E-03
         0.35462E+02          0.77126E-03
         0.35452E+02          0.75184E-03
         0.35441E+02          0.75705E-03
         0.35431E+02          0.75422E-03
         0.35421E+02          0.76213E-03
         0.35411E+02          0.77014E-03
         0.35401E+02          0.77403E-03
         0.35391E+02          0.74589E-03
         0.35381E+02          0.80051E-03
         0.35371E+02          0.74066E-03
         0.35361E+02          0.73379E-03
         0.35351E+02          0.72270E-03
         0.35340E+02          0.70236E-03
         0.35330E+02          0.67555E-03
         0.35320E+02          0.64057E-03
         0.35310E+02          0.74634E-03
         0.35300E+02          0.89776E-03
         0.35290E+02          0.10942E-02
         0.35280E+02          0.15316E-02
         0.35270E+02          0.24980E-02
         0.35260E+02          0.36886E-02
         0.35250E+02          0.44286E-02
         0.35240E+02          0.12248E-01
         0.35230E+02          0.90718E-03
         0.35220E+02          0.40906E-03
         0.35210E+02          0.27885E-03
         0.35200E+02          0.43959E-03
         0.35190E+02          0.49935E-03
         0.35180E+02          0.57442E-03
         0.35170E+02          0.81265E-03
         0.35160E+02          0.87358E-03
         0.35150E+02          0.84469E-03
         0.35140E+02          0.82168E-03
         0.35130E+02          0.80729E-03
         0.35120E+02          0.79908E-03
         0.35110E+02          0.79007E-03
         0.35100E+02          0.80641E-03
         0.35090E+02          0.79204E-03
         0.35080E+02          0.78829E-03
         0.35071E+02          0.81012E-03
         0.35061E+02          0.10413E-02
         0.35051E+02          0.95439E-03
         0.35041E+02          0.84895E-03
         0.35031E+02          0.85798E-03
         0.35021E+02          0.17217E-02
         0.35011E+02          0.82649E-03
         0.35001E+02          0.11206E-02
         0.34991E+02          0.71653E-03
         0.34981E+02          0.10140E-02
         0.34972E+02          0.11054E-02
         0.34962E+02          0.16513E-02
         0.34952E+02          0.18690E-01
         0.34942E+02          0.59700E-03
         0.34932E+02          0.64885E-03
         0.34922E+02          0.76467E-03
         0.34913E+02          0.78805E-03
         0.34903E+02          0.76925E-03
         0.34893E+02          0.75145E-03
         0.34883E+02          0.94114E-03
         0.34873E+02          0.87180E-03
         0.34863E+02          0.93805E-03
         0.34854E+02          0.99306E-03
         0.34844E+02          0.10164E-02
         0.34834E+02          0.95714E-03
         0.34824E+02          0.83210E-03
         0.34814E+02          0.10686E-02
         0.34805E+02          0.10803E-02
         0.34795E+02          0.15160E-02
         0.34785E+02          0.58928E-03
         0.34775E+02          0.80854E-03
         0.34766E+02          0.86162E-03
         0.34756E+02          0.88156E-03
         0.34746E+02          0.94854E-03
         0.34736E+02          0.88601E-03
         0.34727E+02          0.78302E-03
         0.34717E+02          0.88787E-03
         0.34707E+02          0.11456E-02
         0.34698E+02          0.71392E-03
         0.34688E+02          0.10506E-02
         0.34678E+02          0.11702E-02
         0.34668E+02          0.12812E-02
         0.34659E+02          0.14026E-02
         0.34649E+02          0.21534E-02
         0.34639E+02          0.23194E-02
         0.34630E+02          0.18686E-02
         0.34620E+02          0.23770E-02
         0.34610E+02          0.25896E-02
         0.34601E+02          0.25297E-02
         0.34591E+02          0.22851E-02
         0.34581E+02          0.18546E-02
         0.34572E+02          0.16801E-02
         0.34562E+02          0.15060E-02
         0.34553E+02          0.12907E-02
         0.34543E+02          0.14839E-02
         0.34533E+02          0.11296E-02
         0.34524E+02          0.10730E-02
         0.34514E+02          0.13339E-02
         0.34504E+02          0.94078E-03
         0.34495E+02          0.12175E-02
         0.34485E+02          0.98833E-03
         0.34476E+02          0.90331E-03
         0.34466E+02          0.10381E-02
         0.34456E+02          0.10000E-02
         0.34447E+02          0.11052E-02
         0.34437E+02          0.10129E-02
         0.34428E+02          0.10091E-02
         0.34418E+02          0.10036E-02
         0.34409E+02          0.10058E-02
         0.34399E+02          0.99856E-03
         0.34390E+02          0.99114E-03
         0.34380E+02          0.90657E-03
         0.34371E+02          0.96212E-03
         0.34361E+02          0.98394E-03
         0.34351E+02          0.10074E-02
         0.34342E+02          0.10221E-02
         0.34332E+02          0.10074E-02
         0.34323E+02          0.10174E-02
         0.34313E+02          0.10526E-02
         0.34304E+02          0.12314E-02
         0.34294E+02          0.86858E-03
         0.34285E+02          0.88356E-03
         0.34276E+02          0.94167E-03
         0.34266E+02          0.92794E-03
         0.34257E+02          0.92999E-03
         0.34247E+02          0.93785E-03
         0.34238E+02          0.94767E-03
         0.34228E+02          0.95091E-03
         0.34219E+02          0.94714E-03
         0.34209E+02          0.94221E-03
         0.34200E+02          0.93734E-03
         0.34190E+02          0.93144E-03
         0.34181E+02          0.92184E-03
         0.34172E+02          0.89971E-03
         0.34162E+02          0.82372E-03
         0.34153E+02          0.10006E-02
         0.34143E+02          0.99145E-03
         0.34134E+02          0.98095E-03
         0.34125E+02          0.97371E-03
         0.34115E+02          0.96207E-03
         0.34106E+02          0.94052E-03
         0.34096E+02          0.93154E-03
         0.34087E+02          0.94026E-03
         0.34078E+02          0.95120E-03
         0.34068E+02          0.96213E-03
         0.34059E+02          0.97509E-03
         0.34050E+02          0.99370E-03
         0.34040E+02          0.10086E-02
         0.34031E+02          0.10696E-02
         0.34022E+02          0.10343E-02
         0.34012E+02          0.74807E-03
         0.34003E+02          0.81785E-03
         0.33994E+02          0.83698E-03
         0.33984E+02          0.86428E-03
         0.33975E+02          0.87864E-03
         0.33966E+02          0.87444E-03
         0.33956E+02          0.87116E-03
         0.33947E+02          0.86656E-03
         0.33938E+02          0.85768E-03
         0.33928E+02          0.83563E-03
         0.33919E+02          0.75665E-03
         0.33910E+02          0.92796E-03
         0.33901E+02          0.95704E-03
         0.33891E+02          0.99527E-03
