         0.74274E+02          0.00000E+00
         0.74230E+02          0.00000E+00
         0.74185E+02          0.00000E+00
         0.74141E+02          0.00000E+00
         0.74097E+02          0.00000E+00
         0.74052E+02          0.00000E+00
         0.74008E+02          0.00000E+00
         0.73964E+02          0.00000E+00
         0.73920E+02          0.00000E+00
         0.73876E+02          0.00000E+00
         0.73832E+02          0.00000E+00
         0.73788E+02          0.00000E+00
         0.73744E+02          0.00000E+00
         0.73700E+02          0.00000E+00
         0.73657E+02          0.00000E+00
         0.73613E+02          0.00000E+00
         0.73569E+02          0.00000E+00
         0.73525E+02          0.00000E+00
         0.73482E+02          0.00000E+00
         0.73438E+02          0.00000E+00
         0.73395E+02          0.92996E+01
         0.73351E+02          0.92830E+01
         0.73308E+02          0.92664E+01
         0.73265E+02          0.92499E+01
         0.73222E+02          0.92335E+01
         0.73178E+02          0.92173E+01
         0.73135E+02          0.92011E+01
         0.73092E+02          0.91850E+01
         0.73049E+02          0.91690E+01
         0.73006E+02          0.91531E+01
         0.72963E+02          0.91373E+01
         0.72920E+02          0.91216E+01
         0.72877E+02          0.91060E+01
         0.72834E+02          0.90904E+01
         0.72792E+02          0.90750E+01
         0.72749E+02          0.90596E+01
         0.72706E+02          0.90444E+01
         0.72664E+02          0.90292E+01
         0.72621E+02          0.90141E+01
         0.72579E+02          0.89991E+01
         0.72536E+02          0.89842E+01
         0.72494E+02          0.89694E+01
         0.72451E+02          0.89547E+01
         0.72409E+02          0.89400E+01
         0.72367E+02          0.89254E+01
         0.72325E+02          0.89109E+01
         0.72282E+02          0.88965E+01
         0.72240E+02          0.88822E+01
         0.72198E+02          0.88680E+01
         0.72156E+02          0.88538E+01
         0.72114E+02          0.88397E+01
         0.72072E+02          0.88257E+01
         0.72030E+02          0.88118E+01
         0.71989E+02          0.87979E+01
         0.71947E+02          0.87842E+01
         0.71905E+02          0.87705E+01
         0.71863E+02          0.87569E+01
         0.71822E+02          0.87433E+01
         0.71780E+02          0.87299E+01
         0.71739E+02          0.87165E+01
         0.71697E+02          0.87032E+01
         0.71656E+02          0.86900E+01
         0.71614E+02          0.86768E+01
         0.71573E+02          0.86637E+01
         0.71532E+02          0.86507E+01
         0.71491E+02          0.86378E+01
         0.71449E+02          0.86249E+01
         0.71408E+02          0.86121E+01
         0.71367E+02          0.85994E+01
         0.71326E+02          0.85867E+01
         0.71285E+02          0.85742E+01
         0.71244E+02          0.85617E+01
         0.71203E+02          0.85492E+01
         0.71162E+02          0.85369E+01
         0.71121E+02          0.85246E+01
         0.71081E+02          0.85124E+01
         0.71040E+02          0.85002E+01
         0.70999E+02          0.84881E+01
         0.70959E+02          0.84761E+01
         0.70918E+02          0.84642E+01
         0.70877E+02          0.84523E+01
         0.70837E+02          0.84405E+01
         0.70797E+02          0.84287E+01
         0.70756E+02          0.84171E+01
         0.70716E+02          0.84055E+01
         0.70675E+02          0.83939E+01
         0.70635E+02          0.83825E+01
         0.70595E+02          0.83711E+01
         0.70555E+02          0.83597E+01
         0.70515E+02          0.83485E+01
         0.70475E+02          0.83373E+01
         0.70435E+02          0.83261E+01
         0.70395E+02          0.83151E+01
         0.70355E+02          0.83041E+01
         0.70315E+02          0.82932E+01
         0.70275E+02          0.82823E+01
         0.70235E+02          0.82715E+01
         0.70195E+02          0.82608E+01
         0.70156E+02          0.82501E+01
         0.70116E+02          0.82395E+01
         0.70076E+02          0.82290E+01
         0.70037E+02          0.82185E+01
         0.69997E+02          0.82082E+01
         0.69958E+02          0.81978E+01
         0.69918E+02          0.81876E+01
         0.69879E+02          0.81774E+01
         0.69839E+02          0.81673E+01
         0.69800E+02          0.81572E+01
         0.69761E+02          0.81473E+01
         0.69722E+02          0.81373E+01
         0.69682E+02          0.81275E+01
         0.69643E+02          0.81177E+01
         0.69604E+02          0.81080E+01
         0.69565E+02          0.80984E+01
         0.69526E+02          0.80889E+01
         0.69487E+02          0.80794E+01
         0.69448E+02          0.80700E+01
         0.69409E+02          0.80606E+01
         0.69371E+02          0.80514E+01
         0.69332E+02          0.80422E+01
         0.69293E+02          0.80331E+01
         0.69254E+02          0.80240E+01
         0.69216E+02          0.80151E+01
         0.69177E+02          0.80062E+01
         0.69138E+02          0.79974E+01
         0.69100E+02          0.79887E+01
         0.69061E+02          0.79800E+01
         0.69023E+02          0.79715E+01
         0.68985E+02          0.79630E+01
         0.68946E+02          0.79546E+01
         0.68908E+02          0.79463E+01
         0.68870E+02          0.79381E+01
         0.68831E+02          0.79300E+01
         0.68793E+02          0.79220E+01
         0.68755E+02          0.79141E+01
         0.68717E+02          0.79062E+01
         0.68679E+02          0.78985E+01
         0.68641E+02          0.78909E+01
         0.68603E+02          0.78834E+01
         0.68565E+02          0.78760E+01
         0.68527E+02          0.78688E+01
         0.68489E+02          0.78616E+01
         0.68451E+02          0.78546E+01
         0.68414E+02          0.78477E+01
         0.68376E+02          0.78410E+01
         0.68338E+02          0.78344E+01
         0.68300E+02          0.78279E+01
         0.68263E+02          0.78217E+01
         0.68225E+02          0.78156E+01
         0.68188E+02          0.78096E+01
         0.68150E+02          0.78039E+01
         0.68113E+02          0.77983E+01
         0.68075E+02          0.77930E+01
         0.68038E+02          0.77879E+01
         0.68001E+02          0.77831E+01
         0.67964E+02          0.77785E+01
         0.67926E+02          0.77743E+01
         0.67889E+02          0.77703E+01
         0.67852E+02          0.77667E+01
         0.67815E+02          0.77635E+01
         0.67778E+02          0.77607E+01
         0.67741E+02          0.77584E+01
         0.67704E+02          0.77566E+01
         0.67667E+02          0.77554E+01
         0.67630E+02          0.77548E+01
         0.67593E+02          0.77549E+01
         0.67556E+02          0.77559E+01
         0.67519E+02          0.77578E+01
         0.67483E+02          0.77608E+01
         0.67446E+02          0.77651E+01
         0.67409E+02          0.77708E+01
         0.67373E+02          0.77782E+01
         0.67336E+02          0.77875E+01
         0.67299E+02          0.77991E+01
         0.67263E+02          0.78133E+01
         0.67227E+02          0.78303E+01
         0.67190E+02          0.78505E+01
         0.67154E+02          0.78734E+01
         0.67117E+02          0.78979E+01
         0.67081E+02          0.79198E+01
         0.67045E+02          0.79290E+01
         0.67009E+02          0.79031E+01
         0.66972E+02          0.78015E+01
         0.66936E+02          0.75848E+01
         0.66900E+02          0.72868E+01
         0.66864E+02          0.70350E+01
         0.66828E+02          0.69079E+01
         0.66792E+02          0.68790E+01
         0.66756E+02          0.68976E+01
         0.66720E+02          0.69320E+01
         0.66684E+02          0.69684E+01
         0.66648E+02          0.70016E+01
         0.66612E+02          0.70302E+01
         0.66577E+02          0.70542E+01
         0.66541E+02          0.70742E+01
         0.66505E+02          0.70907E+01
         0.66470E+02          0.71043E+01
         0.66434E+02          0.71153E+01
         0.66398E+02          0.71243E+01
         0.66363E+02          0.71316E+01
         0.66327E+02          0.71374E+01
         0.66292E+02          0.71420E+01
         0.66257E+02          0.71455E+01
         0.66221E+02          0.71480E+01
         0.66186E+02          0.71498E+01
         0.66150E+02          0.71509E+01
         0.66115E+02          0.71514E+01
         0.66080E+02          0.71514E+01
         0.66045E+02          0.71509E+01
         0.66010E+02          0.71500E+01
         0.65974E+02          0.71487E+01
         0.65939E+02          0.71471E+01
         0.65904E+02          0.71452E+01
         0.65869E+02          0.71431E+01
         0.65834E+02          0.71407E+01
         0.65799E+02          0.71382E+01
         0.65764E+02          0.71354E+01
         0.65730E+02          0.71325E+01
         0.65695E+02          0.71294E+01
         0.65660E+02          0.71261E+01
         0.65625E+02          0.71227E+01
         0.65591E+02          0.71192E+01
         0.65556E+02          0.71156E+01
         0.65521E+02          0.71119E+01
         0.65487E+02          0.71081E+01
         0.65452E+02          0.71041E+01
         0.65417E+02          0.71001E+01
         0.65383E+02          0.70960E+01
         0.65349E+02          0.70918E+01
         0.65314E+02          0.70875E+01
         0.65280E+02          0.70831E+01
         0.65245E+02          0.70787E+01
         0.65211E+02          0.70741E+01
         0.65177E+02          0.70694E+01
         0.65143E+02          0.70647E+01
         0.65108E+02          0.70598E+01
         0.65074E+02          0.70548E+01
         0.65040E+02          0.70497E+01
         0.65006E+02          0.70444E+01
         0.64972E+02          0.70389E+01
         0.64938E+02          0.70333E+01
         0.64904E+02          0.70274E+01
         0.64870E+02          0.70213E+01
         0.64836E+02          0.70148E+01
         0.64802E+02          0.70080E+01
         0.64768E+02          0.70007E+01
         0.64734E+02          0.69928E+01
         0.64701E+02          0.69842E+01
         0.64667E+02          0.69748E+01
         0.64633E+02          0.69643E+01
         0.64599E+02          0.69525E+01
         0.64566E+02          0.69396E+01
         0.64532E+02          0.69264E+01
         0.64499E+02          0.69173E+01
         0.64465E+02          0.69288E+01
         0.64432E+02          0.70021E+01
         0.64398E+02          0.71324E+01
         0.64365E+02          0.71877E+01
         0.64331E+02          0.71685E+01
         0.64298E+02          0.71355E+01
         0.64265E+02          0.71070E+01
         0.64231E+02          0.70843E+01
         0.64198E+02          0.70663E+01
         0.64165E+02          0.70516E+01
         0.64132E+02          0.70393E+01
         0.64099E+02          0.70286E+01
         0.64065E+02          0.70193E+01
         0.64032E+02          0.70109E+01
         0.63999E+02          0.70033E+01
         0.63966E+02          0.69962E+01
         0.63933E+02          0.69897E+01
         0.63900E+02          0.69835E+01
         0.63867E+02          0.69776E+01
         0.63834E+02          0.69721E+01
         0.63802E+02          0.69667E+01
         0.63769E+02          0.69615E+01
         0.63736E+02          0.69566E+01
         0.63703E+02          0.69517E+01
         0.63671E+02          0.69470E+01
         0.63638E+02          0.69424E+01
         0.63605E+02          0.69379E+01
         0.63573E+02          0.69335E+01
         0.63540E+02          0.69292E+01
         0.63508E+02          0.69250E+01
         0.63475E+02          0.69208E+01
         0.63443E+02          0.69167E+01
         0.63410E+02          0.69126E+01
         0.63378E+02          0.69086E+01
         0.63345E+02          0.69047E+01
         0.63313E+02          0.69008E+01
         0.63281E+02          0.68970E+01
         0.63248E+02          0.68931E+01
         0.63216E+02          0.68894E+01
         0.63184E+02          0.68856E+01
         0.63152E+02          0.68820E+01
         0.63120E+02          0.68783E+01
         0.63087E+02          0.68747E+01
         0.63055E+02          0.68711E+01
         0.63023E+02          0.68675E+01
         0.62991E+02          0.68640E+01
         0.62959E+02          0.68605E+01
         0.62927E+02          0.68570E+01
         0.62895E+02          0.68535E+01
         0.62864E+02          0.68501E+01
         0.62832E+02          0.68467E+01
         0.62800E+02          0.68433E+01
         0.62768E+02          0.68399E+01
         0.62736E+02          0.68366E+01
         0.62705E+02          0.68333E+01
         0.62673E+02          0.68300E+01
         0.62641E+02          0.68267E+01
         0.62610E+02          0.68235E+01
         0.62578E+02          0.68202E+01
         0.62546E+02          0.68170E+01
         0.62515E+02          0.68138E+01
         0.62483E+02          0.68106E+01
         0.62452E+02          0.68075E+01
         0.62420E+02          0.68043E+01
         0.62389E+02          0.68012E+01
         0.62358E+02          0.67981E+01
         0.62326E+02          0.67950E+01
         0.62295E+02          0.67919E+01
         0.62264E+02          0.67889E+01
         0.62232E+02          0.67858E+01
         0.62201E+02          0.67828E+01
         0.62170E+02          0.67798E+01
         0.62139E+02          0.67768E+01
         0.62108E+02          0.67738E+01
         0.62077E+02          0.67708E+01
         0.62046E+02          0.67679E+01
         0.62015E+02          0.67649E+01
         0.61984E+02          0.67620E+01
         0.61953E+02          0.67591E+01
         0.61922E+02          0.67562E+01
         0.61891E+02          0.67533E+01
         0.61860E+02          0.67504E+01
         0.61829E+02          0.67476E+01
         0.61798E+02          0.67447E+01
         0.61767E+02          0.67419E+01
         0.61737E+02          0.67391E+01
         0.61706E+02          0.67363E+01
         0.61675E+02          0.67335E+01
         0.61645E+02          0.67307E+01
         0.61614E+02          0.67279E+01
         0.61583E+02          0.67252E+01
         0.61553E+02          0.67224E+01
         0.61522E+02          0.67197E+01
         0.61492E+02          0.67170E+01
         0.61461E+02          0.67142E+01
         0.61431E+02          0.67115E+01
         0.61400E+02          0.67088E+01
         0.61370E+02          0.67062E+01
         0.61340E+02          0.67035E+01
         0.61309E+02          0.67008E+01
         0.61279E+02          0.66982E+01
         0.61249E+02          0.66956E+01
         0.61218E+02          0.66929E+01
         0.61188E+02          0.66903E+01
         0.61158E+02          0.66877E+01
         0.61128E+02          0.66851E+01
         0.61098E+02          0.66825E+01
         0.61068E+02          0.66800E+01
         0.61038E+02          0.66774E+01
         0.61008E+02          0.66749E+01
         0.60978E+02          0.66723E+01
         0.60948E+02          0.66698E+01
         0.60918E+02          0.66673E+01
         0.60888E+02          0.66648E+01
         0.60858E+02          0.66623E+01
         0.60828E+02          0.66598E+01
         0.60798E+02          0.66573E+01
         0.60768E+02          0.66549E+01
         0.60739E+02          0.66524E+01
         0.60709E+02          0.66500E+01
         0.60679E+02          0.66475E+01
         0.60649E+02          0.66451E+01
         0.60620E+02          0.66427E+01
         0.60590E+02          0.66403E+01
         0.60561E+02          0.66379E+01
         0.60531E+02          0.66355E+01
         0.60501E+02          0.66332E+01
         0.60472E+02          0.66308E+01
         0.60442E+02          0.66285E+01
         0.60413E+02          0.66261E+01
         0.60384E+02          0.66238E+01
         0.60354E+02          0.66214E+01
         0.60325E+02          0.66191E+01
         0.60295E+02          0.66168E+01
         0.60266E+02          0.66145E+01
         0.60237E+02          0.66121E+01
         0.60208E+02          0.66098E+01
         0.60178E+02          0.66074E+01
         0.60149E+02          0.66050E+01
         0.60120E+02          0.66026E+01
         0.60091E+02          0.66000E+01
         0.60062E+02          0.65974E+01
         0.60033E+02          0.65947E+01
         0.60004E+02          0.65917E+01
         0.59975E+02          0.65885E+01
         0.59946E+02          0.65848E+01
         0.59917E+02          0.65806E+01
         0.59888E+02          0.65755E+01
         0.59859E+02          0.65690E+01
         0.59830E+02          0.65603E+01
         0.59801E+02          0.65481E+01
         0.59772E+02          0.65297E+01
         0.59743E+02          0.65005E+01
         0.59715E+02          0.64501E+01
         0.59686E+02          0.63567E+01
         0.59657E+02          0.61735E+01
         0.59629E+02          0.58386E+01
         0.59600E+02          0.54955E+01
         0.59571E+02          0.55787E+01
         0.59543E+02          0.58783E+01
         0.59514E+02          0.60975E+01
         0.59485E+02          0.62276E+01
         0.59457E+02          0.63055E+01
         0.59428E+02          0.63543E+01
         0.59400E+02          0.63864E+01
         0.59372E+02          0.64084E+01
         0.59343E+02          0.64239E+01
         0.59315E+02          0.64350E+01
         0.59286E+02          0.64432E+01
         0.59258E+02          0.64492E+01
         0.59230E+02          0.64536E+01
         0.59201E+02          0.64568E+01
         0.59173E+02          0.64591E+01
         0.59145E+02          0.64607E+01
         0.59117E+02          0.64617E+01
         0.59089E+02          0.64622E+01
         0.59060E+02          0.64624E+01
         0.59032E+02          0.64622E+01
         0.59004E+02          0.64618E+01
         0.58976E+02          0.64612E+01
         0.58948E+02          0.64604E+01
         0.58920E+02          0.64594E+01
         0.58892E+02          0.64583E+01
         0.58864E+02          0.64571E+01
         0.58836E+02          0.64557E+01
         0.58808E+02          0.64543E+01
         0.58780E+02          0.64528E+01
         0.58753E+02          0.64513E+01
         0.58725E+02          0.64496E+01
         0.58697E+02          0.64479E+01
         0.58669E+02          0.64462E+01
         0.58641E+02          0.64444E+01
         0.58614E+02          0.64426E+01
         0.58586E+02          0.64407E+01
         0.58558E+02          0.64389E+01
         0.58531E+02          0.64369E+01
         0.58503E+02          0.64350E+01
         0.58475E+02          0.64330E+01
         0.58448E+02          0.64310E+01
         0.58420E+02          0.64290E+01
         0.58393E+02          0.64270E+01
         0.58365E+02          0.64249E+01
         0.58338E+02          0.64229E+01
         0.58310E+02          0.64208E+01
         0.58283E+02          0.64187E+01
         0.58256E+02          0.64166E+01
         0.58228E+02          0.64145E+01
         0.58201E+02          0.64124E+01
         0.58174E+02          0.64103E+01
         0.58146E+02          0.64081E+01
         0.58119E+02          0.64060E+01
         0.58092E+02          0.64038E+01
         0.58065E+02          0.64017E+01
         0.58038E+02          0.63995E+01
         0.58010E+02          0.63973E+01
         0.57983E+02          0.63952E+01
         0.57956E+02          0.63930E+01
         0.57929E+02          0.63908E+01
         0.57902E+02          0.63886E+01
         0.57875E+02          0.63865E+01
         0.57848E+02          0.63843E+01
         0.57821E+02          0.63821E+01
         0.57794E+02          0.63799E+01
         0.57767E+02          0.63777E+01
         0.57740E+02          0.63756E+01
         0.57713E+02          0.63734E+01
         0.57686E+02          0.63712E+01
         0.57660E+02          0.63690E+01
         0.57633E+02          0.63669E+01
         0.57606E+02          0.63647E+01
         0.57579E+02          0.63625E+01
         0.57553E+02          0.63604E+01
         0.57526E+02          0.63582E+01
         0.57499E+02          0.63561E+01
         0.57473E+02          0.63539E+01
         0.57446E+02          0.63518E+01
         0.57419E+02          0.63497E+01
         0.57393E+02          0.63475E+01
         0.57366E+02          0.63454E+01
         0.57340E+02          0.63433E+01
         0.57313E+02          0.63412E+01
         0.57287E+02          0.63392E+01
         0.57260E+02          0.63371E+01
         0.57234E+02          0.63350E+01
         0.57207E+02          0.63330E+01
         0.57181E+02          0.63310E+01
         0.57155E+02          0.63290E+01
         0.57128E+02          0.63270E+01
         0.57102E+02          0.63250E+01
         0.57076E+02          0.63231E+01
         0.57049E+02          0.63212E+01
         0.57023E+02          0.63193E+01
         0.56997E+02          0.63174E+01
         0.56971E+02          0.63156E+01
         0.56945E+02          0.63138E+01
         0.56918E+02          0.63121E+01
         0.56892E+02          0.63104E+01
         0.56866E+02          0.63087E+01
         0.56840E+02          0.63071E+01
         0.56814E+02          0.63055E+01
         0.56788E+02          0.63040E+01
         0.56762E+02          0.63026E+01
         0.56736E+02          0.63013E+01
         0.56710E+02          0.63000E+01
         0.56684E+02          0.62988E+01
         0.56658E+02          0.62978E+01
         0.56632E+02          0.62968E+01
         0.56607E+02          0.62961E+01
         0.56581E+02          0.62954E+01
         0.56555E+02          0.62950E+01
         0.56529E+02          0.62948E+01
         0.56503E+02          0.62948E+01
         0.56478E+02          0.62951E+01
         0.56452E+02          0.62958E+01
         0.56426E+02          0.62969E+01
         0.56401E+02          0.62985E+01
         0.56375E+02          0.63008E+01
         0.56349E+02          0.63038E+01
         0.56324E+02          0.63077E+01
         0.56298E+02          0.63128E+01
         0.56273E+02          0.63195E+01
         0.56247E+02          0.63281E+01
         0.56222E+02          0.63390E+01
         0.56196E+02          0.63526E+01
         0.56171E+02          0.63686E+01
         0.56145E+02          0.63839E+01
         0.56120E+02          0.63874E+01
         0.56094E+02          0.63526E+01
         0.56069E+02          0.62593E+01
         0.56044E+02          0.61553E+01
         0.56018E+02          0.60983E+01
         0.55993E+02          0.60815E+01
         0.55968E+02          0.60824E+01
         0.55943E+02          0.60887E+01
         0.55917E+02          0.60959E+01
         0.55892E+02          0.61023E+01
         0.55867E+02          0.61078E+01
         0.55842E+02          0.61121E+01
         0.55817E+02          0.61156E+01
         0.55792E+02          0.61182E+01
         0.55766E+02          0.61202E+01
         0.55741E+02          0.61217E+01
         0.55716E+02          0.61226E+01
         0.55691E+02          0.61232E+01
         0.55666E+02          0.61235E+01
         0.55641E+02          0.61234E+01
         0.55616E+02          0.61232E+01
         0.55591E+02          0.61227E+01
         0.55566E+02          0.61220E+01
         0.55542E+02          0.61212E+01
         0.55517E+02          0.61202E+01
         0.55492E+02          0.61192E+01
         0.55467E+02          0.61180E+01
         0.55442E+02          0.61167E+01
         0.55417E+02          0.61153E+01
         0.55393E+02          0.61139E+01
         0.55368E+02          0.61124E+01
         0.55343E+02          0.61108E+01
         0.55319E+02          0.61092E+01
         0.55294E+02          0.61075E+01
         0.55269E+02          0.61058E+01
         0.55245E+02          0.61040E+01
         0.55220E+02          0.61022E+01
         0.55195E+02          0.61003E+01
         0.55171E+02          0.60985E+01
         0.55146E+02          0.60965E+01
         0.55122E+02          0.60946E+01
         0.55097E+02          0.60926E+01
         0.55073E+02          0.60906E+01
         0.55048E+02          0.60886E+01
         0.55024E+02          0.60866E+01
         0.55000E+02          0.60845E+01
         0.54975E+02          0.60824E+01
         0.54951E+02          0.60803E+01
         0.54926E+02          0.60782E+01
         0.54902E+02          0.60761E+01
         0.54878E+02          0.60739E+01
         0.54854E+02          0.60718E+01
         0.54829E+02          0.60696E+01
         0.54805E+02          0.60674E+01
         0.54781E+02          0.60652E+01
         0.54757E+02          0.60630E+01
         0.54732E+02          0.60607E+01
         0.54708E+02          0.60585E+01
         0.54684E+02          0.60562E+01
         0.54660E+02          0.60539E+01
         0.54636E+02          0.60516E+01
         0.54612E+02          0.60493E+01
         0.54588E+02          0.60470E+01
         0.54564E+02          0.60446E+01
         0.54540E+02          0.60423E+01
         0.54516E+02          0.60399E+01
         0.54492E+02          0.60375E+01
         0.54468E+02          0.60351E+01
         0.54444E+02          0.60327E+01
         0.54420E+02          0.60302E+01
         0.54396E+02          0.60278E+01
         0.54372E+02          0.60253E+01
         0.54349E+02          0.60228E+01
         0.54325E+02          0.60203E+01
         0.54301E+02          0.60177E+01
         0.54277E+02          0.60151E+01
         0.54253E+02          0.60125E+01
         0.54230E+02          0.60099E+01
         0.54206E+02          0.60073E+01
         0.54182E+02          0.60046E+01
         0.54159E+02          0.60018E+01
         0.54135E+02          0.59991E+01
         0.54111E+02          0.59963E+01
         0.54088E+02          0.59934E+01
         0.54064E+02          0.59905E+01
         0.54041E+02          0.59875E+01
         0.54017E+02          0.59845E+01
         0.53994E+02          0.59814E+01
         0.53970E+02          0.59783E+01
         0.53947E+02          0.59750E+01
         0.53923E+02          0.59717E+01
         0.53900E+02          0.59682E+01
         0.53876E+02          0.59647E+01
         0.53853E+02          0.59610E+01
         0.53829E+02          0.59571E+01
         0.53806E+02          0.59531E+01
         0.53783E+02          0.59489E+01
         0.53759E+02          0.59445E+01
         0.53736E+02          0.59398E+01
         0.53713E+02          0.59349E+01
         0.53690E+02          0.59298E+01
         0.53666E+02          0.59244E+01
         0.53643E+02          0.59189E+01
         0.53620E+02          0.59137E+01
         0.53597E+02          0.59098E+01
         0.53574E+02          0.59103E+01
         0.53550E+02          0.59338E+01
         0.53527E+02          0.59576E+01
         0.53504E+02          0.61552E+01
         0.53481E+02          0.69562E+01
         0.53458E+02          0.72329E+01
         0.53435E+02          0.65941E+01
         0.53412E+02          0.63099E+01
         0.53389E+02          0.61810E+01
         0.53366E+02          0.61107E+01
         0.53343E+02          0.60664E+01
         0.53320E+02          0.60352E+01
         0.53297E+02          0.60111E+01
         0.53274E+02          0.59909E+01
         0.53251E+02          0.59725E+01
         0.53229E+02          0.59542E+01
         0.53206E+02          0.59343E+01
         0.53183E+02          0.59099E+01
         0.53160E+02          0.58753E+01
         0.53137E+02          0.58140E+01
         0.53115E+02          0.56541E+01
         0.53092E+02          0.50847E+01
         0.53069E+02          0.60575E+01
         0.53046E+02          0.60483E+01
         0.53024E+02          0.60197E+01
         0.53001E+02          0.60018E+01
         0.52978E+02          0.59901E+01
         0.52956E+02          0.59816E+01
         0.52933E+02          0.59748E+01
         0.52911E+02          0.59689E+01
         0.52888E+02          0.59636E+01
         0.52865E+02          0.59587E+01
         0.52843E+02          0.59542E+01
         0.52820E+02          0.59499E+01
         0.52798E+02          0.59458E+01
         0.52775E+02          0.59420E+01
         0.52753E+02          0.59383E+01
         0.52731E+02          0.59347E+01
         0.52708E+02          0.59313E+01
         0.52686E+02          0.59279E+01
         0.52663E+02          0.59247E+01
         0.52641E+02          0.59215E+01
         0.52619E+02          0.59185E+01
         0.52596E+02          0.59154E+01
         0.52574E+02          0.59125E+01
         0.52552E+02          0.59096E+01
         0.52529E+02          0.59067E+01
         0.52507E+02          0.59039E+01
         0.52485E+02          0.59011E+01
         0.52463E+02          0.58984E+01
         0.52441E+02          0.58957E+01
         0.52418E+02          0.58930E+01
         0.52396E+02          0.58903E+01
         0.52374E+02          0.58876E+01
         0.52352E+02          0.58850E+01
         0.52330E+02          0.58824E+01
         0.52308E+02          0.58798E+01
         0.52286E+02          0.58771E+01
         0.52264E+02          0.58745E+01
         0.52242E+02          0.58719E+01
         0.52220E+02          0.58693E+01
         0.52198E+02          0.58667E+01
         0.52176E+02          0.58641E+01
         0.52154E+02          0.58615E+01
         0.52132E+02          0.58589E+01
         0.52110E+02          0.58562E+01
         0.52088E+02          0.58536E+01
         0.52066E+02          0.58509E+01
         0.52044E+02          0.58482E+01
         0.52023E+02          0.58454E+01
         0.52001E+02          0.58427E+01
         0.51979E+02          0.58399E+01
         0.51957E+02          0.58370E+01
         0.51935E+02          0.58341E+01
         0.51914E+02          0.58312E+01
         0.51892E+02          0.58282E+01
         0.51870E+02          0.58251E+01
         0.51849E+02          0.58220E+01
         0.51827E+02          0.58187E+01
         0.51805E+02          0.58154E+01
         0.51784E+02          0.58121E+01
         0.51762E+02          0.58086E+01
         0.51740E+02          0.58054E+01
         0.51719E+02          0.58005E+01
         0.51697E+02          0.57920E+01
         0.51676E+02          0.57888E+01
         0.51654E+02          0.57841E+01
         0.51633E+02          0.57787E+01
         0.51611E+02          0.57724E+01
         0.51590E+02          0.57652E+01
         0.51568E+02          0.57568E+01
         0.51547E+02          0.57467E+01
         0.51525E+02          0.57342E+01
         0.51504E+02          0.57178E+01
         0.51483E+02          0.56907E+01
         0.51461E+02          0.56627E+01
         0.51440E+02          0.56070E+01
         0.51418E+02          0.54918E+01
         0.51397E+02          0.51469E+01
         0.51376E+02          0.65433E+01
         0.51355E+02          0.64529E+01
         0.51333E+02          0.61882E+01
         0.51312E+02          0.59331E+01
         0.51291E+02          0.58954E+01
         0.51270E+02          0.58738E+01
         0.51248E+02          0.58580E+01
         0.51227E+02          0.58457E+01
         0.51206E+02          0.58355E+01
         0.51185E+02          0.58269E+01
         0.51164E+02          0.58193E+01
         0.51143E+02          0.58125E+01
         0.51122E+02          0.58063E+01
         0.51101E+02          0.58005E+01
         0.51080E+02          0.57950E+01
         0.51058E+02          0.57897E+01
         0.51037E+02          0.57845E+01
         0.51016E+02          0.57794E+01
         0.50995E+02          0.57741E+01
         0.50975E+02          0.57686E+01
         0.50954E+02          0.57627E+01
         0.50933E+02          0.57588E+01
         0.50912E+02          0.57598E+01
         0.50891E+02          0.57575E+01
         0.50870E+02          0.57530E+01
         0.50849E+02          0.57482E+01
         0.50828E+02          0.57433E+01
         0.50807E+02          0.57384E+01
         0.50787E+02          0.57333E+01
         0.50766E+02          0.57283E+01
         0.50745E+02          0.57231E+01
         0.50724E+02          0.57190E+01
         0.50704E+02          0.57105E+01
         0.50683E+02          0.57050E+01
         0.50662E+02          0.56988E+01
         0.50641E+02          0.56921E+01
         0.50621E+02          0.56850E+01
         0.50600E+02          0.56773E+01
         0.50579E+02          0.56691E+01
         0.50559E+02          0.56601E+01
         0.50538E+02          0.56503E+01
         0.50518E+02          0.56396E+01
         0.50497E+02          0.56278E+01
         0.50476E+02          0.56153E+01
         0.50456E+02          0.56036E+01
         0.50435E+02          0.56035E+01
         0.50415E+02          0.57525E+01
         0.50394E+02          0.59923E+01
         0.50374E+02          0.56176E+01
         0.50353E+02          0.55297E+01
         0.50333E+02          0.54671E+01
         0.50313E+02          0.53994E+01
         0.50292E+02          0.52995E+01
         0.50272E+02          0.47634E+01
         0.50251E+02          0.52597E+01
         0.50231E+02          0.50600E+01
         0.50211E+02          0.48378E+01
         0.50190E+02          0.47263E+01
         0.50170E+02          0.47301E+01
         0.50150E+02          0.52114E+01
         0.50129E+02          0.56157E+01
         0.50109E+02          0.58073E+01
         0.50089E+02          0.58822E+01
         0.50069E+02          0.59059E+01
         0.50049E+02          0.59190E+01
         0.50028E+02          0.60563E+01
         0.50008E+02          0.58216E+01
         0.49988E+02          0.58118E+01
         0.49968E+02          0.57919E+01
         0.49948E+02          0.57640E+01
         0.49928E+02          0.57270E+01
         0.49908E+02          0.56771E+01
         0.49887E+02          0.56065E+01
         0.49867E+02          0.55021E+01
         0.49847E+02          0.53428E+01
         0.49827E+02          0.51064E+01
         0.49807E+02          0.48202E+01
         0.49787E+02          0.46609E+01
         0.49767E+02          0.47935E+01
         0.49747E+02          0.50644E+01
         0.49727E+02          0.52926E+01
         0.49707E+02          0.54461E+01
         0.49688E+02          0.55420E+01
         0.49668E+02          0.56156E+01
         0.49648E+02          0.56734E+01
         0.49628E+02          0.57802E+01
         0.49608E+02          0.59441E+01
         0.49588E+02          0.56976E+01
         0.49568E+02          0.57051E+01
         0.49549E+02          0.57009E+01
         0.49529E+02          0.57372E+01
         0.49509E+02          0.57115E+01
         0.49489E+02          0.57075E+01
         0.49469E+02          0.56981E+01
         0.49450E+02          0.57000E+01
         0.49430E+02          0.62056E+01
         0.49410E+02          0.57147E+01
         0.49391E+02          0.55829E+01
         0.49371E+02          0.53599E+01
         0.49351E+02          0.52817E+01
         0.49332E+02          0.54723E+01
         0.49312E+02          0.55394E+01
         0.49292E+02          0.56055E+01
         0.49273E+02          0.56781E+01
         0.49253E+02          0.58358E+01
         0.49234E+02          0.63248E+01
         0.49214E+02          0.58769E+01
         0.49195E+02          0.57357E+01
         0.49175E+02          0.57121E+01
         0.49156E+02          0.57196E+01
         0.49136E+02          0.57805E+01
         0.49117E+02          0.49837E+01
         0.49097E+02          0.55849E+01
         0.49078E+02          0.56176E+01
         0.49058E+02          0.56339E+01
         0.49039E+02          0.58306E+01
         0.49020E+02          0.60662E+01
         0.49000E+02          0.57729E+01
         0.48981E+02          0.56914E+01
         0.48962E+02          0.57132E+01
         0.48942E+02          0.58757E+01
         0.48923E+02          0.57097E+01
         0.48904E+02          0.57437E+01
         0.48884E+02          0.56498E+01
         0.48865E+02          0.52510E+01
         0.48846E+02          0.56571E+01
         0.48827E+02          0.56998E+01
         0.48807E+02          0.57549E+01
         0.48788E+02          0.52512E+01
         0.48769E+02          0.55742E+01
         0.48750E+02          0.56685E+01
         0.48731E+02          0.57488E+01
         0.48711E+02          0.55242E+01
         0.48692E+02          0.56239E+01
         0.48673E+02          0.57604E+01
         0.48654E+02          0.55870E+01
         0.48635E+02          0.57184E+01
         0.48616E+02          0.55784E+01
         0.48597E+02          0.55194E+01
         0.48578E+02          0.56827E+01
         0.48559E+02          0.55282E+01
         0.48540E+02          0.56456E+01
         0.48521E+02          0.54877E+01
         0.48502E+02          0.58114E+01
         0.48483E+02          0.56361E+01
         0.48464E+02          0.56165E+01
         0.48445E+02          0.57046E+01
         0.48426E+02          0.57783E+01
         0.48407E+02          0.57841E+01
         0.48388E+02          0.55877E+01
         0.48369E+02          0.55785E+01
         0.48351E+02          0.55758E+01
         0.48332E+02          0.55832E+01
         0.48313E+02          0.55671E+01
         0.48294E+02          0.55662E+01
         0.48275E+02          0.55099E+01
         0.48256E+02          0.55425E+01
         0.48238E+02          0.55559E+01
         0.48219E+02          0.55037E+01
         0.48200E+02          0.55638E+01
         0.48181E+02          0.55509E+01
         0.48163E+02          0.55745E+01
         0.48144E+02          0.55571E+01
         0.48125E+02          0.50842E+01
         0.48107E+02          0.55738E+01
         0.48088E+02          0.55520E+01
         0.48069E+02          0.55571E+01
         0.48051E+02          0.55544E+01
         0.48032E+02          0.55451E+01
         0.48013E+02          0.55713E+01
         0.47995E+02          0.55408E+01
         0.47976E+02          0.55376E+01
         0.47958E+02          0.55339E+01
         0.47939E+02          0.55318E+01
         0.47921E+02          0.55276E+01
         0.47902E+02          0.55240E+01
         0.47884E+02          0.55183E+01
         0.47865E+02          0.55141E+01
         0.47847E+02          0.54974E+01
         0.47828E+02          0.55679E+01
         0.47810E+02          0.55265E+01
         0.47791E+02          0.55341E+01
         0.47773E+02          0.55128E+01
         0.47755E+02          0.55156E+01
         0.47736E+02          0.53718E+01
         0.47718E+02          0.55253E+01
         0.47699E+02          0.55151E+01
         0.47681E+02          0.55087E+01
         0.47663E+02          0.55075E+01
         0.47644E+02          0.54978E+01
         0.47626E+02          0.54891E+01
         0.47608E+02          0.54784E+01
         0.47590E+02          0.54628E+01
         0.47571E+02          0.54381E+01
         0.47553E+02          0.53954E+01
         0.47535E+02          0.53337E+01
         0.47517E+02          0.52393E+01
         0.47498E+02          0.52294E+01
         0.47480E+02          0.53439E+01
         0.47462E+02          0.54816E+01
         0.47444E+02          0.52676E+01
         0.47426E+02          0.53674E+01
         0.47408E+02          0.54015E+01
         0.47390E+02          0.54178E+01
         0.47371E+02          0.54249E+01
         0.47353E+02          0.54242E+01
         0.47335E+02          0.54461E+01
         0.47317E+02          0.54426E+01
         0.47299E+02          0.54140E+01
         0.47281E+02          0.54657E+01
         0.47263E+02          0.54664E+01
         0.47245E+02          0.54708E+01
         0.47227E+02          0.54756E+01
         0.47209E+02          0.54184E+01
         0.47191E+02          0.54270E+01
         0.47173E+02          0.54523E+01
         0.47155E+02          0.54129E+01
         0.47137E+02          0.54202E+01
         0.47119E+02          0.54223E+01
         0.47101E+02          0.54288E+01
         0.47084E+02          0.54155E+01
         0.47066E+02          0.54178E+01
         0.47048E+02          0.54043E+01
         0.47030E+02          0.54119E+01
         0.47012E+02          0.54265E+01
         0.46994E+02          0.54342E+01
         0.46977E+02          0.54192E+01
         0.46959E+02          0.54147E+01
         0.46941E+02          0.54465E+01
         0.46923E+02          0.54703E+01
         0.46905E+02          0.60088E+01
         0.46888E+02          0.54272E+01
         0.46870E+02          0.53673E+01
         0.46852E+02          0.53931E+01
         0.46835E+02          0.53893E+01
         0.46817E+02          0.53600E+01
         0.46799E+02          0.54105E+01
         0.46782E+02          0.53676E+01
         0.46764E+02          0.53387E+01
         0.46746E+02          0.53614E+01
         0.46729E+02          0.53440E+01
         0.46711E+02          0.53729E+01
         0.46693E+02          0.53909E+01
         0.46676E+02          0.53786E+01
         0.46658E+02          0.53350E+01
         0.46641E+02          0.53986E+01
         0.46623E+02          0.53873E+01
         0.46606E+02          0.53812E+01
         0.46588E+02          0.53752E+01
         0.46571E+02          0.53621E+01
         0.46553E+02          0.53819E+01
         0.46536E+02          0.53773E+01
         0.46518E+02          0.53406E+01
         0.46501E+02          0.53223E+01
         0.46483E+02          0.53348E+01
         0.46466E+02          0.53149E+01
         0.46449E+02          0.53317E+01
         0.46431E+02          0.53168E+01
         0.46414E+02          0.53188E+01
         0.46396E+02          0.53630E+01
         0.46379E+02          0.53227E+01
         0.46362E+02          0.53432E+01
         0.46344E+02          0.52394E+01
         0.46327E+02          0.54549E+01
         0.46310E+02          0.52744E+01
         0.46292E+02          0.52165E+01
         0.46275E+02          0.50848E+01
         0.46258E+02          0.50627E+01
         0.46241E+02          0.51909E+01
         0.46223E+02          0.52507E+01
         0.46206E+02          0.52725E+01
         0.46189E+02          0.52834E+01
         0.46172E+02          0.52876E+01
         0.46155E+02          0.52899E+01
         0.46137E+02          0.52910E+01
         0.46120E+02          0.54246E+01
         0.46103E+02          0.52492E+01
         0.46086E+02          0.53412E+01
         0.46069E+02          0.52951E+01
         0.46052E+02          0.52245E+01
         0.46035E+02          0.51217E+01
         0.46018E+02          0.51880E+01
         0.46001E+02          0.52211E+01
         0.45983E+02          0.52334E+01
         0.45966E+02          0.52386E+01
         0.45949E+02          0.52407E+01
         0.45932E+02          0.52413E+01
         0.45915E+02          0.52411E+01
         0.45898E+02          0.52403E+01
         0.45881E+02          0.52391E+01
         0.45864E+02          0.52371E+01
         0.45847E+02          0.52333E+01
         0.45830E+02          0.52524E+01
         0.45814E+02          0.52302E+01
         0.45797E+02          0.51345E+01
         0.45780E+02          0.51792E+01
         0.45763E+02          0.52058E+01
         0.45746E+02          0.52117E+01
         0.45729E+02          0.52142E+01
         0.45712E+02          0.52175E+01
         0.45695E+02          0.52511E+01
         0.45678E+02          0.54374E+01
         0.45662E+02          0.52034E+01
         0.45645E+02          0.51795E+01
         0.45628E+02          0.51739E+01
         0.45611E+02          0.51860E+01
         0.45595E+02          0.51874E+01
         0.45578E+02          0.51868E+01
         0.45561E+02          0.51818E+01
         0.45544E+02          0.51805E+01
         0.45528E+02          0.51684E+01
         0.45511E+02          0.51753E+01
         0.45494E+02          0.51759E+01
         0.45477E+02          0.51883E+01
         0.45461E+02          0.51861E+01
         0.45444E+02          0.51576E+01
         0.45427E+02          0.51739E+01
         0.45411E+02          0.51550E+01
         0.45394E+02          0.51545E+01
         0.45378E+02          0.51459E+01
         0.45361E+02          0.51506E+01
         0.45344E+02          0.51532E+01
         0.45328E+02          0.51600E+01
         0.45311E+02          0.51376E+01
         0.45295E+02          0.51326E+01
         0.45278E+02          0.51310E+01
         0.45262E+02          0.48982E+01
         0.45245E+02          0.50925E+01
         0.45229E+02          0.50076E+01
         0.45212E+02          0.51191E+01
         0.45196E+02          0.50889E+01
         0.45179E+02          0.50893E+01
         0.45163E+02          0.51783E+01
         0.45146E+02          0.50864E+01
         0.45130E+02          0.50857E+01
         0.45113E+02          0.50783E+01
         0.45097E+02          0.50845E+01
         0.45081E+02          0.50768E+01
         0.45064E+02          0.50766E+01
         0.45048E+02          0.50743E+01
         0.45031E+02          0.50696E+01
         0.45015E+02          0.50677E+01
         0.44999E+02          0.50694E+01
         0.44982E+02          0.50632E+01
         0.44966E+02          0.50630E+01
         0.44950E+02          0.50625E+01
         0.44934E+02          0.50583E+01
         0.44917E+02          0.50566E+01
         0.44901E+02          0.50582E+01
         0.44885E+02          0.50568E+01
         0.44868E+02          0.50540E+01
         0.44852E+02          0.50573E+01
         0.44836E+02          0.50565E+01
         0.44820E+02          0.49910E+01
         0.44804E+02          0.49902E+01
         0.44787E+02          0.50065E+01
         0.44771E+02          0.50114E+01
         0.44755E+02          0.50124E+01
         0.44739E+02          0.50118E+01
         0.44723E+02          0.50104E+01
         0.44707E+02          0.50086E+01
         0.44691E+02          0.50065E+01
         0.44674E+02          0.50044E+01
         0.44658E+02          0.50022E+01
         0.44642E+02          0.50002E+01
         0.44626E+02          0.49986E+01
         0.44610E+02          0.49981E+01
         0.44594E+02          0.50006E+01
         0.44578E+02          0.50027E+01
         0.44562E+02          0.49361E+01
         0.44546E+02          0.49521E+01
         0.44530E+02          0.49519E+01
         0.44514E+02          0.49452E+01
         0.44498E+02          0.49311E+01
         0.44482E+02          0.49247E+01
         0.44466E+02          0.49633E+01
         0.44450E+02          0.49755E+01
         0.44434E+02          0.49736E+01
         0.44418E+02          0.48167E+01
         0.44403E+02          0.49586E+01
         0.44387E+02          0.49621E+01
         0.44371E+02          0.49600E+01
         0.44355E+02          0.49574E+01
         0.44339E+02          0.49516E+01
         0.44323E+02          0.48727E+01
         0.44307E+02          0.49367E+01
         0.44291E+02          0.49388E+01
         0.44276E+02          0.49388E+01
         0.44260E+02          0.49437E+01
         0.44244E+02          0.49226E+01
         0.44228E+02          0.49262E+01
         0.44212E+02          0.49348E+01
         0.44197E+02          0.49144E+01
         0.44181E+02          0.49193E+01
         0.44165E+02          0.49061E+01
         0.44150E+02          0.49195E+01
         0.44134E+02          0.49053E+01
         0.44118E+02          0.48988E+01
         0.44102E+02          0.48957E+01
         0.44087E+02          0.48974E+01
         0.44071E+02          0.48883E+01
         0.44055E+02          0.48926E+01
         0.44040E+02          0.48993E+01
         0.44024E+02          0.48942E+01
         0.44008E+02          0.48639E+01
         0.43993E+02          0.48698E+01
         0.43977E+02          0.48663E+01
         0.43962E+02          0.48628E+01
         0.43946E+02          0.48591E+01
         0.43931E+02          0.48549E+01
         0.43915E+02          0.48494E+01
         0.43899E+02          0.48445E+01
         0.43884E+02          0.48527E+01
         0.43868E+02          0.48464E+01
         0.43853E+02          0.48421E+01
         0.43837E+02          0.48381E+01
         0.43822E+02          0.48343E+01
         0.43806E+02          0.48304E+01
         0.43791E+02          0.48264E+01
         0.43775E+02          0.48222E+01
         0.43760E+02          0.48176E+01
         0.43745E+02          0.48122E+01
         0.43729E+02          0.48049E+01
         0.43714E+02          0.47924E+01
         0.43698E+02          0.47675E+01
         0.43683E+02          0.47906E+01
         0.43667E+02          0.48059E+01
         0.43652E+02          0.48111E+01
         0.43637E+02          0.48063E+01
         0.43621E+02          0.48017E+01
         0.43606E+02          0.47975E+01
         0.43591E+02          0.47936E+01
         0.43575E+02          0.47898E+01
         0.43560E+02          0.47861E+01
         0.43545E+02          0.47825E+01
         0.43530E+02          0.47790E+01
         0.43514E+02          0.47754E+01
         0.43499E+02          0.47718E+01
         0.43484E+02          0.47681E+01
         0.43468E+02          0.47643E+01
         0.43453E+02          0.47600E+01
         0.43438E+02          0.47534E+01
         0.43423E+02          0.47687E+01
         0.43408E+02          0.47545E+01
         0.43392E+02          0.47494E+01
         0.43377E+02          0.47447E+01
         0.43362E+02          0.47395E+01
         0.43347E+02          0.47325E+01
         0.43332E+02          0.47161E+01
         0.43317E+02          0.47220E+01
         0.43301E+02          0.47425E+01
         0.43286E+02          0.47361E+01
         0.43271E+02          0.47308E+01
         0.43256E+02          0.47263E+01
         0.43241E+02          0.47222E+01
         0.43226E+02          0.47182E+01
         0.43211E+02          0.47142E+01
         0.43196E+02          0.47096E+01
         0.43181E+02          0.47002E+01
         0.43166E+02          0.47079E+01
         0.43151E+02          0.47009E+01
         0.43136E+02          0.46942E+01
         0.43121E+02          0.46768E+01
         0.43106E+02          0.46910E+01
         0.43091E+02          0.46971E+01
         0.43076E+02          0.46911E+01
         0.43061E+02          0.46863E+01
         0.43046E+02          0.46815E+01
         0.43031E+02          0.46737E+01
         0.43016E+02          0.46770E+01
         0.43001E+02          0.46685E+01
         0.42986E+02          0.46294E+01
         0.42971E+02          0.46739E+01
         0.42956E+02          0.46668E+01
         0.42942E+02          0.46611E+01
         0.42927E+02          0.46681E+01
         0.42912E+02          0.46509E+01
         0.42897E+02          0.46645E+01
         0.42882E+02          0.46526E+01
         0.42867E+02          0.46447E+01
         0.42852E+02          0.46414E+01
         0.42838E+02          0.46498E+01
         0.42823E+02          0.46387E+01
         0.42808E+02          0.46331E+01
         0.42793E+02          0.46371E+01
         0.42779E+02          0.46336E+01
         0.42764E+02          0.46315E+01
         0.42749E+02          0.46206E+01
         0.42734E+02          0.46176E+01
         0.42720E+02          0.46189E+01
         0.42705E+02          0.46140E+01
         0.42690E+02          0.46025E+01
         0.42675E+02          0.46092E+01
         0.42661E+02          0.46071E+01
         0.42646E+02          0.46068E+01
         0.42631E+02          0.46033E+01
         0.42617E+02          0.46001E+01
         0.42602E+02          0.45943E+01
         0.42588E+02          0.45916E+01
         0.42573E+02          0.45888E+01
         0.42558E+02          0.45861E+01
         0.42544E+02          0.45834E+01
         0.42529E+02          0.45807E+01
         0.42515E+02          0.45780E+01
         0.42500E+02          0.45753E+01
         0.42485E+02          0.45726E+01
         0.42471E+02          0.45699E+01
         0.42456E+02          0.45672E+01
         0.42442E+02          0.45645E+01
         0.42427E+02          0.45619E+01
         0.42413E+02          0.45592E+01
         0.42398E+02          0.45566E+01
         0.42384E+02          0.45539E+01
         0.42369E+02          0.45513E+01
         0.42355E+02          0.45487E+01
         0.42340E+02          0.45460E+01
         0.42326E+02          0.45434E+01
         0.42311E+02          0.45408E+01
         0.42297E+02          0.45382E+01
         0.42283E+02          0.45356E+01
         0.42268E+02          0.45330E+01
         0.42254E+02          0.45304E+01
         0.42239E+02          0.45279E+01
         0.42225E+02          0.45253E+01
         0.42211E+02          0.45227E+01
         0.42196E+02          0.45202E+01
         0.42182E+02          0.45176E+01
         0.42167E+02          0.45151E+01
         0.42153E+02          0.45126E+01
         0.42139E+02          0.45100E+01
         0.42124E+02          0.45075E+01
         0.42110E+02          0.45050E+01
         0.42096E+02          0.45025E+01
         0.42082E+02          0.45000E+01
         0.42067E+02          0.44975E+01
         0.42053E+02          0.44951E+01
         0.42039E+02          0.44926E+01
         0.42025E+02          0.44901E+01
         0.42010E+02          0.44877E+01
         0.41996E+02          0.44852E+01
         0.41982E+02          0.44828E+01
         0.41968E+02          0.44804E+01
         0.41953E+02          0.44779E+01
         0.41939E+02          0.44755E+01
         0.41925E+02          0.44731E+01
         0.41911E+02          0.44707E+01
         0.41897E+02          0.44683E+01
         0.41883E+02          0.44660E+01
         0.41868E+02          0.44636E+01
         0.41854E+02          0.44612E+01
         0.41840E+02          0.44589E+01
         0.41826E+02          0.44565E+01
         0.41812E+02          0.44542E+01
         0.41798E+02          0.44518E+01
         0.41784E+02          0.44495E+01
         0.41770E+02          0.44472E+01
         0.41756E+02          0.44449E+01
         0.41742E+02          0.44426E+01
         0.41728E+02          0.44403E+01
         0.41713E+02          0.44380E+01
         0.41699E+02          0.44357E+01
         0.41685E+02          0.44335E+01
         0.41671E+02          0.44312E+01
         0.41657E+02          0.44290E+01
         0.41643E+02          0.44267E+01
         0.41629E+02          0.44245E+01
         0.41615E+02          0.44223E+01
         0.41602E+02          0.44201E+01
         0.41588E+02          0.44179E+01
         0.41574E+02          0.44157E+01
         0.41560E+02          0.44135E+01
         0.41546E+02          0.44113E+01
         0.41532E+02          0.44091E+01
         0.41518E+02          0.44069E+01
         0.41504E+02          0.44048E+01
         0.41490E+02          0.44026E+01
         0.41476E+02          0.44005E+01
         0.41462E+02          0.43984E+01
         0.41449E+02          0.43963E+01
         0.41435E+02          0.43941E+01
         0.41421E+02          0.43920E+01
         0.41407E+02          0.43899E+01
         0.41393E+02          0.43879E+01
         0.41379E+02          0.43858E+01
         0.41366E+02          0.43837E+01
         0.41352E+02          0.43817E+01
         0.41338E+02          0.43796E+01
         0.41324E+02          0.43776E+01
         0.41310E+02          0.43755E+01
         0.41297E+02          0.43735E+01
         0.41283E+02          0.43715E+01
         0.41269E+02          0.43695E+01
         0.41255E+02          0.43675E+01
         0.41242E+02          0.43655E+01
         0.41228E+02          0.43635E+01
         0.41214E+02          0.43616E+01
         0.41201E+02          0.43596E+01
         0.41187E+02          0.43576E+01
         0.41173E+02          0.43557E+01
         0.41160E+02          0.43538E+01
         0.41146E+02          0.43518E+01
         0.41132E+02          0.43499E+01
         0.41119E+02          0.43480E+01
         0.41105E+02          0.43461E+01
         0.41091E+02          0.43442E+01
         0.41078E+02          0.43424E+01
         0.41064E+02          0.43405E+01
         0.41051E+02          0.43386E+01
         0.41037E+02          0.43368E+01
         0.41023E+02          0.43349E+01
         0.41010E+02          0.43331E+01
         0.40996E+02          0.43313E+01
         0.40983E+02          0.43294E+01
         0.40969E+02          0.43276E+01
         0.40956E+02          0.43258E+01
         0.40942E+02          0.43241E+01
         0.40929E+02          0.43223E+01
         0.40915E+02          0.43205E+01
         0.40902E+02          0.43187E+01
         0.40888E+02          0.43170E+01
         0.40875E+02          0.43152E+01
         0.40861E+02          0.43135E+01
         0.40848E+02          0.43118E+01
         0.40834E+02          0.43101E+01
         0.40821E+02          0.43084E+01
         0.40807E+02          0.43067E+01
         0.40794E+02          0.43050E+01
         0.40781E+02          0.43033E+01
         0.40767E+02          0.43016E+01
         0.40754E+02          0.43000E+01
         0.40740E+02          0.42983E+01
         0.40727E+02          0.42967E+01
         0.40714E+02          0.42950E+01
         0.40700E+02          0.42934E+01
         0.40687E+02          0.42918E+01
         0.40673E+02          0.42902E+01
         0.40660E+02          0.42886E+01
         0.40647E+02          0.42870E+01
         0.40633E+02          0.42854E+01
         0.40620E+02          0.42838E+01
         0.40607E+02          0.42823E+01
         0.40594E+02          0.42807E+01
         0.40580E+02          0.42792E+01
         0.40567E+02          0.42776E+01
         0.40554E+02          0.42761E+01
         0.40540E+02          0.42746E+01
         0.40527E+02          0.42731E+01
         0.40514E+02          0.42716E+01
         0.40501E+02          0.42701E+01
         0.40488E+02          0.42686E+01
         0.40474E+02          0.42671E+01
         0.40461E+02          0.42657E+01
         0.40448E+02          0.42642E+01
         0.40435E+02          0.42628E+01
         0.40422E+02          0.42613E+01
         0.40408E+02          0.42599E+01
         0.40395E+02          0.42585E+01
         0.40382E+02          0.42571E+01
         0.40369E+02          0.42557E+01
         0.40356E+02          0.42543E+01
         0.40343E+02          0.42529E+01
         0.40329E+02          0.42515E+01
         0.40316E+02          0.42501E+01
         0.40303E+02          0.42488E+01
         0.40290E+02          0.42474E+01
         0.40277E+02          0.42461E+01
         0.40264E+02          0.42447E+01
         0.40251E+02          0.42434E+01
         0.40238E+02          0.42421E+01
         0.40225E+02          0.42407E+01
         0.40212E+02          0.42394E+01
         0.40199E+02          0.42381E+01
         0.40186E+02          0.42368E+01
         0.40173E+02          0.42355E+01
         0.40160E+02          0.42342E+01
         0.40147E+02          0.42330E+01
         0.40134E+02          0.42317E+01
         0.40121E+02          0.42304E+01
         0.40108E+02          0.42292E+01
         0.40095E+02          0.42280E+01
         0.40082E+02          0.42268E+01
         0.40069E+02          0.42257E+01
         0.40056E+02          0.42246E+01
         0.40043E+02          0.42239E+01
         0.40030E+02          0.42238E+01
         0.40017E+02          0.42259E+01
         0.40004E+02          0.42321E+01
         0.39991E+02          0.42253E+01
         0.39978E+02          0.42175E+01
         0.39965E+02          0.42136E+01
         0.39953E+02          0.42104E+01
         0.39940E+02          0.42068E+01
         0.39927E+02          0.42016E+01
         0.39914E+02          0.41925E+01
         0.39901E+02          0.42206E+01
         0.39888E+02          0.42368E+01
         0.39876E+02          0.42250E+01
         0.39863E+02          0.42193E+01
         0.39850E+02          0.42158E+01
         0.39837E+02          0.42133E+01
         0.39824E+02          0.42113E+01
         0.39812E+02          0.42096E+01
         0.39799E+02          0.42081E+01
         0.39786E+02          0.42066E+01
         0.39773E+02          0.42053E+01
         0.39760E+02          0.42041E+01
         0.39748E+02          0.42029E+01
         0.39735E+02          0.42017E+01
         0.39722E+02          0.42006E+01
         0.39709E+02          0.41995E+01
         0.39697E+02          0.41985E+01
         0.39684E+02          0.41974E+01
         0.39671E+02          0.41964E+01
         0.39659E+02          0.41954E+01
         0.39646E+02          0.41944E+01
         0.39633E+02          0.41934E+01
         0.39621E+02          0.41925E+01
         0.39608E+02          0.41915E+01
         0.39595E+02          0.41906E+01
         0.39583E+02          0.41896E+01
         0.39570E+02          0.41887E+01
         0.39557E+02          0.41878E+01
         0.39545E+02          0.41869E+01
         0.39532E+02          0.41860E+01
         0.39520E+02          0.41851E+01
         0.39507E+02          0.41842E+01
         0.39494E+02          0.41833E+01
         0.39482E+02          0.41825E+01
         0.39469E+02          0.41816E+01
         0.39457E+02          0.41807E+01
         0.39444E+02          0.41799E+01
         0.39432E+02          0.41790E+01
         0.39419E+02          0.41781E+01
         0.39407E+02          0.41773E+01
         0.39394E+02          0.41764E+01
         0.39382E+02          0.41756E+01
         0.39369E+02          0.41747E+01
         0.39357E+02          0.41739E+01
         0.39344E+02          0.41731E+01
         0.39332E+02          0.41722E+01
         0.39319E+02          0.41714E+01
         0.39307E+02          0.41706E+01
         0.39294E+02          0.41698E+01
         0.39282E+02          0.41690E+01
         0.39269E+02          0.41682E+01
         0.39257E+02          0.41674E+01
         0.39244E+02          0.41666E+01
         0.39232E+02          0.41659E+01
         0.39220E+02          0.41652E+01
         0.39207E+02          0.41646E+01
         0.39195E+02          0.41640E+01
         0.39182E+02          0.41635E+01
         0.39170E+02          0.41631E+01
         0.39158E+02          0.41628E+01
         0.39145E+02          0.41627E+01
         0.39133E+02          0.41628E+01
         0.39121E+02          0.41630E+01
         0.39108E+02          0.41636E+01
         0.39096E+02          0.41645E+01
         0.39084E+02          0.41657E+01
         0.39071E+02          0.41674E+01
         0.39059E+02          0.41696E+01
         0.39047E+02          0.41722E+01
         0.39034E+02          0.41753E+01
         0.39022E+02          0.41790E+01
         0.39010E+02          0.41831E+01
         0.38998E+02          0.41876E+01
         0.38985E+02          0.41923E+01
         0.38973E+02          0.41972E+01
         0.38961E+02          0.42022E+01
         0.38949E+02          0.42071E+01
         0.38936E+02          0.42118E+01
         0.38924E+02          0.42163E+01
         0.38912E+02          0.42205E+01
         0.38900E+02          0.42244E+01
         0.38887E+02          0.42279E+01
         0.38875E+02          0.42313E+01
         0.38863E+02          0.42343E+01
         0.38851E+02          0.42372E+01
         0.38839E+02          0.42399E+01
         0.38827E+02          0.42426E+01
         0.38814E+02          0.42452E+01
         0.38802E+02          0.42477E+01
         0.38790E+02          0.42503E+01
         0.38778E+02          0.42530E+01
         0.38766E+02          0.42558E+01
         0.38754E+02          0.42587E+01
         0.38742E+02          0.42618E+01
         0.38730E+02          0.42651E+01
         0.38717E+02          0.42687E+01
         0.38705E+02          0.42726E+01
         0.38693E+02          0.42767E+01
         0.38681E+02          0.42813E+01
         0.38669E+02          0.42862E+01
         0.38657E+02          0.42917E+01
         0.38645E+02          0.42976E+01
         0.38633E+02          0.43042E+01
         0.38621E+02          0.43115E+01
         0.38609E+02          0.43196E+01
         0.38597E+02          0.43287E+01
         0.38585E+02          0.43390E+01
         0.38573E+02          0.43507E+01
         0.38561E+02          0.43642E+01
         0.38549E+02          0.43800E+01
         0.38537E+02          0.43989E+01
         0.38525E+02          0.44220E+01
         0.38513E+02          0.44510E+01
         0.38501E+02          0.44892E+01
         0.38489E+02          0.45417E+01
         0.38477E+02          0.46182E+01
         0.38465E+02          0.47375E+01
         0.38453E+02          0.49359E+01
         0.38441E+02          0.52782E+01
         0.38429E+02          0.58253E+01
         0.38418E+02          0.64083E+01
         0.38406E+02          0.65354E+01
         0.38394E+02          0.62345E+01
         0.38382E+02          0.59066E+01
         0.38370E+02          0.56871E+01
         0.38358E+02          0.55622E+01
         0.38346E+02          0.55000E+01
         0.38334E+02          0.54789E+01
         0.38323E+02          0.54904E+01
         0.38311E+02          0.55030E+01
         0.38299E+02          0.55190E+01
         0.38287E+02          0.55257E+01
         0.38275E+02          0.55062E+01
         0.38263E+02          0.54196E+01
         0.38252E+02          0.49871E+01
         0.38240E+02          0.56210E+01
         0.38228E+02          0.54532E+01
         0.38216E+02          0.53017E+01
         0.38204E+02          0.51486E+01
         0.38193E+02          0.49959E+01
         0.38181E+02          0.48492E+01
         0.38169E+02          0.47142E+01
         0.38157E+02          0.45950E+01
         0.38146E+02          0.44930E+01
         0.38134E+02          0.44083E+01
         0.38122E+02          0.43402E+01
         0.38111E+02          0.42849E+01
         0.38099E+02          0.42396E+01
         0.38087E+02          0.42019E+01
         0.38075E+02          0.41701E+01
         0.38064E+02          0.41425E+01
         0.38052E+02          0.41180E+01
         0.38040E+02          0.40960E+01
         0.38029E+02          0.40766E+01
         0.38017E+02          0.40605E+01
         0.38005E+02          0.40484E+01
         0.37994E+02          0.40412E+01
         0.37982E+02          0.40401E+01
         0.37970E+02          0.40467E+01
         0.37959E+02          0.40629E+01
         0.37947E+02          0.40903E+01
         0.37936E+02          0.41300E+01
         0.37924E+02          0.41813E+01
         0.37912E+02          0.42412E+01
         0.37901E+02          0.43043E+01
         0.37889E+02          0.43643E+01
         0.37878E+02          0.44156E+01
         0.37866E+02          0.44535E+01
         0.37855E+02          0.44767E+01
         0.37843E+02          0.44864E+01
         0.37831E+02          0.44853E+01
         0.37820E+02          0.44908E+01
         0.37808E+02          0.44709E+01
         0.37797E+02          0.44566E+01
         0.37785E+02          0.44416E+01
         0.37774E+02          0.44264E+01
         0.37762E+02          0.44114E+01
         0.37751E+02          0.43970E+01
         0.37739E+02          0.43832E+01
         0.37728E+02          0.43701E+01
         0.37716E+02          0.43577E+01
         0.37705E+02          0.43456E+01
         0.37693E+02          0.43335E+01
         0.37682E+02          0.43199E+01
         0.37670E+02          0.43025E+01
         0.37659E+02          0.43827E+01
         0.37648E+02          0.43277E+01
         0.37636E+02          0.43124E+01
         0.37625E+02          0.43026E+01
         0.37613E+02          0.42949E+01
         0.37602E+02          0.42882E+01
         0.37591E+02          0.42822E+01
         0.37579E+02          0.42768E+01
         0.37568E+02          0.42718E+01
         0.37556E+02          0.42673E+01
         0.37545E+02          0.42630E+01
         0.37534E+02          0.42591E+01
         0.37522E+02          0.42554E+01
         0.37511E+02          0.42519E+01
         0.37500E+02          0.42487E+01
         0.37488E+02          0.42456E+01
         0.37477E+02          0.42421E+01
         0.37466E+02          0.42413E+01
         0.37454E+02          0.42382E+01
         0.37443E+02          0.42357E+01
         0.37432E+02          0.42334E+01
         0.37420E+02          0.42312E+01
         0.37409E+02          0.42291E+01
         0.37398E+02          0.42323E+01
         0.37387E+02          0.42420E+01
         0.37375E+02          0.42255E+01
         0.37364E+02          0.42234E+01
         0.37353E+02          0.42218E+01
         0.37341E+02          0.42203E+01
         0.37330E+02          0.42190E+01
         0.37319E+02          0.42177E+01
         0.37308E+02          0.42165E+01
         0.37297E+02          0.42154E+01
         0.37285E+02          0.42133E+01
         0.37274E+02          0.42139E+01
         0.37263E+02          0.42129E+01
         0.37252E+02          0.42121E+01
         0.37241E+02          0.42212E+01
         0.37229E+02          0.42107E+01
         0.37218E+02          0.42099E+01
         0.37207E+02          0.42094E+01
         0.37196E+02          0.42088E+01
         0.37185E+02          0.42084E+01
         0.37174E+02          0.42075E+01
         0.37162E+02          0.42080E+01
         0.37151E+02          0.42078E+01
         0.37140E+02          0.42085E+01
         0.37129E+02          0.42071E+01
         0.37118E+02          0.42071E+01
         0.37107E+02          0.42071E+01
         0.37096E+02          0.42078E+01
         0.37085E+02          0.42080E+01
         0.37073E+02          0.42076E+01
         0.37062E+02          0.42082E+01
         0.37051E+02          0.42086E+01
         0.37040E+02          0.42100E+01
         0.37029E+02          0.42102E+01
         0.37018E+02          0.42113E+01
         0.37007E+02          0.42130E+01
         0.36996E+02          0.42137E+01
         0.36985E+02          0.42158E+01
         0.36974E+02          0.42171E+01
         0.36963E+02          0.42203E+01
         0.36952E+02          0.42225E+01
         0.36941E+02          0.42235E+01
         0.36930E+02          0.42269E+01
         0.36919E+02          0.42269E+01
         0.36908E+02          0.42296E+01
         0.36897E+02          0.42265E+01
         0.36886E+02          0.42208E+01
         0.36875E+02          0.42139E+01
         0.36864E+02          0.42907E+01
         0.36853E+02          0.52452E+01
         0.36842E+02          0.64332E+01
         0.36831E+02          0.59589E+01
         0.36820E+02          0.60349E+01
         0.36809E+02          0.61590E+01
         0.36798E+02          0.60376E+01
         0.36787E+02          0.56402E+01
         0.36777E+02          0.52055E+01
         0.36766E+02          0.48794E+01
         0.36755E+02          0.46648E+01
         0.36744E+02          0.45267E+01
         0.36733E+02          0.44363E+01
         0.36722E+02          0.43752E+01
         0.36711E+02          0.43326E+01
         0.36700E+02          0.43020E+01
         0.36690E+02          0.42794E+01
         0.36679E+02          0.42623E+01
         0.36668E+02          0.42491E+01
         0.36657E+02          0.42388E+01
         0.36646E+02          0.42307E+01
         0.36635E+02          0.42244E+01
         0.36624E+02          0.42192E+01
         0.36614E+02          0.42161E+01
         0.36603E+02          0.42136E+01
         0.36592E+02          0.42103E+01
         0.36581E+02          0.42069E+01
         0.36570E+02          0.42040E+01
         0.36560E+02          0.42016E+01
         0.36549E+02          0.41996E+01
         0.36538E+02          0.41980E+01
         0.36527E+02          0.41966E+01
         0.36517E+02          0.41955E+01
         0.36506E+02          0.41947E+01
         0.36495E+02          0.41940E+01
         0.36484E+02          0.41937E+01
         0.36474E+02          0.41937E+01
         0.36463E+02          0.41943E+01
         0.36452E+02          0.41966E+01
         0.36441E+02          0.42161E+01
         0.36431E+02          0.43066E+01
         0.36420E+02          0.41986E+01
         0.36409E+02          0.41972E+01
         0.36399E+02          0.41985E+01
         0.36388E+02          0.42010E+01
         0.36377E+02          0.42047E+01
         0.36367E+02          0.42102E+01
         0.36356E+02          0.42182E+01
         0.36345E+02          0.42306E+01
         0.36335E+02          0.42514E+01
         0.36324E+02          0.42902E+01
         0.36313E+02          0.43823E+01
         0.36303E+02          0.48306E+01
         0.36292E+02          0.60450E+01
         0.36282E+02          0.60844E+01
         0.36271E+02          0.52631E+01
         0.36260E+02          0.46376E+01
         0.36250E+02          0.43874E+01
         0.36239E+02          0.42800E+01
         0.36229E+02          0.42264E+01
         0.36218E+02          0.41972E+01
         0.36207E+02          0.41771E+01
         0.36197E+02          0.41661E+01
         0.36186E+02          0.41566E+01
         0.36176E+02          0.41494E+01
         0.36165E+02          0.41443E+01
         0.36155E+02          0.41410E+01
         0.36144E+02          0.41398E+01
         0.36133E+02          0.41420E+01
         0.36123E+02          0.41513E+01
         0.36112E+02          0.43965E+01
         0.36102E+02          0.42486E+01
         0.36091E+02          0.43246E+01
         0.36081E+02          0.45671E+01
         0.36070E+02          0.51748E+01
         0.36060E+02          0.58954E+01
         0.36049E+02          0.54344E+01
         0.36039E+02          0.47381E+01
         0.36028E+02          0.47194E+01
         0.36018E+02          0.41424E+01
         0.36008E+02          0.42486E+01
         0.35997E+02          0.42517E+01
         0.35987E+02          0.42331E+01
         0.35976E+02          0.42106E+01
         0.35966E+02          0.41715E+01
         0.35955E+02          0.41569E+01
         0.35945E+02          0.41193E+01
         0.35935E+02          0.51380E+01
         0.35924E+02          0.41553E+01
         0.35914E+02          0.40972E+01
         0.35903E+02          0.40106E+01
         0.35893E+02          0.58186E+01
         0.35883E+02          0.42109E+01
         0.35872E+02          0.41048E+01
         0.35862E+02          0.41190E+01
         0.35851E+02          0.42975E+01
         0.35841E+02          0.43911E+01
         0.35831E+02          0.44108E+01
         0.35820E+02          0.42393E+01
         0.35810E+02          0.41920E+01
         0.35800E+02          0.57071E+01
         0.35789E+02          0.45605E+01
         0.35779E+02          0.43641E+01
         0.35769E+02          0.43012E+01
         0.35758E+02          0.42665E+01
         0.35748E+02          0.41931E+01
         0.35738E+02          0.46233E+01
         0.35727E+02          0.43039E+01
         0.35717E+02          0.43430E+01
         0.35707E+02          0.42115E+01
         0.35697E+02          0.43748E+01
         0.35686E+02          0.42491E+01
         0.35676E+02          0.42063E+01
         0.35666E+02          0.42769E+01
         0.35655E+02          0.42227E+01
         0.35645E+02          0.42593E+01
         0.35635E+02          0.59574E+01
         0.35625E+02          0.42211E+01
         0.35615E+02          0.42250E+01
         0.35604E+02          0.42184E+01
         0.35594E+02          0.42429E+01
         0.35584E+02          0.42321E+01
         0.35574E+02          0.42221E+01
         0.35563E+02          0.42352E+01
         0.35553E+02          0.42213E+01
         0.35543E+02          0.43106E+01
         0.35533E+02          0.43109E+01
         0.35523E+02          0.43070E+01
         0.35513E+02          0.43049E+01
         0.35502E+02          0.43029E+01
         0.35492E+02          0.43035E+01
         0.35482E+02          0.42988E+01
         0.35472E+02          0.42969E+01
         0.35462E+02          0.42957E+01
         0.35452E+02          0.42930E+01
         0.35441E+02          0.42927E+01
         0.35431E+02          0.42888E+01
         0.35421E+02          0.42877E+01
         0.35411E+02          0.42862E+01
         0.35401E+02          0.42837E+01
         0.35391E+02          0.42818E+01
         0.35381E+02          0.42811E+01
         0.35371E+02          0.42805E+01
         0.35361E+02          0.42827E+01
         0.35351E+02          0.42908E+01
         0.35340E+02          0.43176E+01
         0.35330E+02          0.44260E+01
         0.35320E+02          0.47231E+01
         0.35310E+02          0.43857E+01
         0.35300E+02          0.42678E+01
         0.35290E+02          0.42262E+01
         0.35280E+02          0.41827E+01
         0.35270E+02          0.41516E+01
         0.35260E+02          0.41022E+01
         0.35250E+02          0.39951E+01
         0.35240E+02          0.41881E+01
         0.35230E+02          0.40201E+01
         0.35220E+02          0.43326E+01
         0.35210E+02          0.44010E+01
         0.35200E+02          0.43841E+01
         0.35190E+02          0.43652E+01
         0.35180E+02          0.43493E+01
         0.35170E+02          0.43257E+01
         0.35160E+02          0.43221E+01
         0.35150E+02          0.43202E+01
         0.35140E+02          0.43135E+01
         0.35130E+02          0.43076E+01
         0.35120E+02          0.43020E+01
         0.35110E+02          0.42971E+01
         0.35100E+02          0.42922E+01
         0.35090E+02          0.42880E+01
         0.35080E+02          0.42839E+01
         0.35071E+02          0.42798E+01
         0.35061E+02          0.42785E+01
         0.35051E+02          0.42725E+01
         0.35041E+02          0.42673E+01
         0.35031E+02          0.42637E+01
         0.35021E+02          0.42625E+01
         0.35011E+02          0.42684E+01
         0.35001E+02          0.43248E+01
         0.34991E+02          0.46581E+01
         0.34981E+02          0.42376E+01
         0.34972E+02          0.41637E+01
         0.34962E+02          0.40904E+01
         0.34952E+02          0.40039E+01
         0.34942E+02          0.41766E+01
         0.34932E+02          0.43588E+01
         0.34922E+02          0.43354E+01
         0.34913E+02          0.43136E+01
         0.34903E+02          0.42996E+01
         0.34893E+02          0.42928E+01
         0.34883E+02          0.42704E+01
         0.34873E+02          0.42628E+01
         0.34863E+02          0.42636E+01
         0.34854E+02          0.42592E+01
         0.34844E+02          0.42549E+01
         0.34834E+02          0.42533E+01
         0.34824E+02          0.43126E+01
         0.34814E+02          0.42714E+01
         0.34805E+02          0.41291E+01
         0.34795E+02          0.39311E+01
         0.34785E+02          0.43186E+01
         0.34775E+02          0.43117E+01
         0.34766E+02          0.42877E+01
         0.34756E+02          0.42715E+01
         0.34746E+02          0.42601E+01
         0.34736E+02          0.42510E+01
         0.34727E+02          0.42495E+01
         0.34717E+02          0.45012E+01
         0.34707E+02          0.41211E+01
         0.34698E+02          0.40871E+01
         0.34688E+02          0.42962E+01
         0.34678E+02          0.42683E+01
         0.34668E+02          0.42516E+01
         0.34659E+02          0.42435E+01
         0.34649E+02          0.45433E+01
         0.34639E+02          0.40704E+01
         0.34630E+02          0.42650E+01
         0.34620E+02          0.42594E+01
         0.34610E+02          0.42444E+01
         0.34601E+02          0.41141E+01
         0.34591E+02          0.42718E+01
         0.34581E+02          0.42347E+01
         0.34572E+02          0.41928E+01
         0.34562E+02          0.42683E+01
         0.34553E+02          0.42254E+01
         0.34543E+02          0.42493E+01
         0.34533E+02          0.42202E+01
         0.34524E+02          0.42275E+01
         0.34514E+02          0.41935E+01
         0.34504E+02          0.40538E+01
         0.34495E+02          0.42467E+01
         0.34485E+02          0.42139E+01
         0.34476E+02          0.42623E+01
         0.34466E+02          0.41383E+01
         0.34456E+02          0.42061E+01
         0.34447E+02          0.41950E+01
         0.34437E+02          0.41722E+01
         0.34428E+02          0.41701E+01
         0.34418E+02          0.41669E+01
         0.34409E+02          0.41664E+01
         0.34399E+02          0.41629E+01
         0.34390E+02          0.41625E+01
         0.34380E+02          0.41689E+01
         0.34371E+02          0.41615E+01
         0.34361E+02          0.41552E+01
         0.34351E+02          0.41545E+01
         0.34342E+02          0.41548E+01
         0.34332E+02          0.41508E+01
         0.34323E+02          0.41483E+01
         0.34313E+02          0.41459E+01
         0.34304E+02          0.41430E+01
         0.34294E+02          0.41435E+01
         0.34285E+02          0.41409E+01
         0.34276E+02          0.41403E+01
         0.34266E+02          0.41375E+01
         0.34257E+02          0.41353E+01
         0.34247E+02          0.41334E+01
         0.34238E+02          0.41318E+01
         0.34228E+02          0.41300E+01
         0.34219E+02          0.41280E+01
         0.34209E+02          0.41259E+01
         0.34200E+02          0.41239E+01
         0.34190E+02          0.41218E+01
         0.34181E+02          0.41198E+01
         0.34172E+02          0.41180E+01
         0.34162E+02          0.41169E+01
         0.34153E+02          0.41140E+01
         0.34143E+02          0.41115E+01
         0.34134E+02          0.41095E+01
         0.34125E+02          0.41074E+01
         0.34115E+02          0.41053E+01
         0.34106E+02          0.41035E+01
         0.34096E+02          0.41018E+01
         0.34087E+02          0.41000E+01
         0.34078E+02          0.40981E+01
         0.34068E+02          0.40962E+01
         0.34059E+02          0.40945E+01
         0.34050E+02          0.40931E+01
         0.34040E+02          0.40964E+01
         0.34031E+02          0.40960E+01
         0.34022E+02          0.40947E+01
         0.34012E+02          0.40854E+01
         0.34003E+02          0.40808E+01
         0.33994E+02          0.40783E+01
         0.33984E+02          0.40763E+01
         0.33975E+02          0.40743E+01
         0.33966E+02          0.40719E+01
         0.33956E+02          0.40695E+01
         0.33947E+02          0.40672E+01
         0.33938E+02          0.40648E+01
         0.33928E+02          0.40626E+01
         0.33919E+02          0.40633E+01
         0.33910E+02          0.40571E+01
         0.33901E+02          0.40537E+01
         0.33891E+02          0.40522E+01
