    100.00       2.05485E-10
    110.00       5.15093E-10
    120.00       1.09918E-09
    130.00       2.07539E-09
    140.00       3.56337E-09
    150.00       5.67518E-09
    160.00       8.50849E-09
    170.00       1.21427E-08
    180.00       1.66373E-08
    190.00       2.20318E-08
    200.00       2.83473E-08
    210.00       3.55876E-08
    220.00       4.37421E-08
    230.00       5.27877E-08
    240.00       6.26908E-08
    250.00       7.34102E-08
    260.00       8.48979E-08
    270.00       9.71020E-08
    280.00       1.09967E-07
    290.00       1.23438E-07
    300.00       1.37455E-07
    310.00       1.51963E-07
    320.00       1.66906E-07
    330.00       1.82230E-07
    340.00       1.97882E-07
    350.00       2.13813E-07
    360.00       2.29976E-07
    370.00       2.46326E-07
    380.00       2.62823E-07
    390.00       2.79426E-07
    400.00       2.96102E-07
    410.00       3.12816E-07
    420.00       3.29538E-07
    430.00       3.46240E-07
    440.00       3.62896E-07
    450.00       3.79485E-07
    460.00       3.95985E-07
    470.00       4.12376E-07
    480.00       4.28643E-07
    490.00       4.44770E-07
    500.00       4.60744E-07
    510.00       4.76552E-07
    520.00       4.92185E-07
    530.00       5.07633E-07
    540.00       5.22889E-07
    550.00       5.37946E-07
    560.00       5.52797E-07
    570.00       5.67439E-07
    580.00       5.81867E-07
    590.00       5.96077E-07
    600.00       6.10069E-07
    610.00       6.23839E-07
    620.00       6.37387E-07
    630.00       6.50711E-07
    640.00       6.63812E-07
    650.00       6.76690E-07
    660.00       6.89345E-07
    670.00       7.01779E-07
    680.00       7.13991E-07
    690.00       7.25984E-07
    700.00       7.37760E-07
    710.00       7.49321E-07
    720.00       7.60669E-07
    730.00       7.71805E-07
    740.00       7.82733E-07
    750.00       7.93454E-07
    760.00       8.03973E-07
    770.00       8.14291E-07
    780.00       8.24411E-07
    790.00       8.34336E-07
    800.00       8.44069E-07
    810.00       8.53614E-07
    820.00       8.62972E-07
    830.00       8.72148E-07
    840.00       8.81143E-07
    850.00       8.89963E-07
    860.00       8.98608E-07
    870.00       9.07082E-07
    880.00       9.15388E-07
    890.00       9.23531E-07
    900.00       9.31511E-07
    910.00       9.39332E-07
    920.00       9.46999E-07
    930.00       9.54511E-07
    940.00       9.61874E-07
    950.00       9.69090E-07
    960.00       9.76161E-07
    970.00       9.83092E-07
    980.00       9.89882E-07
    990.00       9.96537E-07
   1000.00       1.00306E-06
   1010.00       1.00945E-06
   1020.00       1.01571E-06
   1030.00       1.02185E-06
   1040.00       1.02786E-06
   1050.00       1.03375E-06
   1060.00       1.03953E-06
   1070.00       1.04518E-06
   1080.00       1.05073E-06
   1090.00       1.05616E-06
   1100.00       1.06148E-06
   1110.00       1.06670E-06
   1120.00       1.07180E-06
   1130.00       1.07681E-06
   1140.00       1.08172E-06
   1150.00       1.08652E-06
   1160.00       1.09123E-06
   1170.00       1.09585E-06
   1180.00       1.10037E-06
   1190.00       1.10480E-06
   1200.00       1.10914E-06
   1210.00       1.11339E-06
   1220.00       1.11756E-06
   1230.00       1.12164E-06
   1240.00       1.12564E-06
   1250.00       1.12956E-06
   1260.00       1.13339E-06
   1270.00       1.13715E-06
   1280.00       1.14084E-06
   1290.00       1.14445E-06
   1300.00       1.14798E-06
   1310.00       1.15145E-06
   1320.00       1.15484E-06
   1330.00       1.15816E-06
   1340.00       1.16142E-06
   1350.00       1.16461E-06
   1360.00       1.16773E-06
   1370.00       1.17079E-06
   1380.00       1.17378E-06
   1390.00       1.17672E-06
   1400.00       1.17959E-06
   1410.00       1.18241E-06
   1420.00       1.18516E-06
   1430.00       1.18786E-06
   1440.00       1.19051E-06
   1450.00       1.19309E-06
   1460.00       1.19563E-06
   1470.00       1.19811E-06
   1480.00       1.20054E-06
   1490.00       1.20291E-06
   1500.00       1.20524E-06
   1510.00       1.20752E-06
   1520.00       1.20975E-06
   1530.00       1.21193E-06
   1540.00       1.21407E-06
   1550.00       1.21616E-06
   1560.00       1.21821E-06
   1570.00       1.22021E-06
   1580.00       1.22217E-06
   1590.00       1.22409E-06
   1600.00       1.22596E-06
   1610.00       1.22780E-06
   1620.00       1.22959E-06
   1630.00       1.23135E-06
   1640.00       1.23306E-06
   1650.00       1.23474E-06
   1660.00       1.23638E-06
   1670.00       1.23799E-06
   1680.00       1.23956E-06
   1690.00       1.24109E-06
   1700.00       1.24259E-06
   1710.00       1.24405E-06
   1720.00       1.24548E-06
   1730.00       1.24688E-06
   1740.00       1.24825E-06
   1750.00       1.24958E-06
   1760.00       1.25089E-06
   1770.00       1.25216E-06
   1780.00       1.25340E-06
   1790.00       1.25461E-06
   1800.00       1.25580E-06
   1810.00       1.25695E-06
   1820.00       1.25808E-06
   1830.00       1.25918E-06
   1840.00       1.26025E-06
   1850.00       1.26130E-06
   1860.00       1.26232E-06
   1870.00       1.26331E-06
   1880.00       1.26428E-06
   1890.00       1.26522E-06
   1900.00       1.26614E-06
   1910.00       1.26703E-06
   1920.00       1.26791E-06
   1930.00       1.26876E-06
   1940.00       1.26958E-06
   1950.00       1.27038E-06
   1960.00       1.27117E-06
   1970.00       1.27192E-06
   1980.00       1.27266E-06
   1990.00       1.27338E-06
   2000.00       1.27408E-06
   2010.00       1.27475E-06
   2020.00       1.27541E-06
   2030.00       1.27605E-06
   2040.00       1.27666E-06
   2050.00       1.27726E-06
   2060.00       1.27784E-06
   2070.00       1.27840E-06
   2080.00       1.27895E-06
   2090.00       1.27947E-06
   2100.00       1.27998E-06
   2110.00       1.28047E-06
   2120.00       1.28095E-06
   2130.00       1.28141E-06
   2140.00       1.28185E-06
   2150.00       1.28227E-06
   2160.00       1.28268E-06
   2170.00       1.28308E-06
   2180.00       1.28346E-06
   2190.00       1.28382E-06
   2200.00       1.28417E-06
   2210.00       1.28450E-06
   2220.00       1.28483E-06
   2230.00       1.28513E-06
   2240.00       1.28542E-06
   2250.00       1.28570E-06
   2260.00       1.28597E-06
   2270.00       1.28622E-06
   2280.00       1.28646E-06
   2290.00       1.28669E-06
   2300.00       1.28690E-06
   2310.00       1.28710E-06
   2320.00       1.28729E-06
   2330.00       1.28747E-06
   2340.00       1.28764E-06
   2350.00       1.28779E-06
   2360.00       1.28793E-06
   2370.00       1.28807E-06
   2380.00       1.28819E-06
   2390.00       1.28830E-06
   2400.00       1.28840E-06
   2410.00       1.28849E-06
   2420.00       1.28857E-06
   2430.00       1.28863E-06
   2440.00       1.28869E-06
   2450.00       1.28874E-06
   2460.00       1.28878E-06
   2470.00       1.28881E-06
   2480.00       1.28883E-06
   2490.00       1.28884E-06
   2500.00       1.28884E-06
   2510.00       1.28883E-06
   2520.00       1.28882E-06
   2530.00       1.28879E-06
   2540.00       1.28876E-06
   2550.00       1.28872E-06
   2560.00       1.28867E-06
   2570.00       1.28861E-06
   2580.00       1.28854E-06
   2590.00       1.28847E-06
   2600.00       1.28839E-06
   2610.00       1.28830E-06
   2620.00       1.28820E-06
   2630.00       1.28810E-06
   2640.00       1.28799E-06
   2650.00       1.28787E-06
   2660.00       1.28774E-06
   2670.00       1.28761E-06
   2680.00       1.28747E-06
   2690.00       1.28733E-06
   2700.00       1.28717E-06
   2710.00       1.28702E-06
   2720.00       1.28685E-06
   2730.00       1.28668E-06
   2740.00       1.28650E-06
   2750.00       1.28632E-06
   2760.00       1.28613E-06
   2770.00       1.28593E-06
   2780.00       1.28573E-06
   2790.00       1.28552E-06
   2800.00       1.28531E-06
   2810.00       1.28509E-06
   2820.00       1.28487E-06
   2830.00       1.28464E-06
   2840.00       1.28440E-06
   2850.00       1.28416E-06
   2860.00       1.28392E-06
   2870.00       1.28367E-06
   2880.00       1.28342E-06
   2890.00       1.28316E-06
   2900.00       1.28289E-06
   2910.00       1.28262E-06
   2920.00       1.28235E-06
   2930.00       1.28207E-06
   2940.00       1.28179E-06
   2950.00       1.28150E-06
   2960.00       1.28121E-06
   2970.00       1.28091E-06
   2980.00       1.28061E-06
   2990.00       1.28031E-06
   3000.00       1.28000E-06
   3010.00       1.27969E-06
   3020.00       1.27937E-06
   3030.00       1.27905E-06
   3040.00       1.27873E-06
   3050.00       1.27840E-06
   3060.00       1.27807E-06
   3070.00       1.27774E-06
   3080.00       1.27740E-06
   3090.00       1.27706E-06
   3100.00       1.27671E-06
   3110.00       1.27637E-06
   3120.00       1.27601E-06
   3130.00       1.27566E-06
   3140.00       1.27530E-06
   3150.00       1.27494E-06
   3160.00       1.27457E-06
   3170.00       1.27421E-06
   3180.00       1.27384E-06
   3190.00       1.27346E-06
   3200.00       1.27309E-06
   3210.00       1.27271E-06
   3220.00       1.27232E-06
   3230.00       1.27194E-06
   3240.00       1.27155E-06
   3250.00       1.27116E-06
   3260.00       1.27077E-06
   3270.00       1.27037E-06
   3280.00       1.26998E-06
   3290.00       1.26958E-06
   3300.00       1.26917E-06
   3310.00       1.26877E-06
   3320.00       1.26836E-06
   3330.00       1.26795E-06
   3340.00       1.26754E-06
   3350.00       1.26712E-06
   3360.00       1.26671E-06
   3370.00       1.26629E-06
   3380.00       1.26587E-06
   3390.00       1.26544E-06
   3400.00       1.26502E-06
   3410.00       1.26459E-06
   3420.00       1.26416E-06
   3430.00       1.26373E-06
   3440.00       1.26330E-06
   3450.00       1.26286E-06
   3460.00       1.26243E-06
   3470.00       1.26199E-06
   3480.00       1.26155E-06
   3490.00       1.26111E-06
   3500.00       1.26066E-06
   3510.00       1.26022E-06
   3520.00       1.25977E-06
   3530.00       1.25932E-06
   3540.00       1.25887E-06
   3550.00       1.25842E-06
   3560.00       1.25797E-06
   3570.00       1.25751E-06
   3580.00       1.25705E-06
   3590.00       1.25660E-06
   3600.00       1.25614E-06
   3610.00       1.25568E-06
   3620.00       1.25522E-06
   3630.00       1.25475E-06
   3640.00       1.25429E-06
   3650.00       1.25382E-06
   3660.00       1.25336E-06
   3670.00       1.25289E-06
   3680.00       1.25242E-06
   3690.00       1.25195E-06
   3700.00       1.25148E-06
   3710.00       1.25100E-06
   3720.00       1.25053E-06
   3730.00       1.25005E-06
   3740.00       1.24958E-06
   3750.00       1.24910E-06
   3760.00       1.24862E-06
   3770.00       1.24814E-06
   3780.00       1.24766E-06
   3790.00       1.24718E-06
   3800.00       1.24670E-06
   3810.00       1.24622E-06
   3820.00       1.24574E-06
   3830.00       1.24525E-06
   3840.00       1.24477E-06
   3850.00       1.24428E-06
   3860.00       1.24379E-06
   3870.00       1.24330E-06
   3880.00       1.24282E-06
   3890.00       1.24233E-06
   3900.00       1.24184E-06
   3910.00       1.24135E-06
   3920.00       1.24085E-06
   3930.00       1.24036E-06
   3940.00       1.23987E-06
   3950.00       1.23938E-06
   3960.00       1.23888E-06
   3970.00       1.23839E-06
   3980.00       1.23789E-06
   3990.00       1.23740E-06
   4000.00       1.23690E-06
   4010.00       1.23640E-06
   4020.00       1.23591E-06
   4030.00       1.23541E-06
   4040.00       1.23491E-06
   4050.00       1.23441E-06
   4060.00       1.23391E-06
   4070.00       1.23341E-06
   4080.00       1.23291E-06
   4090.00       1.23241E-06
   4100.00       1.23191E-06
   4110.00       1.23141E-06
   4120.00       1.23091E-06
   4130.00       1.23041E-06
   4140.00       1.22990E-06
   4150.00       1.22940E-06
   4160.00       1.22890E-06
   4170.00       1.22840E-06
   4180.00       1.22789E-06
   4190.00       1.22739E-06
   4200.00       1.22688E-06
   4210.00       1.22638E-06
   4220.00       1.22587E-06
   4230.00       1.22537E-06
   4240.00       1.22486E-06
   4250.00       1.22436E-06
   4260.00       1.22385E-06
   4270.00       1.22335E-06
   4280.00       1.22284E-06
   4290.00       1.22233E-06
   4300.00       1.22183E-06
   4310.00       1.22132E-06
   4320.00       1.22081E-06
   4330.00       1.22031E-06
   4340.00       1.21980E-06
   4350.00       1.21929E-06
   4360.00       1.21879E-06
   4370.00       1.21828E-06
   4380.00       1.21777E-06
   4390.00       1.21726E-06
   4400.00       1.21676E-06
   4410.00       1.21625E-06
   4420.00       1.21574E-06
   4430.00       1.21523E-06
   4440.00       1.21472E-06
   4450.00       1.21422E-06
   4460.00       1.21371E-06
   4470.00       1.21320E-06
   4480.00       1.21269E-06
   4490.00       1.21219E-06
   4500.00       1.21168E-06
   4510.00       1.21117E-06
   4520.00       1.21066E-06
   4530.00       1.21015E-06
   4540.00       1.20965E-06
   4550.00       1.20914E-06
   4560.00       1.20863E-06
   4570.00       1.20812E-06
   4580.00       1.20762E-06
   4590.00       1.20711E-06
   4600.00       1.20660E-06
   4610.00       1.20609E-06
   4620.00       1.20559E-06
   4630.00       1.20508E-06
   4640.00       1.20457E-06
   4650.00       1.20407E-06
   4660.00       1.20356E-06
   4670.00       1.20305E-06
   4680.00       1.20255E-06
   4690.00       1.20204E-06
   4700.00       1.20153E-06
   4710.00       1.20103E-06
   4720.00       1.20052E-06
   4730.00       1.20002E-06
   4740.00       1.19951E-06
   4750.00       1.19901E-06
   4760.00       1.19850E-06
   4770.00       1.19800E-06
   4780.00       1.19749E-06
   4790.00       1.19699E-06
   4800.00       1.19648E-06
   4810.00       1.19598E-06
   4820.00       1.19548E-06
   4830.00       1.19497E-06
   4840.00       1.19447E-06
   4850.00       1.19397E-06
   4860.00       1.19346E-06
   4870.00       1.19296E-06
   4880.00       1.19246E-06
   4890.00       1.19195E-06
   4900.00       1.19145E-06
   4910.00       1.19095E-06
   4920.00       1.19045E-06
   4930.00       1.18995E-06
   4940.00       1.18945E-06
   4950.00       1.18895E-06
   4960.00       1.18845E-06
   4970.00       1.18795E-06
   4980.00       1.18745E-06
   4990.00       1.18695E-06
   5000.00       1.18645E-06
   5010.00       1.18595E-06
   5020.00       1.18545E-06
   5030.00       1.18495E-06
   5040.00       1.18445E-06
   5050.00       1.18396E-06
   5060.00       1.18346E-06
   5070.00       1.18296E-06
   5080.00       1.18246E-06
   5090.00       1.18197E-06
   6000.00       1.13842E-06
   7000.00       1.09480E-06
   8000.00       1.05546E-06
   9000.00       1.01973E-06
  10000.00       9.86896E-07
