    100.00       0.00000E+00
    110.00       0.00000E+00
    120.00       0.00000E+00
    130.00       0.00000E+00
    140.00       0.00000E+00
    150.00       0.00000E+00
    160.00       0.00000E+00
    170.00       0.00000E+00
    180.00       0.00000E+00
    190.00       0.00000E+00
    200.00       0.00000E+00
    210.00       0.00000E+00
    220.00       0.00000E+00
    230.00       0.00000E+00
    240.00       0.00000E+00
    250.00       0.00000E+00
    260.00       0.00000E+00
    270.00       0.00000E+00
    280.00       0.00000E+00
    290.00       0.00000E+00
    300.00       0.00000E+00
    310.00       0.00000E+00
    320.00       0.00000E+00
    330.00       0.00000E+00
    340.00       0.00000E+00
    350.00       0.00000E+00
    360.00       0.00000E+00
    370.00       0.00000E+00
    380.00       0.00000E+00
    390.00       0.00000E+00
    400.00       0.00000E+00
    410.00       0.00000E+00
    420.00       0.00000E+00
    430.00       0.00000E+00
    440.00       0.00000E+00
    450.00       0.00000E+00
    460.00       0.00000E+00
    470.00       0.00000E+00
    480.00       0.00000E+00
    490.00       0.00000E+00
    500.00       0.00000E+00
    510.00       0.00000E+00
    520.00       0.00000E+00
    530.00       0.00000E+00
    540.00       0.00000E+00
    550.00       0.00000E+00
    560.00       0.00000E+00
    570.00       3.69903E-38
    580.00       1.41714E-37
    590.00       5.18532E-37
    600.00       1.81629E-36
    610.00       6.10332E-36
    620.00       1.97152E-35
    630.00       6.13344E-35
    640.00       1.84098E-34
    650.00       5.34008E-34
    660.00       1.49927E-33
    670.00       4.08032E-33
    680.00       1.07790E-32
    690.00       2.76753E-32
    700.00       6.91467E-32
    710.00       1.68316E-31
    720.00       3.99599E-31
    730.00       9.26208E-31
    740.00       2.09802E-30
    750.00       4.64863E-30
    760.00       1.00841E-29
    770.00       2.14343E-29
    780.00       4.46759E-29
    790.00       9.13815E-29
    800.00       1.83559E-28
    810.00       3.62337E-28
    820.00       7.03314E-28
    830.00       1.34324E-27
    840.00       2.52568E-27
    850.00       4.67798E-27
    860.00       8.53938E-27
    870.00       1.53710E-26
    880.00       2.72953E-26
    890.00       4.78400E-26
    900.00       8.27943E-26
    910.00       1.41545E-25
    920.00       2.39139E-25
    930.00       3.99426E-25
    940.00       6.59790E-25
    950.00       1.07824E-24
    960.00       1.74385E-24
    970.00       2.79213E-24
    980.00       4.42708E-24
    990.00       6.95331E-24
   1000.00       1.08213E-23
   1010.00       1.66917E-23
   1020.00       2.55252E-23
   1030.00       3.87076E-23
   1040.00       5.82216E-23
   1050.00       8.68835E-23
   1060.00       1.28663E-22
   1070.00       1.89116E-22
   1080.00       2.75960E-22
   1090.00       3.99852E-22
   1100.00       5.75406E-22
   1110.00       8.22518E-22
   1120.00       1.16814E-21
   1130.00       1.64854E-21
   1140.00       2.31222E-21
   1150.00       3.22370E-21
   1160.00       4.46831E-21
   1170.00       6.15834E-21
   1180.00       8.44056E-21
   1190.00       1.15063E-20
   1200.00       1.56032E-20
   1210.00       2.10505E-20
   1220.00       2.82574E-20
   1230.00       3.77470E-20
   1240.00       5.01838E-20
   1250.00       6.64083E-20
   1260.00       8.74806E-20
   1270.00       1.14729E-19
   1280.00       1.49817E-19
   1290.00       1.94809E-19
   1300.00       2.52270E-19
   1310.00       3.25366E-19
   1320.00       4.17988E-19
   1330.00       5.34917E-19
   1340.00       6.81985E-19
   1350.00       8.66292E-19
   1360.00       1.09646E-18
   1370.00       1.38289E-18
   1380.00       1.73818E-18
   1390.00       2.17739E-18
   1400.00       2.71860E-18
   1410.00       3.38344E-18
   1420.00       4.19759E-18
   1430.00       5.19159E-18
   1440.00       6.40162E-18
   1450.00       7.87027E-18
   1460.00       9.64791E-18
   1470.00       1.17936E-17
   1480.00       1.43763E-17
   1490.00       1.74769E-17
   1500.00       2.11897E-17
   1510.00       2.56240E-17
   1520.00       3.09070E-17
   1530.00       3.71856E-17
   1540.00       4.46299E-17
   1550.00       5.34347E-17
   1560.00       6.38255E-17
   1570.00       7.60597E-17
   1580.00       9.04326E-17
   1590.00       1.07281E-16
   1600.00       1.26991E-16
   1610.00       1.49998E-16
   1620.00       1.76800E-16
   1630.00       2.07959E-16
   1640.00       2.44111E-16
   1650.00       2.85979E-16
   1660.00       3.34370E-16
   1670.00       3.90197E-16
   1680.00       4.54486E-16
   1690.00       5.28385E-16
   1700.00       6.13181E-16
   1710.00       7.10309E-16
   1720.00       8.21379E-16
   1730.00       9.48173E-16
   1740.00       1.09269E-15
   1750.00       1.25712E-15
   1760.00       1.44393E-15
   1770.00       1.65583E-15
   1780.00       1.89581E-15
   1790.00       2.16720E-15
   1800.00       2.47365E-15
   1810.00       2.81918E-15
   1820.00       3.20821E-15
   1830.00       3.64563E-15
   1840.00       4.13672E-15
   1850.00       4.68738E-15
   1860.00       5.30400E-15
   1870.00       5.99353E-15
   1880.00       6.76361E-15
   1890.00       7.62257E-15
   1900.00       8.57947E-15
   1910.00       9.64414E-15
   1920.00       1.08273E-14
   1930.00       1.21406E-14
   1940.00       1.35965E-14
   1950.00       1.52088E-14
   1960.00       1.69922E-14
   1970.00       1.89627E-14
   1980.00       2.11374E-14
   1990.00       2.35349E-14
   2000.00       2.61753E-14
   2010.00       2.90800E-14
   2020.00       3.22722E-14
   2030.00       3.57770E-14
   2040.00       3.96208E-14
   2050.00       4.38323E-14
   2060.00       4.84425E-14
   2070.00       5.34837E-14
   2080.00       5.89916E-14
   2090.00       6.50034E-14
   2100.00       7.15593E-14
   2110.00       7.87020E-14
   2120.00       8.64773E-14
   2130.00       9.49337E-14
   2140.00       1.04123E-13
   2150.00       1.14100E-13
   2160.00       1.24922E-13
   2170.00       1.36653E-13
   2180.00       1.49358E-13
   2190.00       1.63107E-13
   2200.00       1.77973E-13
   2210.00       1.94035E-13
   2220.00       2.11375E-13
   2230.00       2.30082E-13
   2240.00       2.50248E-13
   2250.00       2.71970E-13
   2260.00       2.95351E-13
   2270.00       3.20500E-13
   2280.00       3.47532E-13
   2290.00       3.76566E-13
   2300.00       4.07730E-13
   2310.00       4.41156E-13
   2320.00       4.76987E-13
   2330.00       5.15368E-13
   2340.00       5.56455E-13
   2350.00       6.00407E-13
   2360.00       6.47396E-13
   2370.00       6.97603E-13
   2380.00       7.51210E-13
   2390.00       8.08420E-13
   2400.00       8.69427E-13
   2410.00       9.34453E-13
   2420.00       1.00372E-12
   2430.00       1.07745E-12
   2440.00       1.15590E-12
   2450.00       1.23933E-12
   2460.00       1.32799E-12
   2470.00       1.42216E-12
   2480.00       1.52213E-12
   2490.00       1.62820E-12
   2500.00       1.74069E-12
   2510.00       1.85991E-12
   2520.00       1.98621E-12
   2530.00       2.11993E-12
   2540.00       2.26144E-12
   2550.00       2.41113E-12
   2560.00       2.56937E-12
   2570.00       2.73658E-12
   2580.00       2.91320E-12
   2590.00       3.09963E-12
   2600.00       3.29637E-12
   2610.00       3.50385E-12
   2620.00       3.72258E-12
   2630.00       3.95306E-12
   2640.00       4.19581E-12
   2650.00       4.45138E-12
   2660.00       4.72030E-12
   2670.00       5.00318E-12
   2680.00       5.30060E-12
   2690.00       5.61317E-12
   2700.00       5.94153E-12
   2710.00       6.28632E-12
   2720.00       6.64827E-12
   2730.00       7.02799E-12
   2740.00       7.42626E-12
   2750.00       7.84382E-12
   2760.00       8.28139E-12
   2770.00       8.73978E-12
   2780.00       9.21979E-12
   2790.00       9.72226E-12
   2800.00       1.02480E-11
   2810.00       1.07980E-11
   2820.00       1.13730E-11
   2830.00       1.19741E-11
   2840.00       1.26021E-11
   2850.00       1.32580E-11
   2860.00       1.39429E-11
   2870.00       1.46578E-11
   2880.00       1.54037E-11
   2890.00       1.61817E-11
   2900.00       1.69929E-11
   2910.00       1.78385E-11
   2920.00       1.87197E-11
   2930.00       1.96375E-11
   2940.00       2.05933E-11
   2950.00       2.15882E-11
   2960.00       2.26237E-11
   2970.00       2.37009E-11
   2980.00       2.48213E-11
   2990.00       2.59862E-11
   3000.00       2.71970E-11
   3010.00       2.84552E-11
   3020.00       2.97620E-11
   3030.00       3.11193E-11
   3040.00       3.25283E-11
   3050.00       3.39908E-11
   3060.00       3.55082E-11
   3070.00       3.70822E-11
   3080.00       3.87146E-11
   3090.00       4.04068E-11
   3100.00       4.21607E-11
   3110.00       4.39781E-11
   3120.00       4.58608E-11
   3130.00       4.78104E-11
   3140.00       4.98291E-11
   3150.00       5.19185E-11
   3160.00       5.40807E-11
   3170.00       5.63177E-11
   3180.00       5.86312E-11
   3190.00       6.10236E-11
   3200.00       6.34969E-11
   3210.00       6.60530E-11
   3220.00       6.86942E-11
   3230.00       7.14227E-11
   3240.00       7.42407E-11
   3250.00       7.71505E-11
   3260.00       8.01541E-11
   3270.00       8.32542E-11
   3280.00       8.64529E-11
   3290.00       8.97529E-11
   3300.00       9.31563E-11
   3310.00       9.66657E-11
   3320.00       1.00284E-10
   3330.00       1.04013E-10
   3340.00       1.07855E-10
   3350.00       1.11814E-10
   3360.00       1.15892E-10
   3370.00       1.20092E-10
   3380.00       1.24416E-10
   3390.00       1.28866E-10
   3400.00       1.33448E-10
   3410.00       1.38161E-10
   3420.00       1.43010E-10
   3430.00       1.47998E-10
   3440.00       1.53128E-10
   3450.00       1.58402E-10
   3460.00       1.63823E-10
   3470.00       1.69396E-10
   3480.00       1.75122E-10
   3490.00       1.81004E-10
   3500.00       1.87047E-10
   3510.00       1.93253E-10
   3520.00       1.99626E-10
   3530.00       2.06168E-10
   3540.00       2.12883E-10
   3550.00       2.19776E-10
   3560.00       2.26847E-10
   3570.00       2.34102E-10
   3580.00       2.41544E-10
   3590.00       2.49176E-10
   3600.00       2.57002E-10
   3610.00       2.65026E-10
   3620.00       2.73250E-10
   3630.00       2.81679E-10
   3640.00       2.90316E-10
   3650.00       2.99165E-10
   3660.00       3.08231E-10
   3670.00       3.17515E-10
   3680.00       3.27023E-10
   3690.00       3.36758E-10
   3700.00       3.46724E-10
   3710.00       3.56925E-10
   3720.00       3.67366E-10
   3730.00       3.78049E-10
   3740.00       3.88979E-10
   3750.00       4.00159E-10
   3760.00       4.11596E-10
   3770.00       4.23290E-10
   3780.00       4.35249E-10
   3790.00       4.47475E-10
   3800.00       4.59972E-10
   3810.00       4.72746E-10
   3820.00       4.85799E-10
   3830.00       4.99137E-10
   3840.00       5.12762E-10
   3850.00       5.26683E-10
   3860.00       5.40901E-10
   3870.00       5.55419E-10
   3880.00       5.70244E-10
   3890.00       5.85379E-10
   3900.00       6.00831E-10
   3910.00       6.16601E-10
   3920.00       6.32696E-10
   3930.00       6.49120E-10
   3940.00       6.65877E-10
   3950.00       6.82972E-10
   3960.00       7.00409E-10
   3970.00       7.18195E-10
   3980.00       7.36331E-10
   3990.00       7.54824E-10
   4000.00       7.73679E-10
   4010.00       7.92900E-10
   4020.00       8.12492E-10
   4030.00       8.32459E-10
   4040.00       8.52807E-10
   4050.00       8.73541E-10
   4060.00       8.94664E-10
   4070.00       9.16181E-10
   4080.00       9.38101E-10
   4090.00       9.60424E-10
   4100.00       9.83157E-10
   4110.00       1.00630E-09
   4120.00       1.02987E-09
   4130.00       1.05386E-09
   4140.00       1.07828E-09
   4150.00       1.10314E-09
   4160.00       1.12844E-09
   4170.00       1.15418E-09
   4180.00       1.18037E-09
   4190.00       1.20701E-09
   4200.00       1.23412E-09
   4210.00       1.26169E-09
   4220.00       1.28973E-09
   4230.00       1.31825E-09
   4240.00       1.34724E-09
   4250.00       1.37672E-09
   4260.00       1.40670E-09
   4270.00       1.43716E-09
   4280.00       1.46813E-09
   4290.00       1.49961E-09
   4300.00       1.53160E-09
   4310.00       1.56410E-09
   4320.00       1.59713E-09
   4330.00       1.63068E-09
   4340.00       1.66476E-09
   4350.00       1.69939E-09
   4360.00       1.73455E-09
   4370.00       1.77027E-09
   4380.00       1.80653E-09
   4390.00       1.84335E-09
   4400.00       1.88074E-09
   4410.00       1.91870E-09
   4420.00       1.95723E-09
   4430.00       1.99634E-09
   4440.00       2.03604E-09
   4450.00       2.07633E-09
   4460.00       2.11721E-09
   4470.00       2.15869E-09
   4480.00       2.20078E-09
   4490.00       2.24348E-09
   4500.00       2.28680E-09
   4510.00       2.33073E-09
   4520.00       2.37530E-09
   4530.00       2.42049E-09
   4540.00       2.46633E-09
   4550.00       2.51281E-09
   4560.00       2.55993E-09
   4570.00       2.60771E-09
   4580.00       2.65615E-09
   4590.00       2.70525E-09
   4600.00       2.75502E-09
   4610.00       2.80546E-09
   4620.00       2.85658E-09
   4630.00       2.90839E-09
   4640.00       2.96089E-09
   4650.00       3.01408E-09
   4660.00       3.06797E-09
   4670.00       3.12257E-09
   4680.00       3.17788E-09
   4690.00       3.23390E-09
   4700.00       3.29065E-09
   4710.00       3.34812E-09
   4720.00       3.40632E-09
   4730.00       3.46526E-09
   4740.00       3.52494E-09
   4750.00       3.58537E-09
   4760.00       3.64655E-09
   4770.00       3.70848E-09
   4780.00       3.77118E-09
   4790.00       3.83465E-09
   4800.00       3.89888E-09
   4810.00       3.96389E-09
   4820.00       4.02969E-09
   4830.00       4.09627E-09
   4840.00       4.16364E-09
   4850.00       4.23181E-09
   4860.00       4.30078E-09
   4870.00       4.37056E-09
   4880.00       4.44115E-09
   4890.00       4.51255E-09
   4900.00       4.58479E-09
   4910.00       4.65784E-09
   4920.00       4.73172E-09
   4930.00       4.80644E-09
   4940.00       4.88200E-09
   4950.00       4.95840E-09
   4960.00       5.03567E-09
   4970.00       5.11378E-09
   4980.00       5.19275E-09
   4990.00       5.27259E-09
   5000.00       5.35329E-09
   5010.00       5.43487E-09
   5020.00       5.51732E-09
   5030.00       5.60066E-09
   5040.00       5.68489E-09
   5050.00       5.77001E-09
   5060.00       5.85602E-09
   5070.00       5.94294E-09
   5080.00       6.03076E-09
   5090.00       6.11949E-09
   6000.00       1.84977E-08
   7000.00       4.32881E-08
   8000.00       7.97551E-08
   9000.00       1.25657E-07
  10000.00       1.77800E-07
