         0.74828E+02          0.00000E+00
         0.74783E+02          0.00000E+00
         0.74738E+02          0.00000E+00
         0.74693E+02          0.00000E+00
         0.74648E+02          0.00000E+00
         0.74603E+02          0.00000E+00
         0.74558E+02          0.00000E+00
         0.74513E+02          0.00000E+00
         0.74468E+02          0.00000E+00
         0.74424E+02          0.00000E+00
         0.74379E+02          0.00000E+00
         0.74334E+02          0.00000E+00
         0.74290E+02          0.00000E+00
         0.74245E+02          0.00000E+00
         0.74201E+02          0.00000E+00
         0.74157E+02          0.00000E+00
         0.74112E+02          0.00000E+00
         0.74068E+02          0.00000E+00
         0.74024E+02          0.00000E+00
         0.73980E+02          0.00000E+00
         0.73936E+02          0.00000E+00
         0.73891E+02          0.00000E+00
         0.73847E+02          0.00000E+00
         0.73803E+02          0.00000E+00
         0.73760E+02          0.00000E+00
         0.73716E+02          0.00000E+00
         0.73672E+02          0.00000E+00
         0.73628E+02          0.00000E+00
         0.73584E+02          0.00000E+00
         0.73541E+02          0.00000E+00
         0.73497E+02          0.00000E+00
         0.73454E+02          0.00000E+00
         0.73410E+02          0.00000E+00
         0.73367E+02          0.00000E+00
         0.73323E+02          0.00000E+00
         0.73280E+02          0.00000E+00
         0.73237E+02          0.00000E+00
         0.73194E+02          0.00000E+00
         0.73150E+02          0.00000E+00
         0.73107E+02          0.00000E+00
         0.73064E+02          0.00000E+00
         0.73021E+02          0.00000E+00
         0.72978E+02          0.00000E+00
         0.72935E+02          0.00000E+00
         0.72892E+02          0.00000E+00
         0.72849E+02          0.00000E+00
         0.72807E+02          0.00000E+00
         0.72764E+02          0.00000E+00
         0.72721E+02          0.00000E+00
         0.72679E+02          0.00000E+00
         0.72636E+02          0.00000E+00
         0.72594E+02          0.00000E+00
         0.72551E+02          0.00000E+00
         0.72509E+02          0.00000E+00
         0.72466E+02          0.00000E+00
         0.72424E+02          0.00000E+00
         0.72382E+02          0.00000E+00
         0.72339E+02          0.00000E+00
         0.72297E+02          0.00000E+00
         0.72255E+02          0.00000E+00
         0.72213E+02          0.00000E+00
         0.72171E+02          0.00000E+00
         0.72129E+02          0.00000E+00
         0.72087E+02          0.00000E+00
         0.72045E+02          0.00000E+00
         0.72003E+02          0.00000E+00
         0.71962E+02          0.00000E+00
         0.71920E+02          0.00000E+00
         0.71878E+02          0.00000E+00
         0.71836E+02          0.00000E+00
         0.71795E+02          0.00000E+00
         0.71753E+02          0.00000E+00
         0.71712E+02          0.00000E+00
         0.71670E+02          0.00000E+00
         0.71629E+02          0.00000E+00
         0.71588E+02          0.00000E+00
         0.71546E+02          0.00000E+00
         0.71505E+02          0.00000E+00
         0.71464E+02          0.00000E+00
         0.71423E+02          0.00000E+00
         0.71381E+02          0.00000E+00
         0.71340E+02          0.00000E+00
         0.71299E+02          0.00000E+00
         0.71258E+02          0.00000E+00
         0.71217E+02          0.00000E+00
         0.71177E+02          0.00000E+00
         0.71136E+02          0.00000E+00
         0.71095E+02          0.00000E+00
         0.71054E+02          0.00000E+00
         0.71014E+02          0.00000E+00
         0.70973E+02          0.00000E+00
         0.70932E+02          0.00000E+00
         0.70892E+02          0.00000E+00
         0.70851E+02          0.00000E+00
         0.70811E+02          0.00000E+00
         0.70770E+02          0.00000E+00
         0.70730E+02          0.00000E+00
         0.70690E+02          0.00000E+00
         0.70649E+02          0.00000E+00
         0.70609E+02          0.00000E+00
         0.70569E+02          0.00000E+00
         0.70529E+02          0.00000E+00
         0.70489E+02          0.00000E+00
         0.70449E+02          0.00000E+00
         0.70409E+02          0.00000E+00
         0.70369E+02          0.00000E+00
         0.70329E+02          0.00000E+00
         0.70289E+02          0.00000E+00
         0.70249E+02          0.00000E+00
         0.70209E+02          0.00000E+00
         0.70170E+02          0.00000E+00
         0.70130E+02          0.00000E+00
         0.70090E+02          0.00000E+00
         0.70051E+02          0.00000E+00
         0.70011E+02          0.00000E+00
         0.69972E+02          0.00000E+00
         0.69932E+02          0.00000E+00
         0.69893E+02          0.00000E+00
         0.69853E+02          0.00000E+00
         0.69814E+02          0.00000E+00
         0.69775E+02          0.00000E+00
         0.69735E+02          0.00000E+00
         0.69696E+02          0.00000E+00
         0.69657E+02          0.00000E+00
         0.69618E+02          0.00000E+00
         0.69579E+02          0.00000E+00
         0.69540E+02          0.00000E+00
         0.69501E+02          0.00000E+00
         0.69462E+02          0.00000E+00
         0.69423E+02          0.00000E+00
         0.69384E+02          0.00000E+00
         0.69345E+02          0.00000E+00
         0.69307E+02          0.00000E+00
         0.69268E+02          0.00000E+00
         0.69229E+02          0.00000E+00
         0.69191E+02          0.00000E+00
         0.69152E+02          0.00000E+00
         0.69113E+02          0.00000E+00
         0.69075E+02          0.00000E+00
         0.69036E+02          0.00000E+00
         0.68998E+02          0.00000E+00
         0.68960E+02          0.00000E+00
         0.68921E+02          0.00000E+00
         0.68883E+02          0.00000E+00
         0.68845E+02          0.00000E+00
         0.68807E+02          0.00000E+00
         0.68768E+02          0.00000E+00
         0.68730E+02          0.00000E+00
         0.68692E+02          0.00000E+00
         0.68654E+02          0.00000E+00
         0.68616E+02          0.00000E+00
         0.68578E+02          0.00000E+00
         0.68540E+02          0.00000E+00
         0.68502E+02          0.00000E+00
         0.68465E+02          0.00000E+00
         0.68427E+02          0.00000E+00
         0.68389E+02          0.00000E+00
         0.68351E+02          0.00000E+00
         0.68314E+02          0.00000E+00
         0.68276E+02          0.00000E+00
         0.68239E+02          0.00000E+00
         0.68201E+02          0.00000E+00
         0.68163E+02          0.00000E+00
         0.68126E+02          0.00000E+00
         0.68089E+02          0.00000E+00
         0.68051E+02          0.00000E+00
         0.68014E+02          0.00000E+00
         0.67977E+02          0.00000E+00
         0.67939E+02          0.00000E+00
         0.67902E+02          0.00000E+00
         0.67865E+02          0.00000E+00
         0.67828E+02          0.00000E+00
         0.67791E+02          0.00000E+00
         0.67754E+02          0.00000E+00
         0.67717E+02          0.00000E+00
         0.67680E+02          0.00000E+00
         0.67643E+02          0.00000E+00
         0.67606E+02          0.00000E+00
         0.67569E+02          0.00000E+00
         0.67532E+02          0.00000E+00
         0.67496E+02          0.00000E+00
         0.67459E+02          0.00000E+00
         0.67422E+02          0.00000E+00
         0.67385E+02          0.00000E+00
         0.67349E+02          0.00000E+00
         0.67312E+02          0.00000E+00
         0.67276E+02          0.00000E+00
         0.67239E+02          0.00000E+00
         0.67203E+02          0.00000E+00
         0.67166E+02          0.00000E+00
         0.67130E+02          0.00000E+00
         0.67094E+02          0.00000E+00
         0.67057E+02          0.00000E+00
         0.67021E+02          0.00000E+00
         0.66985E+02          0.00000E+00
         0.66949E+02          0.00000E+00
         0.66913E+02          0.00000E+00
         0.66877E+02          0.00000E+00
         0.66841E+02          0.00000E+00
         0.66805E+02          0.00000E+00
         0.66769E+02          0.00000E+00
         0.66733E+02          0.00000E+00
         0.66697E+02          0.00000E+00
         0.66661E+02          0.00000E+00
         0.66625E+02          0.00000E+00
         0.66589E+02          0.00000E+00
         0.66554E+02          0.00000E+00
         0.66518E+02          0.00000E+00
         0.66482E+02          0.00000E+00
         0.66447E+02          0.00000E+00
         0.66411E+02          0.00000E+00
         0.66375E+02          0.00000E+00
         0.66340E+02          0.00000E+00
         0.66304E+02          0.00000E+00
         0.66269E+02          0.00000E+00
         0.66234E+02          0.00000E+00
         0.66198E+02          0.00000E+00
         0.66163E+02          0.00000E+00
         0.66128E+02          0.00000E+00
         0.66092E+02          0.00000E+00
         0.66057E+02          0.00000E+00
         0.66022E+02          0.00000E+00
         0.65987E+02          0.00000E+00
         0.65952E+02          0.00000E+00
         0.65917E+02          0.00000E+00
         0.65882E+02          0.00000E+00
         0.65847E+02          0.00000E+00
         0.65812E+02          0.00000E+00
         0.65777E+02          0.00000E+00
         0.65742E+02          0.00000E+00
         0.65707E+02          0.00000E+00
         0.65672E+02          0.00000E+00
         0.65637E+02          0.00000E+00
         0.65603E+02          0.00000E+00
         0.65568E+02          0.00000E+00
         0.65533E+02          0.00000E+00
         0.65499E+02          0.00000E+00
         0.65464E+02          0.00000E+00
         0.65430E+02          0.00000E+00
         0.65395E+02          0.00000E+00
         0.65361E+02          0.00000E+00
         0.65326E+02          0.00000E+00
         0.65292E+02          0.00000E+00
         0.65257E+02          0.00000E+00
         0.65223E+02          0.00000E+00
         0.65189E+02          0.00000E+00
         0.65155E+02          0.00000E+00
         0.65120E+02          0.00000E+00
         0.65086E+02          0.00000E+00
         0.65052E+02          0.00000E+00
         0.65018E+02          0.00000E+00
         0.64984E+02          0.00000E+00
         0.64950E+02          0.00000E+00
         0.64916E+02          0.00000E+00
         0.64882E+02          0.00000E+00
         0.64848E+02          0.00000E+00
         0.64814E+02          0.00000E+00
         0.64780E+02          0.00000E+00
         0.64746E+02          0.00000E+00
         0.64712E+02          0.00000E+00
         0.64679E+02          0.00000E+00
         0.64645E+02          0.00000E+00
         0.64611E+02          0.00000E+00
         0.64578E+02          0.00000E+00
         0.64544E+02          0.00000E+00
         0.64510E+02          0.00000E+00
         0.64477E+02          0.00000E+00
         0.64443E+02          0.00000E+00
         0.64410E+02          0.00000E+00
         0.64376E+02          0.00000E+00
         0.64343E+02          0.00000E+00
         0.64310E+02          0.00000E+00
         0.64276E+02          0.00000E+00
         0.64243E+02          0.00000E+00
         0.64210E+02          0.00000E+00
         0.64177E+02          0.00000E+00
         0.64143E+02          0.00000E+00
         0.64110E+02          0.00000E+00
         0.64077E+02          0.00000E+00
         0.64044E+02          0.00000E+00
         0.64011E+02          0.00000E+00
         0.63978E+02          0.00000E+00
         0.63945E+02          0.00000E+00
         0.63912E+02          0.00000E+00
         0.63879E+02          0.00000E+00
         0.63846E+02          0.00000E+00
         0.63813E+02          0.00000E+00
         0.63780E+02          0.00000E+00
         0.63748E+02          0.00000E+00
         0.63715E+02          0.00000E+00
         0.63682E+02          0.00000E+00
         0.63649E+02          0.00000E+00
         0.63617E+02          0.00000E+00
         0.63584E+02          0.00000E+00
         0.63552E+02          0.00000E+00
         0.63519E+02          0.00000E+00
         0.63486E+02          0.00000E+00
         0.63454E+02          0.00000E+00
         0.63421E+02          0.00000E+00
         0.63389E+02          0.00000E+00
         0.63357E+02          0.00000E+00
         0.63324E+02          0.00000E+00
         0.63292E+02          0.00000E+00
         0.63260E+02          0.00000E+00
         0.63227E+02          0.00000E+00
         0.63195E+02          0.00000E+00
         0.63163E+02          0.00000E+00
         0.63131E+02          0.00000E+00
         0.63099E+02          0.00000E+00
         0.63067E+02          0.00000E+00
         0.63035E+02          0.00000E+00
         0.63003E+02          0.00000E+00
         0.62971E+02          0.00000E+00
         0.62939E+02          0.00000E+00
         0.62907E+02          0.00000E+00
         0.62875E+02          0.00000E+00
         0.62843E+02          0.00000E+00
         0.62811E+02          0.00000E+00
         0.62779E+02          0.00000E+00
         0.62747E+02          0.00000E+00
         0.62716E+02          0.00000E+00
         0.62684E+02          0.00000E+00
         0.62652E+02          0.00000E+00
         0.62621E+02          0.00000E+00
         0.62589E+02          0.00000E+00
         0.62557E+02          0.00000E+00
         0.62526E+02          0.00000E+00
         0.62494E+02          0.00000E+00
         0.62463E+02          0.00000E+00
         0.62431E+02          0.00000E+00
         0.62400E+02          0.00000E+00
         0.62369E+02          0.00000E+00
         0.62337E+02          0.00000E+00
         0.62306E+02          0.00000E+00
         0.62275E+02          0.00000E+00
         0.62243E+02          0.00000E+00
         0.62212E+02          0.00000E+00
         0.62181E+02          0.00000E+00
         0.62150E+02          0.00000E+00
         0.62119E+02          0.00000E+00
         0.62088E+02          0.00000E+00
         0.62056E+02          0.00000E+00
         0.62025E+02          0.00000E+00
         0.61994E+02          0.00000E+00
         0.61963E+02          0.00000E+00
         0.61932E+02          0.00000E+00
         0.61902E+02          0.00000E+00
         0.61871E+02          0.00000E+00
         0.61840E+02          0.00000E+00
         0.61809E+02          0.00000E+00
         0.61778E+02          0.00000E+00
         0.61747E+02          0.00000E+00
         0.61717E+02          0.00000E+00
         0.61686E+02          0.00000E+00
         0.61655E+02          0.00000E+00
         0.61625E+02          0.00000E+00
         0.61594E+02          0.00000E+00
         0.61563E+02          0.00000E+00
         0.61533E+02          0.00000E+00
         0.61502E+02          0.00000E+00
         0.61472E+02          0.00000E+00
         0.61441E+02          0.00000E+00
         0.61411E+02          0.00000E+00
         0.61381E+02          0.00000E+00
         0.61350E+02          0.00000E+00
         0.61320E+02          0.00000E+00
         0.61290E+02          0.00000E+00
         0.61259E+02          0.00000E+00
         0.61229E+02          0.00000E+00
         0.61199E+02          0.00000E+00
         0.61169E+02          0.00000E+00
         0.61138E+02          0.00000E+00
         0.61108E+02          0.00000E+00
         0.61078E+02          0.00000E+00
         0.61048E+02          0.00000E+00
         0.61018E+02          0.00000E+00
         0.60988E+02          0.00000E+00
         0.60958E+02          0.00000E+00
         0.60928E+02          0.00000E+00
         0.60898E+02          0.00000E+00
         0.60868E+02          0.00000E+00
         0.60838E+02          0.00000E+00
         0.60809E+02          0.00000E+00
         0.60779E+02          0.00000E+00
         0.60749E+02          0.00000E+00
         0.60719E+02          0.00000E+00
         0.60690E+02          0.00000E+00
         0.60660E+02          0.00000E+00
         0.60630E+02          0.00000E+00
         0.60601E+02          0.00000E+00
         0.60571E+02          0.00000E+00
         0.60541E+02          0.00000E+00
         0.60512E+02          0.00000E+00
         0.60482E+02          0.00000E+00
         0.60453E+02          0.00000E+00
         0.60423E+02          0.00000E+00
         0.60394E+02          0.00000E+00
         0.60365E+02          0.00000E+00
         0.60335E+02          0.00000E+00
         0.60306E+02          0.00000E+00
         0.60276E+02          0.00000E+00
         0.60247E+02          0.00000E+00
         0.60218E+02          0.00000E+00
         0.60189E+02          0.00000E+00
         0.60159E+02          0.00000E+00
         0.60130E+02          0.00000E+00
         0.60101E+02          0.00000E+00
         0.60072E+02          0.00000E+00
         0.60043E+02          0.00000E+00
         0.60014E+02          0.00000E+00
         0.59985E+02          0.00000E+00
         0.59956E+02          0.00000E+00
         0.59927E+02          0.00000E+00
         0.59898E+02          0.00000E+00
         0.59869E+02          0.00000E+00
         0.59840E+02          0.00000E+00
         0.59811E+02          0.00000E+00
         0.59782E+02          0.00000E+00
         0.59754E+02          0.00000E+00
         0.59725E+02          0.00000E+00
         0.59696E+02          0.00000E+00
         0.59667E+02          0.00000E+00
         0.59639E+02          0.00000E+00
         0.59610E+02          0.00000E+00
         0.59581E+02          0.00000E+00
         0.59553E+02          0.00000E+00
         0.59524E+02          0.00000E+00
         0.59496E+02          0.00000E+00
         0.59467E+02          0.00000E+00
         0.59438E+02          0.00000E+00
         0.59410E+02          0.00000E+00
         0.59382E+02          0.00000E+00
         0.59353E+02          0.00000E+00
         0.59325E+02          0.00000E+00
         0.59296E+02          0.00000E+00
         0.59268E+02          0.00000E+00
         0.59240E+02          0.00000E+00
         0.59211E+02          0.00000E+00
         0.59183E+02          0.00000E+00
         0.59155E+02          0.00000E+00
         0.59127E+02          0.00000E+00
         0.59098E+02          0.00000E+00
         0.59070E+02          0.00000E+00
         0.59042E+02          0.00000E+00
         0.59014E+02          0.00000E+00
         0.58986E+02          0.00000E+00
         0.58958E+02          0.00000E+00
         0.58930E+02          0.00000E+00
         0.58902E+02          0.00000E+00
         0.58874E+02          0.00000E+00
         0.58846E+02          0.00000E+00
         0.58818E+02          0.00000E+00
         0.58790E+02          0.00000E+00
         0.58762E+02          0.00000E+00
         0.58735E+02          0.00000E+00
         0.58707E+02          0.00000E+00
         0.58679E+02          0.00000E+00
         0.58651E+02          0.00000E+00
         0.58623E+02          0.00000E+00
         0.58596E+02          0.00000E+00
         0.58568E+02          0.00000E+00
         0.58540E+02          0.00000E+00
         0.58513E+02          0.00000E+00
         0.58485E+02          0.00000E+00
         0.58458E+02          0.00000E+00
         0.58430E+02          0.00000E+00
         0.58403E+02          0.00000E+00
         0.58375E+02          0.00000E+00
         0.58348E+02          0.00000E+00
         0.58320E+02          0.00000E+00
         0.58293E+02          0.00000E+00
         0.58265E+02          0.00000E+00
         0.58238E+02          0.00000E+00
         0.58211E+02          0.00000E+00
         0.58183E+02          0.00000E+00
         0.58156E+02          0.00000E+00
         0.58129E+02          0.00000E+00
         0.58101E+02          0.00000E+00
         0.58074E+02          0.00000E+00
         0.58047E+02          0.00000E+00
         0.58020E+02          0.00000E+00
         0.57993E+02          0.00000E+00
         0.57966E+02          0.00000E+00
         0.57939E+02          0.00000E+00
         0.57911E+02          0.00000E+00
         0.57884E+02          0.00000E+00
         0.57857E+02          0.00000E+00
         0.57830E+02          0.00000E+00
         0.57804E+02          0.00000E+00
         0.57777E+02          0.00000E+00
         0.57750E+02          0.00000E+00
         0.57723E+02          0.00000E+00
         0.57696E+02          0.00000E+00
         0.57669E+02          0.00000E+00
         0.57642E+02          0.00000E+00
         0.57615E+02          0.00000E+00
         0.57589E+02          0.00000E+00
         0.57562E+02          0.00000E+00
         0.57535E+02          0.00000E+00
         0.57509E+02          0.00000E+00
         0.57482E+02          0.00000E+00
         0.57455E+02          0.00000E+00
         0.57429E+02          0.00000E+00
         0.57402E+02          0.00000E+00
         0.57376E+02          0.00000E+00
         0.57349E+02          0.00000E+00
         0.57322E+02          0.00000E+00
         0.57296E+02          0.00000E+00
         0.57269E+02          0.00000E+00
         0.57243E+02          0.00000E+00
         0.57217E+02          0.00000E+00
         0.57190E+02          0.00000E+00
         0.57164E+02          0.00000E+00
         0.57138E+02          0.00000E+00
         0.57111E+02          0.00000E+00
         0.57085E+02          0.00000E+00
         0.57059E+02          0.00000E+00
         0.57032E+02          0.00000E+00
         0.57006E+02          0.00000E+00
         0.56980E+02          0.00000E+00
         0.56954E+02          0.00000E+00
         0.56928E+02          0.00000E+00
         0.56902E+02          0.00000E+00
         0.56875E+02          0.00000E+00
         0.56849E+02          0.00000E+00
         0.56823E+02          0.00000E+00
         0.56797E+02          0.00000E+00
         0.56771E+02          0.00000E+00
         0.56745E+02          0.00000E+00
         0.56719E+02          0.00000E+00
         0.56693E+02          0.00000E+00
         0.56667E+02          0.00000E+00
         0.56642E+02          0.00000E+00
         0.56616E+02          0.00000E+00
         0.56590E+02          0.00000E+00
         0.56564E+02          0.00000E+00
         0.56538E+02          0.00000E+00
         0.56512E+02          0.00000E+00
         0.56487E+02          0.00000E+00
         0.56461E+02          0.00000E+00
         0.56435E+02          0.00000E+00
         0.56410E+02          0.00000E+00
         0.56384E+02          0.00000E+00
         0.56358E+02          0.00000E+00
         0.56333E+02          0.00000E+00
         0.56307E+02          0.00000E+00
         0.56282E+02          0.00000E+00
         0.56256E+02          0.00000E+00
         0.56231E+02          0.00000E+00
         0.56205E+02          0.00000E+00
         0.56180E+02          0.00000E+00
         0.56154E+02          0.00000E+00
         0.56129E+02          0.00000E+00
         0.56103E+02          0.00000E+00
         0.56078E+02          0.00000E+00
         0.56053E+02          0.00000E+00
         0.56027E+02          0.00000E+00
         0.56002E+02          0.00000E+00
         0.55977E+02          0.00000E+00
         0.55951E+02          0.00000E+00
         0.55926E+02          0.00000E+00
         0.55901E+02          0.00000E+00
         0.55876E+02          0.00000E+00
         0.55851E+02          0.00000E+00
         0.55825E+02          0.00000E+00
         0.55800E+02          0.00000E+00
         0.55775E+02          0.00000E+00
         0.55750E+02          0.00000E+00
         0.55725E+02          0.00000E+00
         0.55700E+02          0.00000E+00
         0.55675E+02          0.00000E+00
         0.55650E+02          0.00000E+00
         0.55625E+02          0.00000E+00
         0.55600E+02          0.00000E+00
         0.55575E+02          0.00000E+00
         0.55550E+02          0.00000E+00
         0.55525E+02          0.00000E+00
         0.55501E+02          0.00000E+00
         0.55476E+02          0.00000E+00
         0.55451E+02          0.00000E+00
         0.55426E+02          0.00000E+00
         0.55401E+02          0.00000E+00
         0.55377E+02          0.00000E+00
         0.55352E+02          0.00000E+00
         0.55327E+02          0.00000E+00
         0.55303E+02          0.00000E+00
         0.55278E+02          0.00000E+00
         0.55253E+02          0.00000E+00
         0.55229E+02          0.00000E+00
         0.55204E+02          0.00000E+00
         0.55179E+02          0.00000E+00
         0.55155E+02          0.00000E+00
         0.55130E+02          0.00000E+00
         0.55106E+02          0.00000E+00
         0.55081E+02          0.00000E+00
         0.55057E+02          0.00000E+00
         0.55033E+02          0.00000E+00
         0.55008E+02          0.00000E+00
         0.54984E+02          0.00000E+00
         0.54959E+02          0.00000E+00
         0.54935E+02          0.00000E+00
         0.54911E+02          0.00000E+00
         0.54886E+02          0.00000E+00
         0.54862E+02          0.00000E+00
         0.54838E+02          0.00000E+00
         0.54814E+02          0.00000E+00
         0.54789E+02          0.00000E+00
         0.54765E+02          0.00000E+00
         0.54741E+02          0.00000E+00
         0.54717E+02          0.00000E+00
         0.54693E+02          0.00000E+00
         0.54669E+02          0.00000E+00
         0.54644E+02          0.00000E+00
         0.54620E+02          0.00000E+00
         0.54596E+02          0.00000E+00
         0.54572E+02          0.00000E+00
         0.54548E+02          0.00000E+00
         0.54524E+02          0.00000E+00
         0.54500E+02          0.00000E+00
         0.54476E+02          0.00000E+00
         0.54452E+02          0.00000E+00
         0.54429E+02          0.00000E+00
         0.54405E+02          0.00000E+00
         0.54381E+02          0.00000E+00
         0.54357E+02          0.00000E+00
         0.54333E+02          0.00000E+00
         0.54309E+02          0.00000E+00
         0.54286E+02          0.00000E+00
         0.54262E+02          0.00000E+00
         0.54238E+02          0.00000E+00
         0.54214E+02          0.00000E+00
         0.54191E+02          0.00000E+00
         0.54167E+02          0.00000E+00
         0.54143E+02          0.00000E+00
         0.54120E+02          0.00000E+00
         0.54096E+02          0.00000E+00
         0.54072E+02          0.00000E+00
         0.54049E+02          0.00000E+00
         0.54025E+02          0.00000E+00
         0.54002E+02          0.00000E+00
         0.53978E+02          0.00000E+00
         0.53955E+02          0.00000E+00
         0.53931E+02          0.00000E+00
         0.53908E+02          0.00000E+00
         0.53884E+02          0.00000E+00
         0.53861E+02          0.00000E+00
         0.53838E+02          0.00000E+00
         0.53814E+02          0.00000E+00
         0.53791E+02          0.00000E+00
         0.53768E+02          0.00000E+00
         0.53744E+02          0.00000E+00
         0.53721E+02          0.00000E+00
         0.53698E+02          0.00000E+00
         0.53675E+02          0.00000E+00
         0.53651E+02          0.00000E+00
         0.53628E+02          0.00000E+00
         0.53605E+02          0.00000E+00
         0.53582E+02          0.00000E+00
         0.53559E+02          0.00000E+00
         0.53535E+02          0.00000E+00
         0.53512E+02          0.00000E+00
         0.53489E+02          0.00000E+00
         0.53466E+02          0.00000E+00
         0.53443E+02          0.00000E+00
         0.53420E+02          0.00000E+00
         0.53397E+02          0.00000E+00
         0.53374E+02          0.00000E+00
         0.53351E+02          0.00000E+00
         0.53328E+02          0.00000E+00
         0.53305E+02          0.00000E+00
         0.53282E+02          0.00000E+00
         0.53260E+02          0.00000E+00
         0.53237E+02          0.00000E+00
         0.53214E+02          0.00000E+00
         0.53191E+02          0.00000E+00
         0.53168E+02          0.00000E+00
         0.53145E+02          0.00000E+00
         0.53123E+02          0.00000E+00
         0.53100E+02          0.00000E+00
         0.53077E+02          0.00000E+00
         0.53054E+02          0.00000E+00
         0.53032E+02          0.00000E+00
         0.53009E+02          0.00000E+00
         0.52986E+02          0.00000E+00
         0.52964E+02          0.00000E+00
         0.52941E+02          0.00000E+00
         0.52919E+02          0.00000E+00
         0.52896E+02          0.00000E+00
         0.52873E+02          0.00000E+00
         0.52851E+02          0.00000E+00
         0.52828E+02          0.00000E+00
         0.52806E+02          0.00000E+00
         0.52783E+02          0.00000E+00
         0.52761E+02          0.00000E+00
         0.52738E+02          0.00000E+00
         0.52716E+02          0.00000E+00
         0.52694E+02          0.00000E+00
         0.52671E+02          0.00000E+00
         0.52649E+02          0.00000E+00
         0.52627E+02          0.00000E+00
         0.52604E+02          0.00000E+00
         0.52582E+02          0.00000E+00
         0.52560E+02          0.00000E+00
         0.52537E+02          0.00000E+00
         0.52515E+02          0.00000E+00
         0.52493E+02          0.00000E+00
         0.52471E+02          0.00000E+00
         0.52448E+02          0.00000E+00
         0.52426E+02          0.00000E+00
         0.52404E+02          0.00000E+00
         0.52382E+02          0.00000E+00
         0.52360E+02          0.00000E+00
         0.52338E+02          0.00000E+00
         0.52316E+02          0.00000E+00
         0.52294E+02          0.00000E+00
         0.52272E+02          0.00000E+00
         0.52249E+02          0.00000E+00
         0.52227E+02          0.00000E+00
         0.52205E+02          0.00000E+00
         0.52184E+02          0.00000E+00
         0.52162E+02          0.00000E+00
         0.52140E+02          0.00000E+00
         0.52118E+02          0.00000E+00
         0.52096E+02          0.00000E+00
         0.52074E+02          0.00000E+00
         0.52052E+02          0.00000E+00
         0.52030E+02          0.00000E+00
         0.52008E+02          0.00000E+00
         0.51987E+02          0.00000E+00
         0.51965E+02          0.00000E+00
         0.51943E+02          0.00000E+00
         0.51921E+02          0.00000E+00
         0.51900E+02          0.00000E+00
         0.51878E+02          0.00000E+00
         0.51856E+02          0.00000E+00
         0.51834E+02          0.00000E+00
         0.51813E+02          0.00000E+00
         0.51791E+02          0.00000E+00
         0.51770E+02          0.00000E+00
         0.51748E+02          0.00000E+00
         0.51726E+02          0.00000E+00
         0.51705E+02          0.00000E+00
         0.51683E+02          0.00000E+00
         0.51662E+02          0.00000E+00
         0.51640E+02          0.00000E+00
         0.51619E+02          0.00000E+00
         0.51597E+02          0.00000E+00
         0.51576E+02          0.00000E+00
         0.51554E+02          0.00000E+00
         0.51533E+02          0.00000E+00
         0.51511E+02          0.00000E+00
         0.51490E+02          0.00000E+00
         0.51469E+02          0.00000E+00
         0.51447E+02          0.00000E+00
         0.51426E+02          0.00000E+00
         0.51405E+02          0.00000E+00
         0.51383E+02          0.00000E+00
         0.51362E+02          0.00000E+00
         0.51341E+02          0.00000E+00
         0.51320E+02          0.00000E+00
         0.51298E+02          0.00000E+00
         0.51277E+02          0.00000E+00
         0.51256E+02          0.00000E+00
         0.51235E+02          0.00000E+00
         0.51214E+02          0.00000E+00
         0.51192E+02          0.00000E+00
         0.51171E+02          0.00000E+00
         0.51150E+02          0.00000E+00
         0.51129E+02          0.00000E+00
         0.51108E+02          0.00000E+00
         0.51087E+02          0.00000E+00
         0.51066E+02          0.00000E+00
         0.51045E+02          0.00000E+00
         0.51024E+02          0.00000E+00
         0.51003E+02          0.00000E+00
         0.50982E+02          0.00000E+00
         0.50961E+02          0.00000E+00
         0.50940E+02          0.00000E+00
         0.50919E+02          0.00000E+00
         0.50898E+02          0.00000E+00
         0.50877E+02          0.00000E+00
         0.50856E+02          0.00000E+00
         0.50836E+02          0.00000E+00
         0.50815E+02          0.00000E+00
         0.50794E+02          0.00000E+00
         0.50773E+02          0.00000E+00
         0.50752E+02          0.00000E+00
         0.50732E+02          0.10298E+00
         0.50711E+02          0.24248E+00
         0.50690E+02          0.55953E-01
         0.50669E+02          0.99160E-01
         0.50649E+02          0.98582E-01
         0.50628E+02          0.10402E+00
         0.50607E+02          0.10387E+00
         0.50587E+02          0.10374E+00
         0.50566E+02          0.10363E+00
         0.50545E+02          0.10354E+00
         0.50525E+02          0.10346E+00
         0.50504E+02          0.10339E+00
         0.50484E+02          0.10334E+00
         0.50463E+02          0.10337E+00
         0.50443E+02          0.10310E+00
         0.50422E+02          0.10304E+00
         0.50402E+02          0.10296E+00
         0.50381E+02          0.10296E+00
         0.50361E+02          0.12287E+00
         0.50340E+02          0.10589E+00
         0.50320E+02          0.10405E+00
         0.50299E+02          0.10357E+00
         0.50279E+02          0.10328E+00
         0.50259E+02          0.10297E+00
         0.50238E+02          0.10652E+00
         0.50218E+02          0.10301E+00
         0.50198E+02          0.10267E+00
         0.50177E+02          0.10236E+00
         0.50157E+02          0.10199E+00
         0.50137E+02          0.10155E+00
         0.50116E+02          0.10100E+00
         0.50096E+02          0.10030E+00
         0.50076E+02          0.99385E-01
         0.50056E+02          0.98167E-01
         0.50035E+02          0.96579E-01
         0.50015E+02          0.94027E-01
         0.49995E+02          0.90714E-01
         0.49975E+02          0.22143E+00
         0.49955E+02          0.11507E+00
         0.49935E+02          0.91878E-01
         0.49915E+02          0.75918E-01
         0.49895E+02          0.10893E+00
         0.49874E+02          0.23925E+00
         0.49854E+02          0.16500E+00
         0.49834E+02          0.42278E+00
         0.49814E+02          0.16833E+00
         0.49794E+02          0.14949E+00
         0.49774E+02          0.13925E+00
         0.49754E+02          0.15328E+00
         0.49734E+02          0.14629E+00
         0.49714E+02          0.14669E+00
         0.49695E+02          0.14993E+00
         0.49675E+02          0.15659E+00
         0.49655E+02          0.16920E+00
         0.49635E+02          0.19699E+00
         0.49615E+02          0.20942E+00
         0.49595E+02          0.32551E+00
         0.49575E+02          0.47682E+00
         0.49555E+02          0.36896E+00
         0.49536E+02          0.22180E+00
         0.49516E+02          0.16242E+00
         0.49496E+02          0.13769E+00
         0.49476E+02          0.12435E+00
         0.49457E+02          0.13988E+00
         0.49437E+02          0.11446E+00
         0.49417E+02          0.10937E+00
         0.49398E+02          0.10380E+00
         0.49378E+02          0.96254E-01
         0.49358E+02          0.15120E+00
         0.49339E+02          0.11025E+00
         0.49319E+02          0.77653E-01
         0.49299E+02          0.22952E+00
         0.49280E+02          0.20505E+00
         0.49260E+02          0.13215E+00
         0.49241E+02          0.18726E+00
         0.49221E+02          0.16727E+00
         0.49202E+02          0.16062E+00
         0.49182E+02          0.15995E+00
         0.49162E+02          0.16800E+00
         0.49143E+02          0.17468E+00
         0.49124E+02          0.15153E+00
         0.49104E+02          0.18599E+00
         0.49085E+02          0.21409E+00
         0.49065E+02          0.11147E+00
         0.49046E+02          0.81409E-01
         0.49026E+02          0.39616E+00
         0.49007E+02          0.20498E+00
         0.48988E+02          0.26359E+00
         0.48968E+02          0.38773E+00
         0.48949E+02          0.25347E+00
         0.48930E+02          0.11999E+00
         0.48910E+02          0.11022E+00
         0.48891E+02          0.10695E+00
         0.48872E+02          0.20744E+00
         0.48853E+02          0.14941E+00
         0.48833E+02          0.17565E+00
         0.48814E+02          0.14347E+00
         0.48795E+02          0.18261E+00
         0.48776E+02          0.65611E-01
         0.48756E+02          0.12183E+00
         0.48737E+02          0.12241E+00
         0.48718E+02          0.10794E+00
         0.48699E+02          0.11827E+00
         0.48680E+02          0.14025E+00
         0.48661E+02          0.37641E+00
         0.48642E+02          0.11105E+00
         0.48623E+02          0.11358E+00
         0.48604E+02          0.12046E+00
         0.48585E+02          0.11373E+00
         0.48566E+02          0.11219E+00
         0.48546E+02          0.62726E+00
         0.48527E+02          0.12685E+00
         0.48509E+02          0.12461E+00
         0.48490E+02          0.12134E+00
         0.48471E+02          0.13031E+00
         0.48452E+02          0.14955E+00
         0.48433E+02          0.14711E+00
         0.48414E+02          0.13130E+00
         0.48395E+02          0.13549E+00
         0.48376E+02          0.13091E+00
         0.48357E+02          0.14631E+00
         0.48338E+02          0.13109E+00
         0.48319E+02          0.16556E+00
         0.48301E+02          0.15543E+00
         0.48282E+02          0.34932E+00
         0.48263E+02          0.34580E+00
         0.48244E+02          0.22456E+00
         0.48225E+02          0.17136E+00
         0.48207E+02          0.15140E+00
         0.48188E+02          0.14000E+00
         0.48169E+02          0.13432E+00
         0.48151E+02          0.13102E+00
         0.48132E+02          0.12891E+00
         0.48113E+02          0.12746E+00
         0.48095E+02          0.12641E+00
         0.48076E+02          0.12558E+00
         0.48057E+02          0.12485E+00
         0.48039E+02          0.12410E+00
         0.48020E+02          0.12315E+00
         0.48001E+02          0.12118E+00
         0.47983E+02          0.11486E+00
         0.47964E+02          0.13969E+00
         0.47946E+02          0.20031E+00
         0.47927E+02          0.14373E+00
         0.47909E+02          0.18507E+00
         0.47890E+02          0.14370E+00
         0.47872E+02          0.13383E+00
         0.47853E+02          0.13078E+00
         0.47835E+02          0.12936E+00
         0.47816E+02          0.12854E+00
         0.47798E+02          0.12798E+00
         0.47779E+02          0.12754E+00
         0.47761E+02          0.12714E+00
         0.47743E+02          0.12669E+00
         0.47724E+02          0.12611E+00
         0.47706E+02          0.12515E+00
         0.47688E+02          0.12281E+00
         0.47669E+02          0.28226E+00
         0.47651E+02          0.13136E+00
         0.47633E+02          0.23562E+00
         0.47614E+02          0.14194E+00
         0.47596E+02          0.13509E+00
         0.47578E+02          0.13316E+00
         0.47560E+02          0.13234E+00
         0.47541E+02          0.13206E+00
         0.47523E+02          0.13237E+00
         0.47505E+02          0.13711E+00
         0.47487E+02          0.15928E+00
         0.47468E+02          0.12914E+00
         0.47450E+02          0.13431E+00
         0.47432E+02          0.13089E+00
         0.47414E+02          0.12999E+00
         0.47396E+02          0.12910E+00
         0.47378E+02          0.12647E+00
         0.47360E+02          0.13375E+00
         0.47342E+02          0.13513E+00
         0.47324E+02          0.13329E+00
         0.47305E+02          0.13143E+00
         0.47287E+02          0.13564E+00
         0.47269E+02          0.13918E+00
         0.47251E+02          0.23199E+00
         0.47233E+02          0.11940E+00
         0.47215E+02          0.13491E+00
         0.47197E+02          0.17492E+00
         0.47179E+02          0.15765E+00
         0.47162E+02          0.14957E+00
         0.47144E+02          0.17207E+00
         0.47126E+02          0.16507E+00
         0.47108E+02          0.14640E+00
         0.47090E+02          0.18630E+00
         0.47072E+02          0.13496E+00
         0.47054E+02          0.13532E+00
         0.47036E+02          0.13510E+00
         0.47018E+02          0.14324E+00
         0.47001E+02          0.20704E+00
         0.46983E+02          0.13919E+00
         0.46965E+02          0.14119E+00
         0.46947E+02          0.14298E+00
         0.46929E+02          0.17549E+00
         0.46912E+02          0.14016E+00
         0.46894E+02          0.14269E+00
         0.46876E+02          0.11781E+00
         0.46859E+02          0.14105E+00
         0.46841E+02          0.18470E+00
         0.46823E+02          0.43749E+00
         0.46805E+02          0.13934E+00
         0.46788E+02          0.13309E+00
         0.46770E+02          0.13280E+00
         0.46752E+02          0.13847E+00
         0.46735E+02          0.15520E+00
         0.46717E+02          0.13443E+00
         0.46700E+02          0.13397E+00
         0.46682E+02          0.20431E+00
         0.46665E+02          0.17671E+00
         0.46647E+02          0.17317E+00
         0.46629E+02          0.17556E+00
         0.46612E+02          0.18764E+00
         0.46594E+02          0.22695E+00
         0.46577E+02          0.28815E+00
         0.46559E+02          0.17386E+00
         0.46542E+02          0.15051E+00
         0.46524E+02          0.14253E+00
         0.46507E+02          0.13287E+00
         0.46490E+02          0.13451E+00
         0.46472E+02          0.13617E+00
         0.46455E+02          0.13725E+00
         0.46437E+02          0.13919E+00
         0.46420E+02          0.16136E+00
         0.46403E+02          0.15890E+00
         0.46385E+02          0.14601E+00
         0.46368E+02          0.14392E+00
         0.46350E+02          0.14322E+00
         0.46333E+02          0.14287E+00
         0.46316E+02          0.14259E+00
         0.46299E+02          0.14224E+00
         0.46281E+02          0.14162E+00
         0.46264E+02          0.14079E+00
         0.46247E+02          0.17791E+00
         0.46230E+02          0.14902E+00
         0.46212E+02          0.14638E+00
         0.46195E+02          0.14529E+00
         0.46178E+02          0.14435E+00
         0.46161E+02          0.14275E+00
         0.46143E+02          0.19826E+00
         0.46126E+02          0.14952E+00
         0.46109E+02          0.14696E+00
         0.46092E+02          0.14524E+00
         0.46075E+02          0.14599E+00
         0.46058E+02          0.15037E+00
         0.46041E+02          0.14717E+00
         0.46024E+02          0.14273E+00
         0.46007E+02          0.15030E+00
         0.45989E+02          0.14607E+00
         0.45972E+02          0.15969E+00
         0.45955E+02          0.14760E+00
         0.45938E+02          0.14895E+00
         0.45921E+02          0.15102E+00
         0.45904E+02          0.15134E+00
         0.45887E+02          0.14901E+00
         0.45870E+02          0.15282E+00
         0.45853E+02          0.14910E+00
         0.45836E+02          0.14382E+00
         0.45819E+02          0.14799E+00
         0.45803E+02          0.19850E+00
         0.45786E+02          0.15897E+00
         0.45769E+02          0.16259E+00
         0.45752E+02          0.17283E+00
         0.45735E+02          0.23987E+00
         0.45718E+02          0.17711E+00
         0.45701E+02          0.14483E+00
         0.45684E+02          0.14794E+00
         0.45668E+02          0.14966E+00
         0.45651E+02          0.15073E+00
         0.45634E+02          0.15151E+00
         0.45617E+02          0.15213E+00
         0.45600E+02          0.15266E+00
         0.45584E+02          0.15313E+00
         0.45567E+02          0.15356E+00
         0.45550E+02          0.15397E+00
         0.45533E+02          0.15437E+00
         0.45517E+02          0.15477E+00
         0.45500E+02          0.15519E+00
         0.45483E+02          0.15569E+00
         0.45467E+02          0.15653E+00
         0.45450E+02          0.17247E+00
         0.45433E+02          0.15634E+00
         0.45417E+02          0.15706E+00
         0.45400E+02          0.15783E+00
         0.45383E+02          0.15888E+00
         0.45367E+02          0.16063E+00
         0.45350E+02          0.16485E+00
         0.45334E+02          0.19506E+00
         0.45317E+02          0.16015E+00
         0.45300E+02          0.15148E+00
         0.45284E+02          0.15375E+00
         0.45267E+02          0.15495E+00
         0.45251E+02          0.15579E+00
         0.45234E+02          0.15648E+00
         0.45218E+02          0.15710E+00
         0.45201E+02          0.15777E+00
         0.45185E+02          0.15894E+00
         0.45168E+02          0.15828E+00
         0.45152E+02          0.15948E+00
         0.45136E+02          0.16103E+00
         0.45119E+02          0.16515E+00
         0.45103E+02          0.28566E+00
         0.45086E+02          0.15334E+00
         0.45070E+02          0.15629E+00
         0.45054E+02          0.15763E+00
         0.45037E+02          0.15861E+00
         0.45021E+02          0.15976E+00
         0.45005E+02          0.15985E+00
         0.44988E+02          0.16184E+00
         0.44972E+02          0.17023E+00
         0.44956E+02          0.15351E+00
         0.44939E+02          0.15792E+00
         0.44923E+02          0.15950E+00
         0.44907E+02          0.16469E+00
         0.44890E+02          0.16245E+00
         0.44874E+02          0.23344E+00
         0.44858E+02          0.15825E+00
         0.44842E+02          0.16055E+00
         0.44826E+02          0.16215E+00
         0.44809E+02          0.21250E+00
         0.44793E+02          0.16005E+00
         0.44777E+02          0.16216E+00
         0.44761E+02          0.15560E+00
         0.44745E+02          0.16227E+00
         0.44729E+02          0.15270E+00
         0.44712E+02          0.16209E+00
         0.44696E+02          0.16095E+00
         0.44680E+02          0.15919E+00
         0.44664E+02          0.15972E+00
         0.44648E+02          0.16262E+00
         0.44632E+02          0.16023E+00
         0.44616E+02          0.16300E+00
         0.44600E+02          0.16257E+00
         0.44584E+02          0.16240E+00
         0.44568E+02          0.16272E+00
         0.44552E+02          0.16599E+00
         0.44536E+02          0.16612E+00
         0.44520E+02          0.16626E+00
         0.44504E+02          0.16639E+00
         0.44488E+02          0.16653E+00
         0.44472E+02          0.16666E+00
         0.44456E+02          0.16680E+00
         0.44440E+02          0.16693E+00
         0.44424E+02          0.16707E+00
         0.44408E+02          0.16720E+00
         0.44392E+02          0.16734E+00
         0.44376E+02          0.16747E+00
         0.44360E+02          0.16761E+00
         0.44345E+02          0.16775E+00
         0.44329E+02          0.16788E+00
         0.44313E+02          0.16802E+00
         0.44297E+02          0.16815E+00
         0.44281E+02          0.16829E+00
         0.44265E+02          0.16842E+00
         0.44250E+02          0.16856E+00
         0.44234E+02          0.16870E+00
         0.44218E+02          0.16883E+00
         0.44202E+02          0.16897E+00
         0.44187E+02          0.16911E+00
         0.44171E+02          0.16924E+00
         0.44155E+02          0.16938E+00
         0.44139E+02          0.16952E+00
         0.44124E+02          0.16966E+00
         0.44108E+02          0.16980E+00
         0.44092E+02          0.16993E+00
         0.44077E+02          0.17007E+00
         0.44061E+02          0.17021E+00
         0.44045E+02          0.17035E+00
         0.44030E+02          0.17049E+00
         0.44014E+02          0.17063E+00
         0.43998E+02          0.17077E+00
         0.43983E+02          0.17091E+00
         0.43967E+02          0.17105E+00
         0.43952E+02          0.17120E+00
         0.43936E+02          0.17134E+00
         0.43920E+02          0.17148E+00
         0.43905E+02          0.17163E+00
         0.43889E+02          0.17177E+00
         0.43874E+02          0.17192E+00
         0.43858E+02          0.17206E+00
         0.43843E+02          0.17221E+00
         0.43827E+02          0.17236E+00
         0.43812E+02          0.17251E+00
         0.43796E+02          0.17266E+00
         0.43781E+02          0.17281E+00
         0.43765E+02          0.17296E+00
         0.43750E+02          0.17312E+00
         0.43735E+02          0.17327E+00
         0.43719E+02          0.17343E+00
         0.43704E+02          0.17359E+00
         0.43688E+02          0.17375E+00
         0.43673E+02          0.17391E+00
         0.43658E+02          0.17407E+00
         0.43642E+02          0.17423E+00
         0.43627E+02          0.17440E+00
         0.43611E+02          0.17457E+00
         0.43596E+02          0.17474E+00
         0.43581E+02          0.17492E+00
         0.43565E+02          0.17510E+00
         0.43550E+02          0.17528E+00
         0.43535E+02          0.17546E+00
         0.43520E+02          0.17565E+00
         0.43504E+02          0.17584E+00
         0.43489E+02          0.17603E+00
         0.43474E+02          0.17623E+00
         0.43459E+02          0.17644E+00
         0.43443E+02          0.17665E+00
         0.43428E+02          0.17686E+00
         0.43413E+02          0.17709E+00
         0.43398E+02          0.17732E+00
         0.43383E+02          0.17755E+00
         0.43367E+02          0.17780E+00
         0.43352E+02          0.17805E+00
         0.43337E+02          0.17832E+00
         0.43322E+02          0.17859E+00
         0.43307E+02          0.17888E+00
         0.43292E+02          0.17918E+00
         0.43277E+02          0.17950E+00
         0.43261E+02          0.17984E+00
         0.43246E+02          0.18020E+00
         0.43231E+02          0.18058E+00
         0.43216E+02          0.18099E+00
         0.43201E+02          0.18142E+00
         0.43186E+02          0.18190E+00
         0.43171E+02          0.18241E+00
         0.43156E+02          0.18298E+00
         0.43141E+02          0.18360E+00
         0.43126E+02          0.18430E+00
         0.43111E+02          0.18508E+00
         0.43096E+02          0.18596E+00
         0.43081E+02          0.18698E+00
         0.43066E+02          0.18816E+00
         0.43051E+02          0.18956E+00
         0.43036E+02          0.19121E+00
         0.43021E+02          0.19318E+00
         0.43006E+02          0.19536E+00
         0.42991E+02          0.19682E+00
         0.42977E+02          0.19095E+00
         0.42962E+02          0.15717E+00
         0.42947E+02          0.16254E+00
         0.42932E+02          0.18558E+00
         0.42917E+02          0.20702E+00
         0.42902E+02          0.24223E+00
         0.42887E+02          0.35616E+00
         0.42872E+02          0.49017E+00
         0.42858E+02          0.15412E+00
         0.42843E+02          0.14504E+00
         0.42828E+02          0.14951E+00
         0.42813E+02          0.15376E+00
         0.42799E+02          0.15707E+00
         0.42784E+02          0.15965E+00
         0.42769E+02          0.16169E+00
         0.42754E+02          0.16335E+00
         0.42739E+02          0.16472E+00
         0.42725E+02          0.16589E+00
         0.42710E+02          0.16688E+00
         0.42695E+02          0.16775E+00
         0.42681E+02          0.16851E+00
         0.42666E+02          0.16919E+00
         0.42651E+02          0.16981E+00
         0.42637E+02          0.17036E+00
         0.42622E+02          0.17086E+00
         0.42607E+02          0.17133E+00
         0.42593E+02          0.17176E+00
         0.42578E+02          0.17215E+00
         0.42563E+02          0.17252E+00
         0.42549E+02          0.17287E+00
         0.42534E+02          0.17320E+00
         0.42520E+02          0.17351E+00
         0.42505E+02          0.17380E+00
         0.42490E+02          0.17408E+00
         0.42476E+02          0.17435E+00
         0.42461E+02          0.17461E+00
         0.42447E+02          0.17485E+00
         0.42432E+02          0.17509E+00
         0.42418E+02          0.17531E+00
         0.42403E+02          0.17553E+00
         0.42389E+02          0.17574E+00
         0.42374E+02          0.17595E+00
         0.42360E+02          0.17615E+00
         0.42345E+02          0.17634E+00
         0.42331E+02          0.17653E+00
         0.42316E+02          0.17672E+00
         0.42302E+02          0.17690E+00
         0.42288E+02          0.17708E+00
         0.42273E+02          0.17725E+00
         0.42259E+02          0.17742E+00
         0.42244E+02          0.17759E+00
         0.42230E+02          0.17775E+00
         0.42216E+02          0.17792E+00
         0.42201E+02          0.17808E+00
         0.42187E+02          0.17823E+00
         0.42173E+02          0.17839E+00
         0.42158E+02          0.17854E+00
         0.42144E+02          0.17869E+00
         0.42130E+02          0.17884E+00
         0.42115E+02          0.17899E+00
         0.42101E+02          0.17914E+00
         0.42087E+02          0.17929E+00
         0.42072E+02          0.17943E+00
         0.42058E+02          0.17958E+00
         0.42044E+02          0.17972E+00
         0.42030E+02          0.17986E+00
         0.42015E+02          0.18000E+00
         0.42001E+02          0.18014E+00
         0.41987E+02          0.18028E+00
         0.41973E+02          0.18042E+00
         0.41958E+02          0.18056E+00
         0.41944E+02          0.18070E+00
         0.41930E+02          0.18084E+00
         0.41916E+02          0.18098E+00
         0.41902E+02          0.18112E+00
         0.41888E+02          0.18126E+00
         0.41873E+02          0.18140E+00
         0.41859E+02          0.18153E+00
         0.41845E+02          0.18167E+00
         0.41831E+02          0.18181E+00
         0.41817E+02          0.18195E+00
         0.41803E+02          0.18209E+00
         0.41789E+02          0.18223E+00
         0.41775E+02          0.18237E+00
         0.41761E+02          0.18252E+00
         0.41747E+02          0.18266E+00
         0.41732E+02          0.18280E+00
         0.41718E+02          0.18295E+00
         0.41704E+02          0.18309E+00
         0.41690E+02          0.18324E+00
         0.41676E+02          0.18338E+00
         0.41662E+02          0.18353E+00
         0.41648E+02          0.18368E+00
         0.41634E+02          0.18383E+00
         0.41620E+02          0.18399E+00
         0.41606E+02          0.18414E+00
         0.41592E+02          0.18430E+00
         0.41579E+02          0.18446E+00
         0.41565E+02          0.18462E+00
         0.41551E+02          0.18478E+00
         0.41537E+02          0.18495E+00
         0.41523E+02          0.18512E+00
         0.41509E+02          0.18529E+00
         0.41495E+02          0.18546E+00
         0.41481E+02          0.18564E+00
         0.41467E+02          0.18582E+00
         0.41453E+02          0.18600E+00
         0.41440E+02          0.18619E+00
         0.41426E+02          0.18639E+00
         0.41412E+02          0.18659E+00
         0.41398E+02          0.18679E+00
         0.41384E+02          0.18700E+00
         0.41370E+02          0.18721E+00
         0.41357E+02          0.18743E+00
         0.41343E+02          0.18766E+00
         0.41329E+02          0.18790E+00
         0.41315E+02          0.18814E+00
         0.41302E+02          0.18840E+00
         0.41288E+02          0.18867E+00
         0.41274E+02          0.18894E+00
         0.41260E+02          0.18924E+00
         0.41247E+02          0.18954E+00
         0.41233E+02          0.18987E+00
         0.41219E+02          0.19021E+00
         0.41205E+02          0.19058E+00
         0.41192E+02          0.19098E+00
         0.41178E+02          0.19140E+00
         0.41164E+02          0.19187E+00
         0.41151E+02          0.19239E+00
         0.41137E+02          0.19297E+00
         0.41123E+02          0.19363E+00
         0.41110E+02          0.19440E+00
         0.41096E+02          0.19531E+00
         0.41083E+02          0.19628E+00
         0.41069E+02          0.19660E+00
         0.41055E+02          0.19911E+00
         0.41042E+02          0.20196E+00
         0.41028E+02          0.20655E+00
         0.41015E+02          0.21621E+00
         0.41001E+02          0.25230E+00
         0.40987E+02          0.35447E+00
         0.40974E+02          0.16692E+00
         0.40960E+02          0.17690E+00
         0.40947E+02          0.18169E+00
         0.40933E+02          0.18441E+00
         0.40920E+02          0.18607E+00
         0.40906E+02          0.18696E+00
         0.40893E+02          0.18709E+00
         0.40879E+02          0.18622E+00
         0.40866E+02          0.18386E+00
         0.40852E+02          0.17926E+00
         0.40839E+02          0.17180E+00
         0.40826E+02          0.16244E+00
         0.40812E+02          0.15483E+00
         0.40799E+02          0.15249E+00
         0.40785E+02          0.15488E+00
         0.40772E+02          0.15931E+00
         0.40758E+02          0.16390E+00
         0.40745E+02          0.16795E+00
         0.40732E+02          0.17135E+00
         0.40718E+02          0.17418E+00
         0.40705E+02          0.17654E+00
         0.40692E+02          0.17856E+00
         0.40678E+02          0.18030E+00
         0.40665E+02          0.18184E+00
         0.40652E+02          0.18322E+00
         0.40638E+02          0.18449E+00
         0.40625E+02          0.18567E+00
         0.40612E+02          0.18680E+00
         0.40598E+02          0.18788E+00
         0.40585E+02          0.18894E+00
         0.40572E+02          0.18999E+00
         0.40558E+02          0.19105E+00
         0.40545E+02          0.19214E+00
         0.40532E+02          0.19327E+00
         0.40519E+02          0.19448E+00
         0.40505E+02          0.19570E+00
         0.40492E+02          0.19704E+00
         0.40479E+02          0.19851E+00
         0.40466E+02          0.20012E+00
         0.40453E+02          0.20189E+00
         0.40439E+02          0.20380E+00
         0.40426E+02          0.20572E+00
         0.40413E+02          0.20723E+00
         0.40400E+02          0.20708E+00
         0.40387E+02          0.20225E+00
         0.40374E+02          0.18851E+00
         0.40360E+02          0.16007E+00
         0.40347E+02          0.18563E+00
         0.40334E+02          0.23850E+00
         0.40321E+02          0.14611E+00
         0.40308E+02          0.16865E+00
         0.40295E+02          0.17702E+00
         0.40282E+02          0.18241E+00
         0.40269E+02          0.18670E+00
         0.40256E+02          0.19046E+00
         0.40242E+02          0.19384E+00
         0.40229E+02          0.19672E+00
         0.40216E+02          0.19871E+00
         0.40203E+02          0.19956E+00
         0.40190E+02          0.19974E+00
         0.40177E+02          0.20004E+00
         0.40164E+02          0.20086E+00
         0.40151E+02          0.20219E+00
         0.40138E+02          0.20385E+00
         0.40125E+02          0.20567E+00
         0.40112E+02          0.20759E+00
         0.40099E+02          0.20892E+00
         0.40086E+02          0.21020E+00
         0.40073E+02          0.21118E+00
         0.40060E+02          0.21208E+00
         0.40047E+02          0.21352E+00
         0.40035E+02          0.21760E+00
         0.40022E+02          0.23693E+00
         0.40009E+02          0.16173E+00
         0.39996E+02          0.18658E+00
         0.39983E+02          0.19086E+00
         0.39970E+02          0.19222E+00
         0.39957E+02          0.19276E+00
         0.39944E+02          0.19304E+00
         0.39931E+02          0.19329E+00
         0.39919E+02          0.19362E+00
         0.39906E+02          0.19410E+00
         0.39893E+02          0.19471E+00
         0.39880E+02          0.19585E+00
         0.39867E+02          0.19781E+00
         0.39854E+02          0.20254E+00
         0.39842E+02          0.20619E+00
         0.39829E+02          0.17841E+00
         0.39816E+02          0.18766E+00
         0.39803E+02          0.19077E+00
         0.39790E+02          0.19275E+00
         0.39778E+02          0.19447E+00
         0.39765E+02          0.19654E+00
         0.39752E+02          0.19917E+00
         0.39739E+02          0.20696E+00
         0.39727E+02          0.16552E+00
         0.39714E+02          0.19076E+00
         0.39701E+02          0.19508E+00
         0.39689E+02          0.19802E+00
         0.39676E+02          0.20174E+00
         0.39663E+02          0.21654E+00
         0.39650E+02          0.19011E+00
         0.39638E+02          0.19831E+00
         0.39625E+02          0.20315E+00
         0.39612E+02          0.21929E+00
         0.39600E+02          0.19675E+00
         0.39587E+02          0.20446E+00
         0.39575E+02          0.23488E+00
         0.39562E+02          0.20320E+00
         0.39549E+02          0.21890E+00
         0.39537E+02          0.20625E+00
         0.39524E+02          0.18640E+00
         0.39511E+02          0.22326E+00
         0.39499E+02          0.22065E+00
         0.39486E+02          0.31242E+00
         0.39474E+02          0.21502E+00
         0.39461E+02          0.22012E+00
         0.39449E+02          0.24778E+00
         0.39436E+02          0.21831E+00
         0.39424E+02          0.22160E+00
         0.39411E+02          0.22027E+00
         0.39398E+02          0.22181E+00
         0.39386E+02          0.22327E+00
         0.39373E+02          0.22460E+00
         0.39361E+02          0.22569E+00
         0.39348E+02          0.22641E+00
         0.39336E+02          0.22661E+00
         0.39323E+02          0.22608E+00
         0.39311E+02          0.22464E+00
         0.39299E+02          0.22211E+00
         0.39286E+02          0.21839E+00
         0.39274E+02          0.21351E+00
         0.39261E+02          0.20761E+00
         0.39249E+02          0.20095E+00
         0.39236E+02          0.19372E+00
         0.39224E+02          0.18585E+00
         0.39212E+02          0.17669E+00
         0.39199E+02          0.16562E+00
         0.39187E+02          0.15603E+00
         0.39174E+02          0.15341E+00
         0.39162E+02          0.15489E+00
         0.39150E+02          0.15668E+00
         0.39137E+02          0.15801E+00
         0.39125E+02          0.15902E+00
         0.39113E+02          0.15986E+00
         0.39100E+02          0.16064E+00
         0.39088E+02          0.16139E+00
         0.39076E+02          0.16214E+00
         0.39063E+02          0.16290E+00
         0.39051E+02          0.16365E+00
         0.39039E+02          0.16441E+00
         0.39026E+02          0.16516E+00
         0.39014E+02          0.16590E+00
         0.39002E+02          0.16663E+00
         0.38990E+02          0.16734E+00
         0.38977E+02          0.16805E+00
         0.38965E+02          0.16874E+00
         0.38953E+02          0.16941E+00
         0.38941E+02          0.17007E+00
         0.38928E+02          0.17072E+00
         0.38916E+02          0.17136E+00
         0.38904E+02          0.17198E+00
         0.38892E+02          0.17260E+00
         0.38880E+02          0.17320E+00
         0.38867E+02          0.17380E+00
         0.38855E+02          0.17439E+00
         0.38843E+02          0.17497E+00
         0.38831E+02          0.17556E+00
         0.38819E+02          0.17614E+00
         0.38807E+02          0.17673E+00
         0.38794E+02          0.17732E+00
         0.38782E+02          0.17792E+00
         0.38770E+02          0.17853E+00
         0.38758E+02          0.17916E+00
         0.38746E+02          0.17976E+00
         0.38734E+02          0.18046E+00
         0.38722E+02          0.18117E+00
         0.38710E+02          0.18192E+00
         0.38698E+02          0.18273E+00
         0.38685E+02          0.18362E+00
         0.38673E+02          0.18460E+00
         0.38661E+02          0.18570E+00
         0.38649E+02          0.18695E+00
         0.38637E+02          0.18833E+00
         0.38625E+02          0.18963E+00
         0.38613E+02          0.18968E+00
         0.38601E+02          0.18268E+00
         0.38589E+02          0.15811E+00
         0.38577E+02          0.16525E+00
         0.38565E+02          0.17222E+00
         0.38553E+02          0.17842E+00
         0.38541E+02          0.18425E+00
         0.38529E+02          0.19040E+00
         0.38517E+02          0.19720E+00
         0.38505E+02          0.20241E+00
         0.38493E+02          0.20205E+00
         0.38481E+02          0.19649E+00
         0.38469E+02          0.18921E+00
         0.38457E+02          0.18250E+00
         0.38446E+02          0.17774E+00
         0.38434E+02          0.17512E+00
         0.38422E+02          0.17384E+00
         0.38410E+02          0.17309E+00
         0.38398E+02          0.17274E+00
         0.38386E+02          0.17535E+00
         0.38374E+02          0.16693E+00
         0.38362E+02          0.16632E+00
         0.38350E+02          0.16739E+00
         0.38339E+02          0.16863E+00
         0.38327E+02          0.16992E+00
         0.38315E+02          0.17107E+00
         0.38303E+02          0.17206E+00
         0.38291E+02          0.17745E+00
         0.38279E+02          0.18495E+00
         0.38268E+02          0.17971E+00
         0.38256E+02          0.17929E+00
         0.38244E+02          0.18002E+00
         0.38232E+02          0.17972E+00
         0.38220E+02          0.18030E+00
         0.38209E+02          0.18085E+00
         0.38197E+02          0.18146E+00
         0.38185E+02          0.18212E+00
         0.38173E+02          0.18206E+00
         0.38162E+02          0.18275E+00
         0.38150E+02          0.18351E+00
         0.38138E+02          0.18574E+00
         0.38126E+02          0.18446E+00
         0.38115E+02          0.19027E+00
         0.38103E+02          0.18213E+00
         0.38091E+02          0.18276E+00
         0.38080E+02          0.18192E+00
         0.38068E+02          0.18231E+00
         0.38056E+02          0.18443E+00
         0.38044E+02          0.19006E+00
         0.38033E+02          0.17235E+00
         0.38021E+02          0.18944E+00
         0.38009E+02          0.19254E+00
         0.37998E+02          0.19596E+00
         0.37986E+02          0.20305E+00
         0.37975E+02          0.22842E+00
         0.37963E+02          0.15276E+00
         0.37951E+02          0.17999E+00
         0.37940E+02          0.19123E+00
         0.37928E+02          0.19596E+00
         0.37916E+02          0.19105E+00
         0.37905E+02          0.17479E+00
         0.37893E+02          0.18608E+00
         0.37882E+02          0.20335E+00
         0.37870E+02          0.19980E+00
         0.37859E+02          0.19735E+00
         0.37847E+02          0.19233E+00
         0.37835E+02          0.18979E+00
         0.37824E+02          0.18949E+00
         0.37812E+02          0.19025E+00
         0.37801E+02          0.18919E+00
         0.37789E+02          0.18964E+00
         0.37778E+02          0.19014E+00
         0.37766E+02          0.19040E+00
         0.37755E+02          0.24347E+00
         0.37743E+02          0.19066E+00
         0.37732E+02          0.19126E+00
         0.37720E+02          0.19217E+00
         0.37709E+02          0.19364E+00
         0.37697E+02          0.19631E+00
         0.37686E+02          0.20876E+00
         0.37675E+02          0.17377E+00
         0.37663E+02          0.20587E+00
         0.37652E+02          0.19369E+00
         0.37640E+02          0.19018E+00
         0.37629E+02          0.18968E+00
         0.37617E+02          0.18972E+00
         0.37606E+02          0.18991E+00
         0.37595E+02          0.19041E+00
         0.37583E+02          0.19226E+00
         0.37572E+02          0.19207E+00
         0.37560E+02          0.19156E+00
         0.37549E+02          0.19446E+00
         0.37538E+02          0.19726E+00
         0.37526E+02          0.20557E+00
         0.37515E+02          0.18806E+00
         0.37504E+02          0.19652E+00
         0.37492E+02          0.19266E+00
         0.37481E+02          0.19313E+00
         0.37470E+02          0.19403E+00
         0.37458E+02          0.19536E+00
         0.37447E+02          0.19441E+00
         0.37436E+02          0.19828E+00
         0.37424E+02          0.21206E+00
         0.37413E+02          0.20412E+00
         0.37402E+02          0.19461E+00
         0.37390E+02          0.19631E+00
         0.37379E+02          0.20003E+00
         0.37368E+02          0.20107E+00
         0.37357E+02          0.25203E+00
         0.37345E+02          0.19714E+00
         0.37334E+02          0.20252E+00
         0.37323E+02          0.20345E+00
         0.37312E+02          0.27293E+00
         0.37300E+02          0.21182E+00
         0.37289E+02          0.21541E+00
         0.37278E+02          0.24116E+00
         0.37267E+02          0.31582E+00
         0.37256E+02          0.26678E+00
         0.37244E+02          0.21554E+00
         0.37233E+02          0.20182E+00
         0.37222E+02          0.17319E+00
         0.37211E+02          0.23219E+00
         0.37200E+02          0.19274E+00
         0.37189E+02          0.19624E+00
         0.37177E+02          0.17756E+00
         0.37166E+02          0.22666E+00
         0.37155E+02          0.20374E+00
         0.37144E+02          0.19255E+00
         0.37133E+02          0.18452E+00
         0.37122E+02          0.17835E+00
         0.37111E+02          0.16817E+00
         0.37100E+02          0.18205E+00
         0.37088E+02          0.36036E+00
         0.37077E+02          0.34199E+00
         0.37066E+02          0.30665E+00
         0.37055E+02          0.27146E+00
         0.37044E+02          0.23383E+00
         0.37033E+02          0.20768E+00
         0.37022E+02          0.19438E+00
         0.37011E+02          0.18661E+00
         0.37000E+02          0.18315E+00
         0.36989E+02          0.18295E+00
         0.36978E+02          0.18354E+00
         0.36967E+02          0.18416E+00
         0.36956E+02          0.18458E+00
         0.36945E+02          0.18443E+00
         0.36934E+02          0.18257E+00
         0.36923E+02          0.17605E+00
         0.36912E+02          0.17228E+00
         0.36901E+02          0.17737E+00
         0.36890E+02          0.18078E+00
         0.36879E+02          0.17011E+00
         0.36868E+02          0.17745E+00
         0.36857E+02          0.17711E+00
         0.36846E+02          0.17193E+00
         0.36835E+02          0.21799E+00
         0.36824E+02          0.19967E+00
         0.36813E+02          0.19222E+00
         0.36802E+02          0.19048E+00
         0.36791E+02          0.18962E+00
         0.36780E+02          0.18909E+00
         0.36769E+02          0.18872E+00
         0.36759E+02          0.18846E+00
         0.36748E+02          0.18827E+00
         0.36737E+02          0.18815E+00
         0.36726E+02          0.18811E+00
         0.36715E+02          0.18816E+00
         0.36704E+02          0.18835E+00
         0.36693E+02          0.18895E+00
         0.36682E+02          0.18404E+00
         0.36672E+02          0.18614E+00
         0.36661E+02          0.21046E+00
         0.36650E+02          0.19472E+00
         0.36639E+02          0.19254E+00
         0.36628E+02          0.19246E+00
         0.36617E+02          0.19275E+00
         0.36607E+02          0.19315E+00
         0.36596E+02          0.19359E+00
         0.36585E+02          0.19409E+00
         0.36574E+02          0.19561E+00
         0.36563E+02          0.19160E+00
         0.36553E+02          0.21254E+00
         0.36542E+02          0.19387E+00
         0.36531E+02          0.19327E+00
         0.36520E+02          0.19246E+00
         0.36510E+02          0.19140E+00
         0.36499E+02          0.19255E+00
         0.36488E+02          0.19487E+00
         0.36477E+02          0.23141E+00
         0.36467E+02          0.22705E+00
         0.36456E+02          0.20850E+00
         0.36445E+02          0.19554E+00
         0.36435E+02          0.19171E+00
         0.36424E+02          0.18183E+00
         0.36413E+02          0.16750E+00
         0.36402E+02          0.19062E+00
         0.36392E+02          0.16635E+00
         0.36381E+02          0.36410E+00
         0.36370E+02          0.22754E+00
         0.36360E+02          0.22749E+00
         0.36349E+02          0.24065E+00
         0.36338E+02          0.22828E+00
         0.36328E+02          0.22383E+00
         0.36317E+02          0.20750E+00
         0.36307E+02          0.19912E+00
         0.36296E+02          0.20190E+00
         0.36285E+02          0.20369E+00
         0.36275E+02          0.20444E+00
         0.36264E+02          0.20467E+00
         0.36253E+02          0.20447E+00
         0.36243E+02          0.18633E+00
         0.36232E+02          0.21582E+00
         0.36222E+02          0.21475E+00
         0.36211E+02          0.21481E+00
         0.36200E+02          0.21605E+00
         0.36190E+02          0.21139E+00
         0.36179E+02          0.21234E+00
         0.36169E+02          0.21260E+00
         0.36158E+02          0.21290E+00
         0.36148E+02          0.21358E+00
         0.36137E+02          0.21601E+00
         0.36127E+02          0.23919E+00
         0.36116E+02          0.20337E+00
         0.36106E+02          0.20347E+00
         0.36095E+02          0.19816E+00
         0.36085E+02          0.16280E+00
         0.36074E+02          0.22274E+00
         0.36064E+02          0.19709E+00
         0.36053E+02          0.20365E+00
         0.36043E+02          0.20359E+00
         0.36032E+02          0.20598E+00
         0.36022E+02          0.20927E+00
         0.36011E+02          0.21170E+00
         0.36001E+02          0.21297E+00
         0.35990E+02          0.21388E+00
         0.35980E+02          0.21315E+00
         0.35969E+02          0.20444E+00
         0.35959E+02          0.21134E+00
         0.35949E+02          0.21600E+00
         0.35938E+02          0.21885E+00
         0.35928E+02          0.20144E+00
         0.35917E+02          0.15902E+00
         0.35907E+02          0.18536E+00
         0.35897E+02          0.21344E+00
         0.35886E+02          0.19779E+00
         0.35876E+02          0.21079E+00
         0.35865E+02          0.21257E+00
         0.35855E+02          0.21351E+00
         0.35845E+02          0.21482E+00
         0.35834E+02          0.22299E+00
         0.35824E+02          0.19777E+00
         0.35814E+02          0.28601E+00
         0.35803E+02          0.21192E+00
         0.35793E+02          0.21111E+00
         0.35783E+02          0.21203E+00
         0.35772E+02          0.21363E+00
         0.35762E+02          0.21842E+00
         0.35752E+02          0.18469E+00
         0.35741E+02          0.20945E+00
         0.35731E+02          0.21470E+00
         0.35721E+02          0.21444E+00
         0.35710E+02          0.20359E+00
         0.35700E+02          0.20960E+00
         0.35690E+02          0.20879E+00
         0.35680E+02          0.22462E+00
         0.35669E+02          0.21142E+00
         0.35659E+02          0.21467E+00
         0.35649E+02          0.29010E+00
         0.35639E+02          0.21606E+00
         0.35628E+02          0.21449E+00
         0.35618E+02          0.20270E+00
         0.35608E+02          0.25900E+00
         0.35598E+02          0.20198E+00
         0.35587E+02          0.21598E+00
         0.35577E+02          0.21606E+00
         0.35567E+02          0.26355E+00
         0.35557E+02          0.16729E+00
         0.35547E+02          0.25429E+00
         0.35536E+02          0.23887E+00
         0.35526E+02          0.20609E+00
         0.35516E+02          0.20645E+00
         0.35506E+02          0.20557E+00
         0.35496E+02          0.20692E+00
         0.35486E+02          0.20801E+00
         0.35475E+02          0.20825E+00
         0.35465E+02          0.21766E+00
         0.35455E+02          0.20946E+00
         0.35445E+02          0.21193E+00
         0.35435E+02          0.22064E+00
         0.35425E+02          0.20417E+00
         0.35415E+02          0.20252E+00
         0.35405E+02          0.20395E+00
         0.35394E+02          0.20471E+00
         0.35384E+02          0.20527E+00
         0.35374E+02          0.20540E+00
         0.35364E+02          0.20578E+00
         0.35354E+02          0.20564E+00
         0.35344E+02          0.20579E+00
         0.35334E+02          0.20636E+00
         0.35324E+02          0.20644E+00
         0.35314E+02          0.20659E+00
         0.35304E+02          0.20672E+00
         0.35294E+02          0.20686E+00
         0.35284E+02          0.20705E+00
         0.35274E+02          0.20738E+00
         0.35264E+02          0.20659E+00
         0.35254E+02          0.20676E+00
         0.35243E+02          0.20704E+00
         0.35233E+02          0.20728E+00
         0.35223E+02          0.20758E+00
         0.35213E+02          0.20819E+00
         0.35203E+02          0.20854E+00
         0.35193E+02          0.20716E+00
         0.35183E+02          0.20748E+00
         0.35174E+02          0.20961E+00
         0.35164E+02          0.21022E+00
         0.35154E+02          0.21474E+00
         0.35144E+02          0.19876E+00
         0.35134E+02          0.20274E+00
         0.35124E+02          0.20433E+00
         0.35114E+02          0.20508E+00
         0.35104E+02          0.20621E+00
         0.35094E+02          0.20654E+00
         0.35084E+02          0.20673E+00
         0.35074E+02          0.20690E+00
         0.35064E+02          0.20712E+00
         0.35054E+02          0.20738E+00
         0.35044E+02          0.20891E+00
         0.35034E+02          0.20745E+00
         0.35024E+02          0.20800E+00
         0.35015E+02          0.20688E+00
         0.35005E+02          0.21098E+00
         0.34995E+02          0.22448E+00
         0.34985E+02          0.19995E+00
         0.34975E+02          0.20353E+00
         0.34965E+02          0.21014E+00
         0.34955E+02          0.20775E+00
         0.34945E+02          0.20568E+00
         0.34936E+02          0.20754E+00
         0.34926E+02          0.20797E+00
         0.34916E+02          0.21491E+00
         0.34906E+02          0.21077E+00
         0.34896E+02          0.18888E+00
         0.34886E+02          0.20150E+00
         0.34877E+02          0.20217E+00
         0.34867E+02          0.20134E+00
         0.34857E+02          0.19877E+00
         0.34847E+02          0.19076E+00
         0.34837E+02          0.19446E+00
         0.34828E+02          0.19322E+00
         0.34818E+02          0.19511E+00
         0.34808E+02          0.19744E+00
         0.34798E+02          0.20086E+00
         0.34789E+02          0.19687E+00
         0.34779E+02          0.20354E+00
         0.34769E+02          0.20369E+00
         0.34759E+02          0.20350E+00
         0.34750E+02          0.20572E+00
         0.34740E+02          0.20706E+00
         0.34730E+02          0.20620E+00
         0.34720E+02          0.20564E+00
         0.34711E+02          0.20755E+00
         0.34701E+02          0.20569E+00
         0.34691E+02          0.20790E+00
         0.34682E+02          0.20622E+00
         0.34672E+02          0.20602E+00
         0.34662E+02          0.20406E+00
         0.34652E+02          0.21089E+00
         0.34643E+02          0.21818E+00
         0.34633E+02          0.20412E+00
         0.34623E+02          0.20669E+00
         0.34614E+02          0.20667E+00
         0.34604E+02          0.20666E+00
         0.34594E+02          0.20669E+00
         0.34585E+02          0.20722E+00
         0.34575E+02          0.20621E+00
         0.34566E+02          0.20626E+00
         0.34556E+02          0.20621E+00
         0.34546E+02          0.20613E+00
         0.34537E+02          0.20601E+00
         0.34527E+02          0.20589E+00
         0.34517E+02          0.20575E+00
         0.34508E+02          0.20581E+00
         0.34498E+02          0.20759E+00
         0.34489E+02          0.20731E+00
         0.34479E+02          0.20624E+00
         0.34469E+02          0.20563E+00
         0.34460E+02          0.21032E+00
         0.34450E+02          0.20983E+00
         0.34441E+02          0.20463E+00
         0.34431E+02          0.20601E+00
         0.34422E+02          0.20589E+00
         0.34412E+02          0.20530E+00
         0.34402E+02          0.20579E+00
         0.34393E+02          0.20582E+00
         0.34383E+02          0.20570E+00
         0.34374E+02          0.20555E+00
         0.34364E+02          0.20546E+00
         0.34355E+02          0.20476E+00
         0.34345E+02          0.20459E+00
         0.34336E+02          0.20425E+00
         0.34326E+02          0.20283E+00
         0.34317E+02          0.20147E+00
         0.34307E+02          0.19874E+00
         0.34298E+02          0.19316E+00
         0.34288E+02          0.19298E+00
         0.34279E+02          0.19478E+00
         0.34269E+02          0.19984E+00
         0.34260E+02          0.20221E+00
         0.34250E+02          0.20321E+00
         0.34241E+02          0.20354E+00
         0.34232E+02          0.20334E+00
         0.34222E+02          0.20790E+00
         0.34213E+02          0.20296E+00
         0.34203E+02          0.20516E+00
         0.34194E+02          0.20674E+00
         0.34184E+02          0.20559E+00
         0.34175E+02          0.20519E+00
         0.34165E+02          0.20499E+00
         0.34156E+02          0.20474E+00
         0.34147E+02          0.20460E+00
         0.34137E+02          0.20452E+00
         0.34128E+02          0.20409E+00
         0.34118E+02          0.20392E+00
         0.34109E+02          0.20341E+00
         0.34100E+02          0.20148E+00
         0.34090E+02          0.20656E+00
         0.34081E+02          0.20358E+00
         0.34072E+02          0.20342E+00
         0.34062E+02          0.20263E+00
         0.34053E+02          0.20081E+00
         0.34044E+02          0.19721E+00
         0.34034E+02          0.19048E+00
         0.34025E+02          0.19946E+00
         0.34016E+02          0.20218E+00
         0.34006E+02          0.20325E+00
