         0.74828E+02          0.76742E+01
         0.74783E+02          0.76679E+01
         0.74738E+02          0.76617E+01
         0.74693E+02          0.76556E+01
         0.74648E+02          0.76496E+01
         0.74603E+02          0.76438E+01
         0.74558E+02          0.76381E+01
         0.74513E+02          0.76326E+01
         0.74468E+02          0.76272E+01
         0.74424E+02          0.76220E+01
         0.74379E+02          0.76170E+01
         0.74334E+02          0.76122E+01
         0.74290E+02          0.76076E+01
         0.74245E+02          0.76032E+01
         0.74201E+02          0.75990E+01
         0.74157E+02          0.75952E+01
         0.74112E+02          0.75916E+01
         0.74068E+02          0.75884E+01
         0.74024E+02          0.75855E+01
         0.73980E+02          0.75830E+01
         0.73936E+02          0.75809E+01
         0.73891E+02          0.75794E+01
         0.73847E+02          0.75784E+01
         0.73803E+02          0.75781E+01
         0.73760E+02          0.75785E+01
         0.73716E+02          0.75797E+01
         0.73672E+02          0.75820E+01
         0.73628E+02          0.75854E+01
         0.73584E+02          0.75902E+01
         0.73541E+02          0.75966E+01
         0.73497E+02          0.76050E+01
         0.73454E+02          0.76158E+01
         0.73410E+02          0.76296E+01
         0.73367E+02          0.76470E+01
         0.73323E+02          0.76689E+01
         0.73280E+02          0.76965E+01
         0.73237E+02          0.77311E+01
         0.73194E+02          0.77740E+01
         0.73150E+02          0.78259E+01
         0.73107E+02          0.78851E+01
         0.73064E+02          0.79425E+01
         0.73021E+02          0.79741E+01
         0.72978E+02          0.79368E+01
         0.72935E+02          0.77983E+01
         0.72892E+02          0.75934E+01
         0.72849E+02          0.74026E+01
         0.72807E+02          0.72696E+01
         0.72764E+02          0.71908E+01
         0.72721E+02          0.71478E+01
         0.72679E+02          0.71256E+01
         0.72636E+02          0.71148E+01
         0.72594E+02          0.71100E+01
         0.72551E+02          0.71082E+01
         0.72509E+02          0.71080E+01
         0.72466E+02          0.71084E+01
         0.72424E+02          0.71090E+01
         0.72382E+02          0.71095E+01
         0.72339E+02          0.71098E+01
         0.72297E+02          0.71097E+01
         0.72255E+02          0.71094E+01
         0.72213E+02          0.71088E+01
         0.72171E+02          0.71079E+01
         0.72129E+02          0.71067E+01
         0.72087E+02          0.71052E+01
         0.72045E+02          0.71036E+01
         0.72003E+02          0.71017E+01
         0.71962E+02          0.70996E+01
         0.71920E+02          0.70973E+01
         0.71878E+02          0.70950E+01
         0.71836E+02          0.70924E+01
         0.71795E+02          0.70898E+01
         0.71753E+02          0.70870E+01
         0.71712E+02          0.70841E+01
         0.71670E+02          0.70812E+01
         0.71629E+02          0.70782E+01
         0.71588E+02          0.70751E+01
         0.71546E+02          0.70720E+01
         0.71505E+02          0.70688E+01
         0.71464E+02          0.70655E+01
         0.71423E+02          0.70623E+01
         0.71381E+02          0.70590E+01
         0.71340E+02          0.70557E+01
         0.71299E+02          0.70523E+01
         0.71258E+02          0.70490E+01
         0.71217E+02          0.70457E+01
         0.71177E+02          0.70423E+01
         0.71136E+02          0.70390E+01
         0.71095E+02          0.70357E+01
         0.71054E+02          0.70324E+01
         0.71014E+02          0.70291E+01
         0.70973E+02          0.70258E+01
         0.70932E+02          0.70226E+01
         0.70892E+02          0.70194E+01
         0.70851E+02          0.70163E+01
         0.70811E+02          0.70133E+01
         0.70770E+02          0.70103E+01
         0.70730E+02          0.70074E+01
         0.70690E+02          0.70046E+01
         0.70649E+02          0.70019E+01
         0.70609E+02          0.69994E+01
         0.70569E+02          0.69970E+01
         0.70529E+02          0.69948E+01
         0.70489E+02          0.69928E+01
         0.70449E+02          0.69910E+01
         0.70409E+02          0.69896E+01
         0.70369E+02          0.69886E+01
         0.70329E+02          0.69880E+01
         0.70289E+02          0.69881E+01
         0.70249E+02          0.69890E+01
         0.70209E+02          0.69908E+01
         0.70170E+02          0.69941E+01
         0.70130E+02          0.69992E+01
         0.70090E+02          0.70068E+01
         0.70051E+02          0.70173E+01
         0.70011E+02          0.70292E+01
         0.69972E+02          0.70283E+01
         0.69932E+02          0.69479E+01
         0.69893E+02          0.67625E+01
         0.69853E+02          0.67136E+01
         0.69814E+02          0.67431E+01
         0.69775E+02          0.67722E+01
         0.69735E+02          0.67922E+01
         0.69696E+02          0.68054E+01
         0.69657E+02          0.68141E+01
         0.69618E+02          0.68198E+01
         0.69579E+02          0.68234E+01
         0.69540E+02          0.68257E+01
         0.69501E+02          0.68269E+01
         0.69462E+02          0.68273E+01
         0.69423E+02          0.68271E+01
         0.69384E+02          0.68265E+01
         0.69345E+02          0.68255E+01
         0.69307E+02          0.68242E+01
         0.69268E+02          0.68227E+01
         0.69229E+02          0.68210E+01
         0.69191E+02          0.68192E+01
         0.69152E+02          0.68172E+01
         0.69113E+02          0.68151E+01
         0.69075E+02          0.68129E+01
         0.69036E+02          0.68106E+01
         0.68998E+02          0.68083E+01
         0.68960E+02          0.68059E+01
         0.68921E+02          0.68035E+01
         0.68883E+02          0.68011E+01
         0.68845E+02          0.67986E+01
         0.68807E+02          0.67961E+01
         0.68768E+02          0.67936E+01
         0.68730E+02          0.67910E+01
         0.68692E+02          0.67885E+01
         0.68654E+02          0.67859E+01
         0.68616E+02          0.67834E+01
         0.68578E+02          0.67808E+01
         0.68540E+02          0.67782E+01
         0.68502E+02          0.67756E+01
         0.68465E+02          0.67731E+01
         0.68427E+02          0.67705E+01
         0.68389E+02          0.67680E+01
         0.68351E+02          0.67654E+01
         0.68314E+02          0.67629E+01
         0.68276E+02          0.67603E+01
         0.68239E+02          0.67578E+01
         0.68201E+02          0.67553E+01
         0.68163E+02          0.67528E+01
         0.68126E+02          0.67503E+01
         0.68089E+02          0.67478E+01
         0.68051E+02          0.67453E+01
         0.68014E+02          0.67428E+01
         0.67977E+02          0.67404E+01
         0.67939E+02          0.67380E+01
         0.67902E+02          0.67356E+01
         0.67865E+02          0.67331E+01
         0.67828E+02          0.67308E+01
         0.67791E+02          0.67284E+01
         0.67754E+02          0.67260E+01
         0.67717E+02          0.67237E+01
         0.67680E+02          0.67214E+01
         0.67643E+02          0.67191E+01
         0.67606E+02          0.67168E+01
         0.67569E+02          0.67145E+01
         0.67532E+02          0.67122E+01
         0.67496E+02          0.67100E+01
         0.67459E+02          0.67077E+01
         0.67422E+02          0.67055E+01
         0.67385E+02          0.67033E+01
         0.67349E+02          0.67012E+01
         0.67312E+02          0.66990E+01
         0.67276E+02          0.66969E+01
         0.67239E+02          0.66947E+01
         0.67203E+02          0.66926E+01
         0.67166E+02          0.66905E+01
         0.67130E+02          0.66885E+01
         0.67094E+02          0.66864E+01
         0.67057E+02          0.66844E+01
         0.67021E+02          0.66823E+01
         0.66985E+02          0.66803E+01
         0.66949E+02          0.66783E+01
         0.66913E+02          0.66764E+01
         0.66877E+02          0.66744E+01
         0.66841E+02          0.66725E+01
         0.66805E+02          0.66706E+01
         0.66769E+02          0.66687E+01
         0.66733E+02          0.66668E+01
         0.66697E+02          0.66649E+01
         0.66661E+02          0.66631E+01
         0.66625E+02          0.66612E+01
         0.66589E+02          0.66594E+01
         0.66554E+02          0.66576E+01
         0.66518E+02          0.66558E+01
         0.66482E+02          0.66540E+01
         0.66447E+02          0.66523E+01
         0.66411E+02          0.66506E+01
         0.66375E+02          0.66488E+01
         0.66340E+02          0.66471E+01
         0.66304E+02          0.66454E+01
         0.66269E+02          0.66438E+01
         0.66234E+02          0.66421E+01
         0.66198E+02          0.66405E+01
         0.66163E+02          0.66388E+01
         0.66128E+02          0.66372E+01
         0.66092E+02          0.66356E+01
         0.66057E+02          0.66340E+01
         0.66022E+02          0.66325E+01
         0.65987E+02          0.66309E+01
         0.65952E+02          0.66294E+01
         0.65917E+02          0.66279E+01
         0.65882E+02          0.66263E+01
         0.65847E+02          0.66248E+01
         0.65812E+02          0.66234E+01
         0.65777E+02          0.66219E+01
         0.65742E+02          0.66204E+01
         0.65707E+02          0.66190E+01
         0.65672E+02          0.66175E+01
         0.65637E+02          0.66161E+01
         0.65603E+02          0.66147E+01
         0.65568E+02          0.66133E+01
         0.65533E+02          0.66119E+01
         0.65499E+02          0.66105E+01
         0.65464E+02          0.66091E+01
         0.65430E+02          0.66077E+01
         0.65395E+02          0.66063E+01
         0.65361E+02          0.66049E+01
         0.65326E+02          0.66035E+01
         0.65292E+02          0.66021E+01
         0.65257E+02          0.66007E+01
         0.65223E+02          0.65993E+01
         0.65189E+02          0.65979E+01
         0.65155E+02          0.65965E+01
         0.65120E+02          0.65950E+01
         0.65086E+02          0.65935E+01
         0.65052E+02          0.65920E+01
         0.65018E+02          0.65904E+01
         0.64984E+02          0.65887E+01
         0.64950E+02          0.65870E+01
         0.64916E+02          0.65851E+01
         0.64882E+02          0.65831E+01
         0.64848E+02          0.65809E+01
         0.64814E+02          0.65785E+01
         0.64780E+02          0.65758E+01
         0.64746E+02          0.65727E+01
         0.64712E+02          0.65691E+01
         0.64679E+02          0.65647E+01
         0.64645E+02          0.65593E+01
         0.64611E+02          0.65524E+01
         0.64578E+02          0.65435E+01
         0.64544E+02          0.65314E+01
         0.64510E+02          0.65144E+01
         0.64477E+02          0.64895E+01
         0.64443E+02          0.64509E+01
         0.64410E+02          0.63882E+01
         0.64376E+02          0.62805E+01
         0.64343E+02          0.60933E+01
         0.64310E+02          0.58093E+01
         0.64276E+02          0.55929E+01
         0.64243E+02          0.57076E+01
         0.64210E+02          0.59701E+01
         0.64177E+02          0.61689E+01
         0.64143E+02          0.62912E+01
         0.64110E+02          0.63657E+01
         0.64077E+02          0.64130E+01
         0.64044E+02          0.64443E+01
         0.64011E+02          0.64658E+01
         0.63978E+02          0.64812E+01
         0.63945E+02          0.64925E+01
         0.63912E+02          0.65010E+01
         0.63879E+02          0.65075E+01
         0.63846E+02          0.65125E+01
         0.63813E+02          0.65164E+01
         0.63780E+02          0.65196E+01
         0.63748E+02          0.65220E+01
         0.63715E+02          0.65240E+01
         0.63682E+02          0.65256E+01
         0.63649E+02          0.65268E+01
         0.63617E+02          0.65278E+01
         0.63584E+02          0.65286E+01
         0.63552E+02          0.65292E+01
         0.63519E+02          0.65297E+01
         0.63486E+02          0.65300E+01
         0.63454E+02          0.65302E+01
         0.63421E+02          0.65303E+01
         0.63389E+02          0.65304E+01
         0.63357E+02          0.65303E+01
         0.63324E+02          0.65302E+01
         0.63292E+02          0.65301E+01
         0.63260E+02          0.65299E+01
         0.63227E+02          0.65297E+01
         0.63195E+02          0.65295E+01
         0.63163E+02          0.65292E+01
         0.63131E+02          0.65289E+01
         0.63099E+02          0.65285E+01
         0.63067E+02          0.65282E+01
         0.63035E+02          0.65278E+01
         0.63003E+02          0.65274E+01
         0.62971E+02          0.65270E+01
         0.62939E+02          0.65266E+01
         0.62907E+02          0.65261E+01
         0.62875E+02          0.65257E+01
         0.62843E+02          0.65252E+01
         0.62811E+02          0.65247E+01
         0.62779E+02          0.65243E+01
         0.62747E+02          0.65238E+01
         0.62716E+02          0.65233E+01
         0.62684E+02          0.65228E+01
         0.62652E+02          0.65223E+01
         0.62621E+02          0.65218E+01
         0.62589E+02          0.65213E+01
         0.62557E+02          0.65208E+01
         0.62526E+02          0.65203E+01
         0.62494E+02          0.65197E+01
         0.62463E+02          0.65192E+01
         0.62431E+02          0.65187E+01
         0.62400E+02          0.65182E+01
         0.62369E+02          0.65176E+01
         0.62337E+02          0.65171E+01
         0.62306E+02          0.65166E+01
         0.62275E+02          0.65160E+01
         0.62243E+02          0.65155E+01
         0.62212E+02          0.65149E+01
         0.62181E+02          0.65144E+01
         0.62150E+02          0.65139E+01
         0.62119E+02          0.65133E+01
         0.62088E+02          0.65128E+01
         0.62056E+02          0.65122E+01
         0.62025E+02          0.65117E+01
         0.61994E+02          0.65111E+01
         0.61963E+02          0.65105E+01
         0.61932E+02          0.65100E+01
         0.61902E+02          0.65094E+01
         0.61871E+02          0.65089E+01
         0.61840E+02          0.65083E+01
         0.61809E+02          0.65078E+01
         0.61778E+02          0.65072E+01
         0.61747E+02          0.65066E+01
         0.61717E+02          0.65061E+01
         0.61686E+02          0.65055E+01
         0.61655E+02          0.65050E+01
         0.61625E+02          0.65044E+01
         0.61594E+02          0.65038E+01
         0.61563E+02          0.65033E+01
         0.61533E+02          0.65027E+01
         0.61502E+02          0.65021E+01
         0.61472E+02          0.65015E+01
         0.61441E+02          0.65010E+01
         0.61411E+02          0.65004E+01
         0.61381E+02          0.64998E+01
         0.61350E+02          0.64993E+01
         0.61320E+02          0.64987E+01
         0.61290E+02          0.64981E+01
         0.61259E+02          0.64975E+01
         0.61229E+02          0.64970E+01
         0.61199E+02          0.64964E+01
         0.61169E+02          0.64958E+01
         0.61138E+02          0.64953E+01
         0.61108E+02          0.64947E+01
         0.61078E+02          0.64941E+01
         0.61048E+02          0.64935E+01
         0.61018E+02          0.64930E+01
         0.60988E+02          0.64924E+01
         0.60958E+02          0.64918E+01
         0.60928E+02          0.64912E+01
         0.60898E+02          0.64907E+01
         0.60868E+02          0.64901E+01
         0.60838E+02          0.64895E+01
         0.60809E+02          0.64889E+01
         0.60779E+02          0.64884E+01
         0.60749E+02          0.64878E+01
         0.60719E+02          0.64872E+01
         0.60690E+02          0.64867E+01
         0.60660E+02          0.64861E+01
         0.60630E+02          0.64855E+01
         0.60601E+02          0.64850E+01
         0.60571E+02          0.64844E+01
         0.60541E+02          0.64839E+01
         0.60512E+02          0.64833E+01
         0.60482E+02          0.64828E+01
         0.60453E+02          0.64822E+01
         0.60423E+02          0.64817E+01
         0.60394E+02          0.64812E+01
         0.60365E+02          0.64806E+01
         0.60335E+02          0.64801E+01
         0.60306E+02          0.64796E+01
         0.60276E+02          0.64791E+01
         0.60247E+02          0.64786E+01
         0.60218E+02          0.64782E+01
         0.60189E+02          0.64777E+01
         0.60159E+02          0.64772E+01
         0.60130E+02          0.64768E+01
         0.60101E+02          0.64764E+01
         0.60072E+02          0.64760E+01
         0.60043E+02          0.64756E+01
         0.60014E+02          0.64752E+01
         0.59985E+02          0.64749E+01
         0.59956E+02          0.64746E+01
         0.59927E+02          0.64743E+01
         0.59898E+02          0.64740E+01
         0.59869E+02          0.64738E+01
         0.59840E+02          0.64737E+01
         0.59811E+02          0.64736E+01
         0.59782E+02          0.64735E+01
         0.59754E+02          0.64736E+01
         0.59725E+02          0.64737E+01
         0.59696E+02          0.64739E+01
         0.59667E+02          0.64742E+01
         0.59639E+02          0.64747E+01
         0.59610E+02          0.64753E+01
         0.59581E+02          0.64761E+01
         0.59553E+02          0.64771E+01
         0.59524E+02          0.64784E+01
         0.59496E+02          0.64800E+01
         0.59467E+02          0.64821E+01
         0.59438E+02          0.64847E+01
         0.59410E+02          0.64880E+01
         0.59382E+02          0.64923E+01
         0.59353E+02          0.64977E+01
         0.59325E+02          0.65048E+01
         0.59296E+02          0.65140E+01
         0.59268E+02          0.65255E+01
         0.59240E+02          0.65390E+01
         0.59211E+02          0.65505E+01
         0.59183E+02          0.65477E+01
         0.59155E+02          0.65150E+01
         0.59127E+02          0.64641E+01
         0.59098E+02          0.64258E+01
         0.59070E+02          0.64070E+01
         0.59042E+02          0.63998E+01
         0.59014E+02          0.63978E+01
         0.58986E+02          0.63980E+01
         0.58958E+02          0.63990E+01
         0.58930E+02          0.64002E+01
         0.58902E+02          0.64013E+01
         0.58874E+02          0.64023E+01
         0.58846E+02          0.64031E+01
         0.58818E+02          0.64038E+01
         0.58790E+02          0.64043E+01
         0.58762E+02          0.64046E+01
         0.58735E+02          0.64049E+01
         0.58707E+02          0.64050E+01
         0.58679E+02          0.64050E+01
         0.58651E+02          0.64050E+01
         0.58623E+02          0.64048E+01
         0.58596E+02          0.64046E+01
         0.58568E+02          0.64043E+01
         0.58540E+02          0.64040E+01
         0.58513E+02          0.64037E+01
         0.58485E+02          0.64032E+01
         0.58458E+02          0.64028E+01
         0.58430E+02          0.64023E+01
         0.58403E+02          0.64018E+01
         0.58375E+02          0.64013E+01
         0.58348E+02          0.64007E+01
         0.58320E+02          0.64001E+01
         0.58293E+02          0.63995E+01
         0.58265E+02          0.63989E+01
         0.58238E+02          0.63982E+01
         0.58211E+02          0.63976E+01
         0.58183E+02          0.63969E+01
         0.58156E+02          0.63962E+01
         0.58129E+02          0.63955E+01
         0.58101E+02          0.63948E+01
         0.58074E+02          0.63940E+01
         0.58047E+02          0.63933E+01
         0.58020E+02          0.63926E+01
         0.57993E+02          0.63918E+01
         0.57966E+02          0.63911E+01
         0.57939E+02          0.63903E+01
         0.57911E+02          0.63896E+01
         0.57884E+02          0.63888E+01
         0.57857E+02          0.63880E+01
         0.57830E+02          0.63873E+01
         0.57804E+02          0.63865E+01
         0.57777E+02          0.63857E+01
         0.57750E+02          0.63850E+01
         0.57723E+02          0.63842E+01
         0.57696E+02          0.63835E+01
         0.57669E+02          0.63828E+01
         0.57642E+02          0.63820E+01
         0.57615E+02          0.63813E+01
         0.57589E+02          0.63806E+01
         0.57562E+02          0.63799E+01
         0.57535E+02          0.63793E+01
         0.57509E+02          0.63787E+01
         0.57482E+02          0.63781E+01
         0.57455E+02          0.63775E+01
         0.57429E+02          0.63770E+01
         0.57402E+02          0.63765E+01
         0.57376E+02          0.63761E+01
         0.57349E+02          0.63757E+01
         0.57322E+02          0.63755E+01
         0.57296E+02          0.63753E+01
         0.57269E+02          0.63753E+01
         0.57243E+02          0.63754E+01
         0.57217E+02          0.63756E+01
         0.57190E+02          0.63762E+01
         0.57164E+02          0.63769E+01
         0.57138E+02          0.63781E+01
         0.57111E+02          0.63797E+01
         0.57085E+02          0.63819E+01
         0.57059E+02          0.63850E+01
         0.57032E+02          0.63892E+01
         0.57006E+02          0.63950E+01
         0.56980E+02          0.64032E+01
         0.56954E+02          0.64151E+01
         0.56928E+02          0.64330E+01
         0.56902E+02          0.64614E+01
         0.56875E+02          0.65097E+01
         0.56849E+02          0.66014E+01
         0.56823E+02          0.68036E+01
         0.56797E+02          0.73350E+01
         0.56771E+02          0.82749E+01
         0.56745E+02          0.73751E+01
         0.56719E+02          0.66844E+01
         0.56693E+02          0.64627E+01
         0.56667E+02          0.63759E+01
         0.56642E+02          0.63325E+01
         0.56616E+02          0.63051E+01
         0.56590E+02          0.62827E+01
         0.56564E+02          0.62588E+01
         0.56538E+02          0.62259E+01
         0.56512E+02          0.61664E+01
         0.56487E+02          0.60109E+01
         0.56461E+02          0.53338E+01
         0.56435E+02          0.63369E+01
         0.56410E+02          0.64260E+01
         0.56384E+02          0.64064E+01
         0.56358E+02          0.63893E+01
         0.56333E+02          0.63770E+01
         0.56307E+02          0.63679E+01
         0.56282E+02          0.63609E+01
         0.56256E+02          0.63553E+01
         0.56231E+02          0.63507E+01
         0.56205E+02          0.63469E+01
         0.56180E+02          0.63436E+01
         0.56154E+02          0.63407E+01
         0.56129E+02          0.63382E+01
         0.56103E+02          0.63360E+01
         0.56078E+02          0.63340E+01
         0.56053E+02          0.63322E+01
         0.56027E+02          0.63306E+01
         0.56002E+02          0.63292E+01
         0.55977E+02          0.63280E+01
         0.55951E+02          0.63269E+01
         0.55926E+02          0.63260E+01
         0.55901E+02          0.63252E+01
         0.55876E+02          0.63245E+01
         0.55851E+02          0.63239E+01
         0.55825E+02          0.63230E+01
         0.55800E+02          0.63215E+01
         0.55775E+02          0.63186E+01
         0.55750E+02          0.63136E+01
         0.55725E+02          0.63070E+01
         0.55700E+02          0.63006E+01
         0.55675E+02          0.62958E+01
         0.55650E+02          0.62927E+01
         0.55625E+02          0.62907E+01
         0.55600E+02          0.62893E+01
         0.55575E+02          0.62882E+01
         0.55550E+02          0.62873E+01
         0.55525E+02          0.62863E+01
         0.55501E+02          0.62854E+01
         0.55476E+02          0.62845E+01
         0.55451E+02          0.62835E+01
         0.55426E+02          0.62825E+01
         0.55401E+02          0.62814E+01
         0.55377E+02          0.62803E+01
         0.55352E+02          0.62792E+01
         0.55327E+02          0.62781E+01
         0.55303E+02          0.62769E+01
         0.55278E+02          0.62757E+01
         0.55253E+02          0.62745E+01
         0.55229E+02          0.62732E+01
         0.55204E+02          0.62720E+01
         0.55179E+02          0.62707E+01
         0.55155E+02          0.62693E+01
         0.55130E+02          0.62680E+01
         0.55106E+02          0.62666E+01
         0.55081E+02          0.62652E+01
         0.55057E+02          0.62638E+01
         0.55033E+02          0.62624E+01
         0.55008E+02          0.62609E+01
         0.54984E+02          0.62594E+01
         0.54959E+02          0.62579E+01
         0.54935E+02          0.62563E+01
         0.54911E+02          0.62547E+01
         0.54886E+02          0.62530E+01
         0.54862E+02          0.62513E+01
         0.54838E+02          0.62495E+01
         0.54814E+02          0.62477E+01
         0.54789E+02          0.62459E+01
         0.54765E+02          0.62439E+01
         0.54741E+02          0.62419E+01
         0.54717E+02          0.62398E+01
         0.54693E+02          0.62376E+01
         0.54669E+02          0.62353E+01
         0.54644E+02          0.62329E+01
         0.54620E+02          0.62304E+01
         0.54596E+02          0.62277E+01
         0.54572E+02          0.62247E+01
         0.54548E+02          0.62216E+01
         0.54524E+02          0.62181E+01
         0.54500E+02          0.62143E+01
         0.54476E+02          0.62099E+01
         0.54452E+02          0.62047E+01
         0.54429E+02          0.61983E+01
         0.54405E+02          0.61890E+01
         0.54381E+02          0.61719E+01
         0.54357E+02          0.62419E+01
         0.54333E+02          0.62137E+01
         0.54309E+02          0.61953E+01
         0.54286E+02          0.61828E+01
         0.54262E+02          0.61708E+01
         0.54238E+02          0.61578E+01
         0.54214E+02          0.61424E+01
         0.54191E+02          0.61232E+01
         0.54167E+02          0.60979E+01
         0.54143E+02          0.60625E+01
         0.54120E+02          0.60088E+01
         0.54096E+02          0.59189E+01
         0.54072E+02          0.57171E+01
         0.54049E+02          0.52134E+01
         0.54025E+02          0.61633E+01
         0.54002E+02          0.66823E+01
         0.53978E+02          0.65705E+01
         0.53955E+02          0.65280E+01
         0.53931E+02          0.64442E+01
         0.53908E+02          0.63887E+01
         0.53884E+02          0.63642E+01
         0.53861E+02          0.63467E+01
         0.53838E+02          0.63329E+01
         0.53814E+02          0.63214E+01
         0.53791E+02          0.63221E+01
         0.53768E+02          0.63062E+01
         0.53744E+02          0.62992E+01
         0.53721E+02          0.62934E+01
         0.53698E+02          0.62886E+01
         0.53675E+02          0.62847E+01
         0.53651E+02          0.62834E+01
         0.53628E+02          0.62647E+01
         0.53605E+02          0.62701E+01
         0.53582E+02          0.62692E+01
         0.53559E+02          0.62684E+01
         0.53535E+02          0.62685E+01
         0.53512E+02          0.62702E+01
         0.53489E+02          0.62746E+01
         0.53466E+02          0.62838E+01
         0.53443E+02          0.63034E+01
         0.53420E+02          0.63496E+01
         0.53397E+02          0.64996E+01
         0.53374E+02          0.73720E+01
         0.53351E+02          0.61851E+01
         0.53328E+02          0.60949E+01
         0.53305E+02          0.60848E+01
         0.53282E+02          0.60407E+01
         0.53260E+02          0.58473E+01
         0.53237E+02          0.61498E+01
         0.53214E+02          0.61267E+01
         0.53191E+02          0.61126E+01
         0.53168E+02          0.60992E+01
         0.53145E+02          0.60844E+01
         0.53123E+02          0.60673E+01
         0.53100E+02          0.60472E+01
         0.53077E+02          0.60234E+01
         0.53054E+02          0.59950E+01
         0.53032E+02          0.59608E+01
         0.53009E+02          0.59194E+01
         0.52986E+02          0.58693E+01
         0.52964E+02          0.58087E+01
         0.52941E+02          0.57365E+01
         0.52919E+02          0.56536E+01
         0.52896E+02          0.55651E+01
         0.52873E+02          0.54845E+01
         0.52851E+02          0.54351E+01
         0.52828E+02          0.54423E+01
         0.52806E+02          0.55155E+01
         0.52783E+02          0.56367E+01
         0.52761E+02          0.57727E+01
         0.52738E+02          0.58971E+01
         0.52716E+02          0.59972E+01
         0.52694E+02          0.60633E+01
         0.52671E+02          0.61764E+01
         0.52649E+02          0.62051E+01
         0.52627E+02          0.62371E+01
         0.52604E+02          0.62635E+01
         0.52582E+02          0.62880E+01
         0.52560E+02          0.63005E+01
         0.52537E+02          0.63155E+01
         0.52515E+02          0.63274E+01
         0.52493E+02          0.63364E+01
         0.52471E+02          0.61400E+01
         0.52448E+02          0.63660E+01
         0.52426E+02          0.63508E+01
         0.52404E+02          0.63136E+01
         0.52382E+02          0.62151E+01
         0.52360E+02          0.60101E+01
         0.52338E+02          0.57757E+01
         0.52316E+02          0.57235E+01
         0.52294E+02          0.58145E+01
         0.52272E+02          0.59248E+01
         0.52249E+02          0.60260E+01
         0.52227E+02          0.61647E+01
         0.52205E+02          0.69352E+01
         0.52184E+02          0.59598E+01
         0.52162E+02          0.59150E+01
         0.52140E+02          0.61327E+01
         0.52118E+02          0.61348E+01
         0.52096E+02          0.61467E+01
         0.52074E+02          0.61584E+01
         0.52052E+02          0.61691E+01
         0.52030E+02          0.61788E+01
         0.52008E+02          0.61877E+01
         0.51987E+02          0.61957E+01
         0.51965E+02          0.62003E+01
         0.51943E+02          0.62361E+01
         0.51921E+02          0.62357E+01
         0.51900E+02          0.62462E+01
         0.51878E+02          0.62719E+01
         0.51856E+02          0.62907E+01
         0.51834E+02          0.64216E+01
         0.51813E+02          0.60112E+01
         0.51791E+02          0.56212E+01
         0.51770E+02          0.61286E+01
         0.51748E+02          0.62081E+01
         0.51726E+02          0.62996E+01
         0.51705E+02          0.61101E+01
         0.51683E+02          0.61998E+01
         0.51662E+02          0.67848E+01
         0.51640E+02          0.61570E+01
         0.51619E+02          0.64179E+01
         0.51597E+02          0.62556E+01
         0.51576E+02          0.62275E+01
         0.51554E+02          0.62474E+01
         0.51533E+02          0.62756E+01
         0.51511E+02          0.63293E+01
         0.51490E+02          0.60388E+01
         0.51469E+02          0.61784E+01
         0.51447E+02          0.62231E+01
         0.51426E+02          0.62353E+01
         0.51405E+02          0.62891E+01
         0.51383E+02          0.64026E+01
         0.51362E+02          0.62413E+01
         0.51341E+02          0.56782E+01
         0.51320E+02          0.61185E+01
         0.51298E+02          0.61283E+01
         0.51277E+02          0.62304E+01
         0.51256E+02          0.63040E+01
         0.51235E+02          0.64492E+01
         0.51214E+02          0.68495E+01
         0.51192E+02          0.71933E+01
         0.51171E+02          0.62126E+01
         0.51150E+02          0.61932E+01
         0.51129E+02          0.61141E+01
         0.51108E+02          0.61186E+01
         0.51087E+02          0.61146E+01
         0.51066E+02          0.62148E+01
         0.51045E+02          0.57225E+01
         0.51024E+02          0.61330E+01
         0.51003E+02          0.61478E+01
         0.50982E+02          0.60816E+01
         0.50961E+02          0.63229E+01
         0.50940E+02          0.60890E+01
         0.50919E+02          0.60388E+01
         0.50898E+02          0.63131E+01
         0.50877E+02          0.62425E+01
         0.50856E+02          0.59722E+01
         0.50836E+02          0.61055E+01
         0.50815E+02          0.61404E+01
         0.50794E+02          0.61432E+01
         0.50773E+02          0.61530E+01
         0.50752E+02          0.62395E+01
         0.50732E+02          0.60944E+01
         0.50711E+02          0.60366E+01
         0.50690E+02          0.61650E+01
         0.50669E+02          0.61024E+01
         0.50649E+02          0.61035E+01
         0.50628E+02          0.60972E+01
         0.50607E+02          0.60974E+01
         0.50587E+02          0.60974E+01
         0.50566E+02          0.60975E+01
         0.50545E+02          0.60975E+01
         0.50525E+02          0.60975E+01
         0.50504E+02          0.60976E+01
         0.50484E+02          0.60978E+01
         0.50463E+02          0.60988E+01
         0.50443E+02          0.60967E+01
         0.50422E+02          0.60975E+01
         0.50402E+02          0.60986E+01
         0.50381E+02          0.61014E+01
         0.50361E+02          0.61084E+01
         0.50340E+02          0.60823E+01
         0.50320E+02          0.60882E+01
         0.50299E+02          0.60896E+01
         0.50279E+02          0.60900E+01
         0.50259E+02          0.60898E+01
         0.50238E+02          0.60827E+01
         0.50218E+02          0.60905E+01
         0.50198E+02          0.60901E+01
         0.50177E+02          0.60898E+01
         0.50157E+02          0.60896E+01
         0.50137E+02          0.60896E+01
         0.50116E+02          0.60901E+01
         0.50096E+02          0.60928E+01
         0.50076E+02          0.60740E+01
         0.50056E+02          0.60787E+01
         0.50035E+02          0.60745E+01
         0.50015E+02          0.60770E+01
         0.49995E+02          0.60718E+01
         0.49975E+02          0.59632E+01
         0.49955E+02          0.60904E+01
         0.49935E+02          0.60833E+01
         0.49915E+02          0.60809E+01
         0.49895E+02          0.60986E+01
         0.49874E+02          0.61250E+01
         0.49854E+02          0.60310E+01
         0.49834E+02          0.62208E+01
         0.49814E+02          0.61296E+01
         0.49794E+02          0.60961E+01
         0.49774E+02          0.60844E+01
         0.49754E+02          0.60972E+01
         0.49734E+02          0.60886E+01
         0.49714E+02          0.60852E+01
         0.49695E+02          0.60820E+01
         0.49675E+02          0.60776E+01
         0.49655E+02          0.60667E+01
         0.49635E+02          0.60599E+01
         0.49615E+02          0.60509E+01
         0.49595E+02          0.59795E+01
         0.49575E+02          0.58513E+01
         0.49555E+02          0.58763E+01
         0.49536E+02          0.59753E+01
         0.49516E+02          0.60280E+01
         0.49496E+02          0.60603E+01
         0.49476E+02          0.60389E+01
         0.49457E+02          0.59252E+01
         0.49437E+02          0.60431E+01
         0.49417E+02          0.60504E+01
         0.49398E+02          0.60578E+01
         0.49378E+02          0.60436E+01
         0.49358E+02          0.59321E+01
         0.49339E+02          0.61172E+01
         0.49319E+02          0.61418E+01
         0.49299E+02          0.61413E+01
         0.49280E+02          0.60842E+01
         0.49260E+02          0.60845E+01
         0.49241E+02          0.60746E+01
         0.49221E+02          0.60940E+01
         0.49202E+02          0.60469E+01
         0.49182E+02          0.60602E+01
         0.49162E+02          0.60833E+01
         0.49143E+02          0.59771E+01
         0.49124E+02          0.60769E+01
         0.49104E+02          0.60983E+01
         0.49085E+02          0.62001E+01
         0.49065E+02          0.60444E+01
         0.49046E+02          0.60557E+01
         0.49026E+02          0.60606E+01
         0.49007E+02          0.60890E+01
         0.48988E+02          0.61043E+01
         0.48968E+02          0.59821E+01
         0.48949E+02          0.59534E+01
         0.48930E+02          0.60254E+01
         0.48910E+02          0.60270E+01
         0.48891E+02          0.60431E+01
         0.48872E+02          0.60376E+01
         0.48853E+02          0.60411E+01
         0.48833E+02          0.62960E+01
         0.48814E+02          0.69262E+01
         0.48795E+02          0.58332E+01
         0.48776E+02          0.59478E+01
         0.48756E+02          0.59554E+01
         0.48737E+02          0.59322E+01
         0.48718E+02          0.59824E+01
         0.48699E+02          0.59850E+01
         0.48680E+02          0.60028E+01
         0.48661E+02          0.57568E+01
         0.48642E+02          0.59965E+01
         0.48623E+02          0.59851E+01
         0.48604E+02          0.59865E+01
         0.48585E+02          0.59774E+01
         0.48566E+02          0.59632E+01
         0.48546E+02          0.62492E+01
         0.48527E+02          0.60349E+01
         0.48509E+02          0.60234E+01
         0.48490E+02          0.60236E+01
         0.48471E+02          0.60624E+01
         0.48452E+02          0.60619E+01
         0.48433E+02          0.59633E+01
         0.48414E+02          0.59717E+01
         0.48395E+02          0.59748E+01
         0.48376E+02          0.59833E+01
         0.48357E+02          0.59868E+01
         0.48338E+02          0.60025E+01
         0.48319E+02          0.59629E+01
         0.48301E+02          0.58665E+01
         0.48282E+02          0.58399E+01
         0.48263E+02          0.58009E+01
         0.48244E+02          0.58747E+01
         0.48225E+02          0.59166E+01
         0.48207E+02          0.59146E+01
         0.48188E+02          0.59438E+01
         0.48169E+02          0.59490E+01
         0.48151E+02          0.59527E+01
         0.48132E+02          0.59552E+01
         0.48113E+02          0.59570E+01
         0.48095E+02          0.59585E+01
         0.48076E+02          0.59597E+01
         0.48057E+02          0.59610E+01
         0.48039E+02          0.59624E+01
         0.48020E+02          0.59674E+01
         0.48001E+02          0.59597E+01
         0.47983E+02          0.59127E+01
         0.47964E+02          0.60221E+01
         0.47946E+02          0.60692E+01
         0.47927E+02          0.61014E+01
         0.47909E+02          0.57671E+01
         0.47890E+02          0.58502E+01
         0.47872E+02          0.58884E+01
         0.47853E+02          0.59033E+01
         0.47835E+02          0.59109E+01
         0.47816E+02          0.59152E+01
         0.47798E+02          0.59178E+01
         0.47779E+02          0.59194E+01
         0.47761E+02          0.59204E+01
         0.47743E+02          0.59209E+01
         0.47724E+02          0.59210E+01
         0.47706E+02          0.59206E+01
         0.47688E+02          0.59159E+01
         0.47669E+02          0.60215E+01
         0.47651E+02          0.59372E+01
         0.47633E+02          0.58287E+01
         0.47614E+02          0.59081E+01
         0.47596E+02          0.59165E+01
         0.47578E+02          0.59196E+01
         0.47560E+02          0.59224E+01
         0.47541E+02          0.59265E+01
         0.47523E+02          0.59349E+01
         0.47505E+02          0.59658E+01
         0.47487E+02          0.62775E+01
         0.47468E+02          0.58563E+01
         0.47450E+02          0.58702E+01
         0.47432E+02          0.58835E+01
         0.47414E+02          0.58884E+01
         0.47396E+02          0.58906E+01
         0.47378E+02          0.58911E+01
         0.47360E+02          0.59061E+01
         0.47342E+02          0.58944E+01
         0.47324E+02          0.58968E+01
         0.47305E+02          0.58986E+01
         0.47287E+02          0.58081E+01
         0.47269E+02          0.59116E+01
         0.47251E+02          0.59873E+01
         0.47233E+02          0.58351E+01
         0.47215E+02          0.58727E+01
         0.47197E+02          0.58738E+01
         0.47179E+02          0.58807E+01
         0.47162E+02          0.58463E+01
         0.47144E+02          0.58298E+01
         0.47126E+02          0.58841E+01
         0.47108E+02          0.59117E+01
         0.47090E+02          0.57182E+01
         0.47072E+02          0.58420E+01
         0.47054E+02          0.58509E+01
         0.47036E+02          0.58581E+01
         0.47018E+02          0.58784E+01
         0.47001E+02          0.59136E+01
         0.46983E+02          0.58255E+01
         0.46965E+02          0.58395E+01
         0.46947E+02          0.58469E+01
         0.46929E+02          0.59145E+01
         0.46912E+02          0.58295E+01
         0.46894E+02          0.58415E+01
         0.46876E+02          0.57119E+01
         0.46859E+02          0.58338E+01
         0.46841E+02          0.58826E+01
         0.46823E+02          0.54253E+01
         0.46805E+02          0.58202E+01
         0.46788E+02          0.57785E+01
         0.46770E+02          0.57792E+01
         0.46752E+02          0.58237E+01
         0.46735E+02          0.61354E+01
         0.46717E+02          0.58324E+01
         0.46700E+02          0.58464E+01
         0.46682E+02          0.57935E+01
         0.46665E+02          0.57963E+01
         0.46647E+02          0.58060E+01
         0.46629E+02          0.58112E+01
         0.46612E+02          0.58173E+01
         0.46594E+02          0.58208E+01
         0.46577E+02          0.57440E+01
         0.46559E+02          0.57336E+01
         0.46542E+02          0.57314E+01
         0.46524E+02          0.57137E+01
         0.46507E+02          0.57643E+01
         0.46490E+02          0.57823E+01
         0.46472E+02          0.57862E+01
         0.46455E+02          0.57910E+01
         0.46437E+02          0.57750E+01
         0.46420E+02          0.57791E+01
         0.46403E+02          0.57496E+01
         0.46385E+02          0.57636E+01
         0.46368E+02          0.57659E+01
         0.46350E+02          0.57660E+01
         0.46333E+02          0.57656E+01
         0.46316E+02          0.57650E+01
         0.46299E+02          0.57646E+01
         0.46281E+02          0.57659E+01
         0.46264E+02          0.57651E+01
         0.46247E+02          0.57209E+01
         0.46230E+02          0.57464E+01
         0.46212E+02          0.57486E+01
         0.46195E+02          0.57489E+01
         0.46178E+02          0.57491E+01
         0.46161E+02          0.57547E+01
         0.46143E+02          0.57003E+01
         0.46126E+02          0.57353E+01
         0.46109E+02          0.57375E+01
         0.46092E+02          0.57390E+01
         0.46075E+02          0.57515E+01
         0.46058E+02          0.57273E+01
         0.46041E+02          0.57306E+01
         0.46024E+02          0.57406E+01
         0.46007E+02          0.57232E+01
         0.45989E+02          0.57312E+01
         0.45972E+02          0.57358E+01
         0.45955E+02          0.57151E+01
         0.45938E+02          0.57133E+01
         0.45921E+02          0.57096E+01
         0.45904E+02          0.57080E+01
         0.45887E+02          0.57101E+01
         0.45870E+02          0.57036E+01
         0.45853E+02          0.57076E+01
         0.45836E+02          0.57178E+01
         0.45819E+02          0.57295E+01
         0.45803E+02          0.57059E+01
         0.45786E+02          0.56992E+01
         0.45769E+02          0.57015E+01
         0.45752E+02          0.57114E+01
         0.45735E+02          0.56891E+01
         0.45718E+02          0.56056E+01
         0.45701E+02          0.56558E+01
         0.45684E+02          0.56704E+01
         0.45668E+02          0.56698E+01
         0.45651E+02          0.56683E+01
         0.45634E+02          0.56665E+01
         0.45617E+02          0.56646E+01
         0.45600E+02          0.56626E+01
         0.45584E+02          0.56605E+01
         0.45567E+02          0.56584E+01
         0.45550E+02          0.56563E+01
         0.45533E+02          0.56542E+01
         0.45517E+02          0.56522E+01
         0.45500E+02          0.56503E+01
         0.45483E+02          0.56487E+01
         0.45467E+02          0.56484E+01
         0.45450E+02          0.55977E+01
         0.45433E+02          0.56376E+01
         0.45417E+02          0.56370E+01
         0.45400E+02          0.56358E+01
         0.45383E+02          0.56347E+01
         0.45367E+02          0.56345E+01
         0.45350E+02          0.56379E+01
         0.45334E+02          0.56668E+01
         0.45317E+02          0.55306E+01
         0.45300E+02          0.56145E+01
         0.45284E+02          0.56138E+01
         0.45267E+02          0.56122E+01
         0.45251E+02          0.56105E+01
         0.45234E+02          0.56086E+01
         0.45218E+02          0.56068E+01
         0.45201E+02          0.56053E+01
         0.45185E+02          0.56059E+01
         0.45168E+02          0.55950E+01
         0.45152E+02          0.55968E+01
         0.45136E+02          0.55966E+01
         0.45119E+02          0.55999E+01
         0.45103E+02          0.55076E+01
         0.45086E+02          0.55819E+01
         0.45070E+02          0.55816E+01
         0.45054E+02          0.55803E+01
         0.45037E+02          0.55789E+01
         0.45021E+02          0.55787E+01
         0.45005E+02          0.55708E+01
         0.44988E+02          0.55729E+01
         0.44972E+02          0.55831E+01
         0.44956E+02          0.55609E+01
         0.44939E+02          0.55617E+01
         0.44923E+02          0.55609E+01
         0.44907E+02          0.55721E+01
         0.44890E+02          0.55571E+01
         0.44874E+02          0.55487E+01
         0.44858E+02          0.55486E+01
         0.44842E+02          0.55488E+01
         0.44826E+02          0.55452E+01
         0.44809E+02          0.54531E+01
         0.44793E+02          0.55397E+01
         0.44777E+02          0.55365E+01
         0.44761E+02          0.55309E+01
         0.44745E+02          0.55359E+01
         0.44729E+02          0.55193E+01
         0.44712E+02          0.55232E+01
         0.44696E+02          0.55244E+01
         0.44680E+02          0.55200E+01
         0.44664E+02          0.55178E+01
         0.44648E+02          0.55191E+01
         0.44632E+02          0.55128E+01
         0.44616E+02          0.55083E+01
         0.44600E+02          0.55092E+01
         0.44584E+02          0.55065E+01
         0.44568E+02          0.55041E+01
         0.44552E+02          0.54985E+01
         0.44536E+02          0.54959E+01
         0.44520E+02          0.54933E+01
         0.44504E+02          0.54908E+01
         0.44488E+02          0.54882E+01
         0.44472E+02          0.54856E+01
         0.44456E+02          0.54830E+01
         0.44440E+02          0.54805E+01
         0.44424E+02          0.54779E+01
         0.44408E+02          0.54753E+01
         0.44392E+02          0.54728E+01
         0.44376E+02          0.54702E+01
         0.44360E+02          0.54677E+01
         0.44345E+02          0.54651E+01
         0.44329E+02          0.54625E+01
         0.44313E+02          0.54600E+01
         0.44297E+02          0.54574E+01
         0.44281E+02          0.54549E+01
         0.44265E+02          0.54523E+01
         0.44250E+02          0.54498E+01
         0.44234E+02          0.54472E+01
         0.44218E+02          0.54447E+01
         0.44202E+02          0.54421E+01
         0.44187E+02          0.54396E+01
         0.44171E+02          0.54370E+01
         0.44155E+02          0.54345E+01
         0.44139E+02          0.54319E+01
         0.44124E+02          0.54294E+01
         0.44108E+02          0.54268E+01
         0.44092E+02          0.54243E+01
         0.44077E+02          0.54218E+01
         0.44061E+02          0.54192E+01
         0.44045E+02          0.54167E+01
         0.44030E+02          0.54142E+01
         0.44014E+02          0.54116E+01
         0.43998E+02          0.54091E+01
         0.43983E+02          0.54066E+01
         0.43967E+02          0.54041E+01
         0.43952E+02          0.54016E+01
         0.43936E+02          0.53990E+01
         0.43920E+02          0.53965E+01
         0.43905E+02          0.53940E+01
         0.43889E+02          0.53915E+01
         0.43874E+02          0.53890E+01
         0.43858E+02          0.53865E+01
         0.43843E+02          0.53840E+01
         0.43827E+02          0.53815E+01
         0.43812E+02          0.53790E+01
         0.43796E+02          0.53765E+01
         0.43781E+02          0.53740E+01
         0.43765E+02          0.53715E+01
         0.43750E+02          0.53690E+01
         0.43735E+02          0.53666E+01
         0.43719E+02          0.53641E+01
         0.43704E+02          0.53616E+01
         0.43688E+02          0.53591E+01
         0.43673E+02          0.53567E+01
         0.43658E+02          0.53542E+01
         0.43642E+02          0.53517E+01
         0.43627E+02          0.53493E+01
         0.43611E+02          0.53468E+01
         0.43596E+02          0.53443E+01
         0.43581E+02          0.53419E+01
         0.43565E+02          0.53394E+01
         0.43550E+02          0.53370E+01
         0.43535E+02          0.53345E+01
         0.43520E+02          0.53321E+01
         0.43504E+02          0.53296E+01
         0.43489E+02          0.53272E+01
         0.43474E+02          0.53248E+01
         0.43459E+02          0.53223E+01
         0.43443E+02          0.53199E+01
         0.43428E+02          0.53174E+01
         0.43413E+02          0.53150E+01
         0.43398E+02          0.53126E+01
         0.43383E+02          0.53102E+01
         0.43367E+02          0.53077E+01
         0.43352E+02          0.53053E+01
         0.43337E+02          0.53029E+01
         0.43322E+02          0.53004E+01
         0.43307E+02          0.52980E+01
         0.43292E+02          0.52956E+01
         0.43277E+02          0.52931E+01
         0.43261E+02          0.52907E+01
         0.43246E+02          0.52883E+01
         0.43231E+02          0.52858E+01
         0.43216E+02          0.52834E+01
         0.43201E+02          0.52809E+01
         0.43186E+02          0.52784E+01
         0.43171E+02          0.52759E+01
         0.43156E+02          0.52734E+01
         0.43141E+02          0.52709E+01
         0.43126E+02          0.52683E+01
         0.43111E+02          0.52658E+01
         0.43096E+02          0.52631E+01
         0.43081E+02          0.52605E+01
         0.43066E+02          0.52578E+01
         0.43051E+02          0.52550E+01
         0.43036E+02          0.52521E+01
         0.43021E+02          0.52492E+01
         0.43006E+02          0.52464E+01
         0.42991E+02          0.52444E+01
         0.42977E+02          0.52465E+01
         0.42962E+02          0.52588E+01
         0.42947E+02          0.52489E+01
         0.42932E+02          0.52351E+01
         0.42917E+02          0.52232E+01
         0.42902E+02          0.52065E+01
         0.42887E+02          0.51689E+01
         0.42872E+02          0.52376E+01
         0.42858E+02          0.52801E+01
         0.42843E+02          0.52613E+01
         0.42828E+02          0.52508E+01
         0.42813E+02          0.52439E+01
         0.42799E+02          0.52386E+01
         0.42784E+02          0.52343E+01
         0.42769E+02          0.52306E+01
         0.42754E+02          0.52272E+01
         0.42739E+02          0.52241E+01
         0.42725E+02          0.52211E+01
         0.42710E+02          0.52183E+01
         0.42695E+02          0.52156E+01
         0.42681E+02          0.52129E+01
         0.42666E+02          0.52103E+01
         0.42651E+02          0.52077E+01
         0.42637E+02          0.52052E+01
         0.42622E+02          0.52026E+01
         0.42607E+02          0.52001E+01
         0.42593E+02          0.51976E+01
         0.42578E+02          0.51951E+01
         0.42563E+02          0.51926E+01
         0.42549E+02          0.51901E+01
         0.42534E+02          0.51876E+01
         0.42520E+02          0.51851E+01
         0.42505E+02          0.51826E+01
         0.42490E+02          0.51801E+01
         0.42476E+02          0.51776E+01
         0.42461E+02          0.51752E+01
         0.42447E+02          0.51728E+01
         0.42432E+02          0.51704E+01
         0.42418E+02          0.51681E+01
         0.42403E+02          0.51658E+01
         0.42389E+02          0.51636E+01
         0.42374E+02          0.51614E+01
         0.42360E+02          0.51593E+01
         0.42345E+02          0.51572E+01
         0.42331E+02          0.51552E+01
         0.42316E+02          0.51532E+01
         0.42302E+02          0.51512E+01
         0.42288E+02          0.51493E+01
         0.42273E+02          0.51475E+01
         0.42259E+02          0.51456E+01
         0.42244E+02          0.51438E+01
         0.42230E+02          0.51420E+01
         0.42216E+02          0.51402E+01
         0.42201E+02          0.51384E+01
         0.42187E+02          0.51367E+01
         0.42173E+02          0.51350E+01
         0.42158E+02          0.51332E+01
         0.42144E+02          0.51315E+01
         0.42130E+02          0.51298E+01
         0.42115E+02          0.51281E+01
         0.42101E+02          0.51265E+01
         0.42087E+02          0.51248E+01
         0.42072E+02          0.51231E+01
         0.42058E+02          0.51215E+01
         0.42044E+02          0.51198E+01
         0.42030E+02          0.51182E+01
         0.42015E+02          0.51166E+01
         0.42001E+02          0.51150E+01
         0.41987E+02          0.51134E+01
         0.41973E+02          0.51118E+01
         0.41958E+02          0.51102E+01
         0.41944E+02          0.51086E+01
         0.41930E+02          0.51071E+01
         0.41916E+02          0.51055E+01
         0.41902E+02          0.51040E+01
         0.41888E+02          0.51024E+01
         0.41873E+02          0.51009E+01
         0.41859E+02          0.50994E+01
         0.41845E+02          0.50979E+01
         0.41831E+02          0.50964E+01
         0.41817E+02          0.50949E+01
         0.41803E+02          0.50934E+01
         0.41789E+02          0.50920E+01
         0.41775E+02          0.50905E+01
         0.41761E+02          0.50891E+01
         0.41747E+02          0.50877E+01
         0.41732E+02          0.50863E+01
         0.41718E+02          0.50849E+01
         0.41704E+02          0.50835E+01
         0.41690E+02          0.50821E+01
         0.41676E+02          0.50808E+01
         0.41662E+02          0.50794E+01
         0.41648E+02          0.50781E+01
         0.41634E+02          0.50768E+01
         0.41620E+02          0.50755E+01
         0.41606E+02          0.50742E+01
         0.41592E+02          0.50729E+01
         0.41579E+02          0.50717E+01
         0.41565E+02          0.50705E+01
         0.41551E+02          0.50692E+01
         0.41537E+02          0.50680E+01
         0.41523E+02          0.50668E+01
         0.41509E+02          0.50657E+01
         0.41495E+02          0.50645E+01
         0.41481E+02          0.50634E+01
         0.41467E+02          0.50623E+01
         0.41453E+02          0.50612E+01
         0.41440E+02          0.50601E+01
         0.41426E+02          0.50590E+01
         0.41412E+02          0.50580E+01
         0.41398E+02          0.50570E+01
         0.41384E+02          0.50560E+01
         0.41370E+02          0.50550E+01
         0.41357E+02          0.50540E+01
         0.41343E+02          0.50531E+01
         0.41329E+02          0.50521E+01
         0.41315E+02          0.50512E+01
         0.41302E+02          0.50504E+01
         0.41288E+02          0.50495E+01
         0.41274E+02          0.50487E+01
         0.41260E+02          0.50479E+01
         0.41247E+02          0.50471E+01
         0.41233E+02          0.50463E+01
         0.41219E+02          0.50456E+01
         0.41205E+02          0.50448E+01
         0.41192E+02          0.50441E+01
         0.41178E+02          0.50434E+01
         0.41164E+02          0.50427E+01
         0.41151E+02          0.50421E+01
         0.41137E+02          0.50414E+01
         0.41123E+02          0.50407E+01
         0.41110E+02          0.50401E+01
         0.41096E+02          0.50394E+01
         0.41083E+02          0.50387E+01
         0.41069E+02          0.50358E+01
         0.41055E+02          0.50352E+01
         0.41042E+02          0.50335E+01
         0.41028E+02          0.50304E+01
         0.41015E+02          0.50241E+01
         0.41001E+02          0.50032E+01
         0.40987E+02          0.51458E+01
         0.40974E+02          0.50719E+01
         0.40960E+02          0.50593E+01
         0.40947E+02          0.50549E+01
         0.40933E+02          0.50534E+01
         0.40920E+02          0.50528E+01
         0.40906E+02          0.50513E+01
         0.40893E+02          0.50510E+01
         0.40879E+02          0.50515E+01
         0.40866E+02          0.50527E+01
         0.40852E+02          0.50547E+01
         0.40839E+02          0.50577E+01
         0.40826E+02          0.50614E+01
         0.40812E+02          0.50649E+01
         0.40799E+02          0.50671E+01
         0.40785E+02          0.50682E+01
         0.40772E+02          0.50690E+01
         0.40758E+02          0.50698E+01
         0.40745E+02          0.50709E+01
         0.40732E+02          0.50724E+01
         0.40718E+02          0.50742E+01
         0.40705E+02          0.50764E+01
         0.40692E+02          0.50790E+01
         0.40678E+02          0.50819E+01
         0.40665E+02          0.50851E+01
         0.40652E+02          0.50887E+01
         0.40638E+02          0.50927E+01
         0.40625E+02          0.50971E+01
         0.40612E+02          0.51020E+01
         0.40598E+02          0.51073E+01
         0.40585E+02          0.51132E+01
         0.40572E+02          0.51196E+01
         0.40558E+02          0.51267E+01
         0.40545E+02          0.51345E+01
         0.40532E+02          0.51431E+01
         0.40519E+02          0.51524E+01
         0.40505E+02          0.51643E+01
         0.40492E+02          0.51761E+01
         0.40479E+02          0.51899E+01
         0.40466E+02          0.52059E+01
         0.40453E+02          0.52247E+01
         0.40439E+02          0.52477E+01
         0.40426E+02          0.52766E+01
         0.40413E+02          0.53149E+01
         0.40400E+02          0.53675E+01
         0.40387E+02          0.54378E+01
         0.40374E+02          0.55101E+01
         0.40360E+02          0.55458E+01
         0.40347E+02          0.55377E+01
         0.40334E+02          0.55057E+01
         0.40321E+02          0.56153E+01
         0.40308E+02          0.56247E+01
         0.40295E+02          0.56735E+01
         0.40282E+02          0.57422E+01
         0.40269E+02          0.58297E+01
         0.40256E+02          0.59370E+01
         0.40242E+02          0.60638E+01
         0.40229E+02          0.62041E+01
         0.40216E+02          0.63379E+01
         0.40203E+02          0.64217E+01
         0.40190E+02          0.64040E+01
         0.40177E+02          0.62798E+01
         0.40164E+02          0.61163E+01
         0.40151E+02          0.59866E+01
         0.40138E+02          0.59153E+01
         0.40125E+02          0.58915E+01
         0.40112E+02          0.58927E+01
         0.40099E+02          0.59055E+01
         0.40086E+02          0.59071E+01
         0.40073E+02          0.58907E+01
         0.40060E+02          0.58513E+01
         0.40047E+02          0.57892E+01
         0.40035E+02          0.57075E+01
         0.40022E+02          0.56046E+01
         0.40009E+02          0.55669E+01
         0.39996E+02          0.54522E+01
         0.39983E+02          0.53613E+01
         0.39970E+02          0.52802E+01
         0.39957E+02          0.52081E+01
         0.39944E+02          0.51447E+01
         0.39931E+02          0.50893E+01
         0.39919E+02          0.50409E+01
         0.39906E+02          0.49987E+01
         0.39893E+02          0.49630E+01
         0.39880E+02          0.49294E+01
         0.39867E+02          0.48999E+01
         0.39854E+02          0.48711E+01
         0.39842E+02          0.48321E+01
         0.39829E+02          0.48587E+01
         0.39816E+02          0.48303E+01
         0.39803E+02          0.48116E+01
         0.39790E+02          0.47957E+01
         0.39778E+02          0.47813E+01
         0.39765E+02          0.47684E+01
         0.39752E+02          0.47539E+01
         0.39739E+02          0.47352E+01
         0.39727E+02          0.47872E+01
         0.39714E+02          0.47366E+01
         0.39701E+02          0.47225E+01
         0.39689E+02          0.47105E+01
         0.39676E+02          0.46978E+01
         0.39663E+02          0.46722E+01
         0.39650E+02          0.46985E+01
         0.39638E+02          0.46789E+01
         0.39625E+02          0.46649E+01
         0.39612E+02          0.46361E+01
         0.39600E+02          0.46578E+01
         0.39587E+02          0.46383E+01
         0.39575E+02          0.45915E+01
         0.39562E+02          0.46231E+01
         0.39549E+02          0.45920E+01
         0.39537E+02          0.46001E+01
         0.39524E+02          0.46248E+01
         0.39511E+02          0.45558E+01
         0.39499E+02          0.45483E+01
         0.39486E+02          0.44411E+01
         0.39474E+02          0.45327E+01
         0.39461E+02          0.45158E+01
         0.39449E+02          0.44658E+01
         0.39436E+02          0.44896E+01
         0.39424E+02          0.44712E+01
         0.39411E+02          0.44615E+01
         0.39398E+02          0.44468E+01
         0.39386E+02          0.44332E+01
         0.39373E+02          0.44215E+01
         0.39361E+02          0.44130E+01
         0.39348E+02          0.44091E+01
         0.39336E+02          0.44117E+01
         0.39323E+02          0.44230E+01
         0.39311E+02          0.44450E+01
         0.39299E+02          0.44797E+01
         0.39286E+02          0.45276E+01
         0.39274E+02          0.45881E+01
         0.39261E+02          0.46585E+01
         0.39249E+02          0.47346E+01
         0.39236E+02          0.48113E+01
         0.39224E+02          0.48840E+01
         0.39212E+02          0.49493E+01
         0.39199E+02          0.50059E+01
         0.39187E+02          0.50518E+01
         0.39174E+02          0.50862E+01
         0.39162E+02          0.51111E+01
         0.39150E+02          0.51284E+01
         0.39137E+02          0.51399E+01
         0.39125E+02          0.51466E+01
         0.39113E+02          0.51491E+01
         0.39100E+02          0.51484E+01
         0.39088E+02          0.51471E+01
         0.39076E+02          0.51450E+01
         0.39063E+02          0.51419E+01
         0.39051E+02          0.51381E+01
         0.39039E+02          0.51337E+01
         0.39026E+02          0.51291E+01
         0.39014E+02          0.51243E+01
         0.39002E+02          0.51195E+01
         0.38990E+02          0.51148E+01
         0.38977E+02          0.51101E+01
         0.38965E+02          0.51056E+01
         0.38953E+02          0.51014E+01
         0.38941E+02          0.50973E+01
         0.38928E+02          0.50934E+01
         0.38916E+02          0.50898E+01
         0.38904E+02          0.50865E+01
         0.38892E+02          0.50834E+01
         0.38880E+02          0.50806E+01
         0.38867E+02          0.50781E+01
         0.38855E+02          0.50760E+01
         0.38843E+02          0.50741E+01
         0.38831E+02          0.50726E+01
         0.38819E+02          0.50715E+01
         0.38807E+02          0.50708E+01
         0.38794E+02          0.50706E+01
         0.38782E+02          0.50709E+01
         0.38770E+02          0.50718E+01
         0.38758E+02          0.50734E+01
         0.38746E+02          0.50758E+01
         0.38734E+02          0.50791E+01
         0.38722E+02          0.50836E+01
         0.38710E+02          0.50894E+01
         0.38698E+02          0.50968E+01
         0.38685E+02          0.51046E+01
         0.38673E+02          0.51161E+01
         0.38661E+02          0.51318E+01
         0.38649E+02          0.51513E+01
         0.38637E+02          0.51762E+01
         0.38625E+02          0.52086E+01
         0.38613E+02          0.52518E+01
         0.38601E+02          0.53142E+01
         0.38589E+02          0.54522E+01
         0.38577E+02          0.56486E+01
         0.38565E+02          0.56886E+01
         0.38553E+02          0.57534E+01
         0.38541E+02          0.57859E+01
         0.38529E+02          0.58652E+01
         0.38517E+02          0.60599E+01
         0.38505E+02          0.62394E+01
         0.38493E+02          0.61753E+01
         0.38481E+02          0.59094E+01
         0.38469E+02          0.56393E+01
         0.38457E+02          0.54412E+01
         0.38446E+02          0.53074E+01
         0.38434E+02          0.52169E+01
         0.38422E+02          0.51540E+01
         0.38410E+02          0.51089E+01
         0.38398E+02          0.50755E+01
         0.38386E+02          0.50503E+01
         0.38374E+02          0.50378E+01
         0.38362E+02          0.50212E+01
         0.38350E+02          0.50112E+01
         0.38339E+02          0.50041E+01
         0.38327E+02          0.49987E+01
         0.38315E+02          0.49946E+01
         0.38303E+02          0.49915E+01
         0.38291E+02          0.49886E+01
         0.38279E+02          0.49771E+01
         0.38268E+02          0.49791E+01
         0.38256E+02          0.49783E+01
         0.38244E+02          0.49773E+01
         0.38232E+02          0.49760E+01
         0.38220E+02          0.49750E+01
         0.38209E+02          0.49741E+01
         0.38197E+02          0.49734E+01
         0.38185E+02          0.49729E+01
         0.38173E+02          0.49722E+01
         0.38162E+02          0.49715E+01
         0.38150E+02          0.49705E+01
         0.38138E+02          0.49686E+01
         0.38126E+02          0.49634E+01
         0.38115E+02          0.49175E+01
         0.38103E+02          0.50039E+01
         0.38091E+02          0.49957E+01
         0.38080E+02          0.49959E+01
         0.38068E+02          0.49965E+01
         0.38056E+02          0.50007E+01
         0.38044E+02          0.50075E+01
         0.38033E+02          0.50253E+01
         0.38021E+02          0.50355E+01
         0.38009E+02          0.50604E+01
         0.37998E+02          0.51025E+01
         0.37986E+02          0.51827E+01
         0.37975E+02          0.53824E+01
         0.37963E+02          0.61828E+01
         0.37951E+02          0.55919E+01
         0.37940E+02          0.60780E+01
         0.37928E+02          0.59167E+01
         0.37916E+02          0.54120E+01
         0.37905E+02          0.51917E+01
         0.37893E+02          0.50479E+01
         0.37882E+02          0.50187E+01
         0.37870E+02          0.49948E+01
         0.37859E+02          0.49837E+01
         0.37847E+02          0.49776E+01
         0.37835E+02          0.49715E+01
         0.37824E+02          0.49667E+01
         0.37812E+02          0.49597E+01
         0.37801E+02          0.49567E+01
         0.37789E+02          0.49557E+01
         0.37778E+02          0.49541E+01
         0.37766E+02          0.49491E+01
         0.37755E+02          0.59757E+01
         0.37743E+02          0.49829E+01
         0.37732E+02          0.49860E+01
         0.37720E+02          0.49986E+01
         0.37709E+02          0.50248E+01
         0.37697E+02          0.50850E+01
         0.37686E+02          0.52832E+01
         0.37675E+02          0.60608E+01
         0.37663E+02          0.62330E+01
         0.37652E+02          0.53495E+01
         0.37640E+02          0.50662E+01
         0.37629E+02          0.49925E+01
         0.37617E+02          0.49651E+01
         0.37606E+02          0.49527E+01
         0.37595E+02          0.49462E+01
         0.37583E+02          0.49425E+01
         0.37572E+02          0.49386E+01
         0.37560E+02          0.49754E+01
         0.37549E+02          0.49792E+01
         0.37538E+02          0.50178E+01
         0.37526E+02          0.51765E+01
         0.37515E+02          0.57390E+01
         0.37504E+02          0.53839E+01
         0.37492E+02          0.49919E+01
         0.37481E+02          0.49408E+01
         0.37470E+02          0.49297E+01
         0.37458E+02          0.49280E+01
         0.37447E+02          0.49635E+01
         0.37436E+02          0.50023E+01
         0.37424E+02          0.53249E+01
         0.37413E+02          0.58214E+01
         0.37402E+02          0.49375E+01
         0.37390E+02          0.49071E+01
         0.37379E+02          0.49132E+01
         0.37368E+02          0.50023E+01
         0.37357E+02          0.63385E+01
         0.37345E+02          0.49312E+01
         0.37334E+02          0.48898E+01
         0.37323E+02          0.50030E+01
         0.37312E+02          0.74352E+01
         0.37300E+02          0.48475E+01
         0.37289E+02          0.55802E+01
         0.37278E+02          0.79430E+01
         0.37267E+02          0.60371E+01
         0.37256E+02          0.69380E+01
         0.37244E+02          0.53912E+01
         0.37233E+02          0.51040E+01
         0.37222E+02          0.59895E+01
         0.37211E+02          0.56149E+01
         0.37200E+02          0.49706E+01
         0.37189E+02          0.50860E+01
         0.37177E+02          0.55130E+01
         0.37166E+02          0.48987E+01
         0.37155E+02          0.49074E+01
         0.37144E+02          0.48685E+01
         0.37133E+02          0.48581E+01
         0.37122E+02          0.47913E+01
         0.37111E+02          0.47007E+01
         0.37100E+02          0.46045E+01
         0.37088E+02          0.46827E+01
         0.37077E+02          0.45086E+01
         0.37066E+02          0.43212E+01
         0.37055E+02          0.42996E+01
         0.37044E+02          0.45094E+01
         0.37033E+02          0.47782E+01
         0.37022E+02          0.49682E+01
         0.37011E+02          0.50797E+01
         0.37000E+02          0.51366E+01
         0.36989E+02          0.51644E+01
         0.36978E+02          0.51828E+01
         0.36967E+02          0.51929E+01
         0.36956E+02          0.51978E+01
         0.36945E+02          0.51999E+01
         0.36934E+02          0.52008E+01
         0.36923E+02          0.52012E+01
         0.36912E+02          0.51989E+01
         0.36901E+02          0.51958E+01
         0.36890E+02          0.51938E+01
         0.36879E+02          0.51931E+01
         0.36868E+02          0.51873E+01
         0.36857E+02          0.51835E+01
         0.36846E+02          0.51709E+01
         0.36835E+02          0.51492E+01
         0.36824E+02          0.51766E+01
         0.36813E+02          0.51786E+01
         0.36802E+02          0.51777E+01
         0.36791E+02          0.51765E+01
         0.36780E+02          0.51751E+01
         0.36769E+02          0.51736E+01
         0.36759E+02          0.51715E+01
         0.36748E+02          0.51679E+01
         0.36737E+02          0.51650E+01
         0.36726E+02          0.51639E+01
         0.36715E+02          0.51628E+01
         0.36704E+02          0.51611E+01
         0.36693E+02          0.51591E+01
         0.36682E+02          0.51545E+01
         0.36672E+02          0.51471E+01
         0.36661E+02          0.51182E+01
         0.36650E+02          0.51577E+01
         0.36639E+02          0.51523E+01
         0.36628E+02          0.51505E+01
         0.36617E+02          0.51484E+01
         0.36607E+02          0.51464E+01
         0.36596E+02          0.51446E+01
         0.36585E+02          0.51430E+01
         0.36574E+02          0.51415E+01
         0.36563E+02          0.51364E+01
         0.36553E+02          0.51384E+01
         0.36542E+02          0.51508E+01
         0.36531E+02          0.51552E+01
         0.36520E+02          0.51661E+01
         0.36510E+02          0.51891E+01
         0.36499E+02          0.52451E+01
         0.36488E+02          0.54039E+01
         0.36477E+02          0.59382E+01
         0.36467E+02          0.51424E+01
         0.36456E+02          0.49963E+01
         0.36445E+02          0.49601E+01
         0.36435E+02          0.49383E+01
         0.36424E+02          0.48944E+01
         0.36413E+02          0.48090E+01
         0.36402E+02          0.49063E+01
         0.36392E+02          0.45875E+01
         0.36381E+02          0.43407E+01
         0.36370E+02          0.45444E+01
         0.36360E+02          0.49887E+01
         0.36349E+02          0.51428E+01
         0.36338E+02          0.51588E+01
         0.36328E+02          0.51685E+01
         0.36317E+02          0.51722E+01
         0.36307E+02          0.51688E+01
         0.36296E+02          0.51557E+01
         0.36285E+02          0.51461E+01
         0.36275E+02          0.51338E+01
         0.36264E+02          0.51241E+01
         0.36253E+02          0.51103E+01
         0.36243E+02          0.50456E+01
         0.36232E+02          0.51520E+01
         0.36222E+02          0.51388E+01
         0.36211E+02          0.51299E+01
         0.36200E+02          0.51239E+01
         0.36190E+02          0.51237E+01
         0.36179E+02          0.51199E+01
         0.36169E+02          0.51154E+01
         0.36158E+02          0.51183E+01
         0.36148E+02          0.51278E+01
         0.36137E+02          0.51761E+01
         0.36127E+02          0.57491E+01
         0.36116E+02          0.50627E+01
         0.36106E+02          0.49808E+01
         0.36095E+02          0.49080E+01
         0.36085E+02          0.47104E+01
         0.36074E+02          0.42423E+01
         0.36064E+02          0.49297E+01
         0.36053E+02          0.50928E+01
         0.36043E+02          0.50724E+01
         0.36032E+02          0.50654E+01
         0.36022E+02          0.50771E+01
         0.36011E+02          0.50861E+01
         0.36001E+02          0.50893E+01
         0.35990E+02          0.50916E+01
         0.35980E+02          0.50923E+01
         0.35969E+02          0.50875E+01
         0.35959E+02          0.50912E+01
         0.35949E+02          0.51381E+01
         0.35938E+02          0.52149E+01
         0.35928E+02          0.49347E+01
         0.35917E+02          0.47069E+01
         0.35907E+02          0.42376E+01
         0.35897E+02          0.51215E+01
         0.35886E+02          0.51205E+01
         0.35876E+02          0.51130E+01
         0.35865E+02          0.50958E+01
         0.35855E+02          0.50885E+01
         0.35845E+02          0.50848E+01
         0.35834E+02          0.51944E+01
         0.35824E+02          0.49207E+01
         0.35814E+02          0.47453E+01
         0.35803E+02          0.51252E+01
         0.35793E+02          0.51288E+01
         0.35783E+02          0.50961E+01
         0.35772E+02          0.50976E+01
         0.35762E+02          0.52933E+01
         0.35752E+02          0.48464E+01
         0.35741E+02          0.51381E+01
         0.35731E+02          0.51170E+01
         0.35721E+02          0.50957E+01
         0.35710E+02          0.49480E+01
         0.35700E+02          0.50977E+01
         0.35690E+02          0.50914E+01
         0.35680E+02          0.51845E+01
         0.35669E+02          0.50989E+01
         0.35659E+02          0.50783E+01
         0.35649E+02          0.46077E+01
         0.35639E+02          0.50733E+01
         0.35628E+02          0.51158E+01
         0.35618E+02          0.48953E+01
         0.35608E+02          0.55712E+01
         0.35598E+02          0.48783E+01
         0.35587E+02          0.50851E+01
         0.35577E+02          0.50988E+01
         0.35567E+02          0.44565E+01
         0.35557E+02          0.47091E+01
         0.35547E+02          0.49202E+01
         0.35536E+02          0.49044E+01
         0.35526E+02          0.49248E+01
         0.35516E+02          0.49271E+01
         0.35506E+02          0.49265E+01
         0.35496E+02          0.49177E+01
         0.35486E+02          0.49134E+01
         0.35475E+02          0.49128E+01
         0.35465E+02          0.49114E+01
         0.35455E+02          0.49103E+01
         0.35445E+02          0.49083E+01
         0.35435E+02          0.48715E+01
         0.35425E+02          0.48546E+01
         0.35415E+02          0.48813E+01
         0.35405E+02          0.48856E+01
         0.35394E+02          0.48857E+01
         0.35384E+02          0.48848E+01
         0.35374E+02          0.48824E+01
         0.35364E+02          0.48812E+01
         0.35354E+02          0.48798E+01
         0.35344E+02          0.48776E+01
         0.35334E+02          0.48756E+01
         0.35324E+02          0.48715E+01
         0.35314E+02          0.48690E+01
         0.35304E+02          0.48662E+01
         0.35294E+02          0.48633E+01
         0.35284E+02          0.48603E+01
         0.35274E+02          0.48575E+01
         0.35264E+02          0.48585E+01
         0.35254E+02          0.48580E+01
         0.35243E+02          0.48596E+01
         0.35233E+02          0.48571E+01
         0.35223E+02          0.48533E+01
         0.35213E+02          0.48491E+01
         0.35203E+02          0.48454E+01
         0.35193E+02          0.48442E+01
         0.35183E+02          0.48389E+01
         0.35174E+02          0.48334E+01
         0.35164E+02          0.48342E+01
         0.35154E+02          0.48302E+01
         0.35144E+02          0.47810E+01
         0.35134E+02          0.48213E+01
         0.35124E+02          0.48189E+01
         0.35114E+02          0.48145E+01
         0.35104E+02          0.48142E+01
         0.35094E+02          0.48118E+01
         0.35084E+02          0.48085E+01
         0.35074E+02          0.48047E+01
         0.35064E+02          0.48003E+01
         0.35054E+02          0.47948E+01
         0.35044E+02          0.47857E+01
         0.35034E+02          0.47864E+01
         0.35024E+02          0.47994E+01
         0.35015E+02          0.47936E+01
         0.35005E+02          0.47845E+01
         0.34995E+02          0.47682E+01
         0.34985E+02          0.47932E+01
         0.34975E+02          0.47862E+01
         0.34965E+02          0.47762E+01
         0.34955E+02          0.47741E+01
         0.34945E+02          0.47732E+01
         0.34936E+02          0.47732E+01
         0.34926E+02          0.47714E+01
         0.34916E+02          0.47753E+01
         0.34906E+02          0.47573E+01
         0.34896E+02          0.47730E+01
         0.34886E+02          0.47701E+01
         0.34877E+02          0.47635E+01
         0.34867E+02          0.47611E+01
         0.34857E+02          0.47609E+01
         0.34847E+02          0.47654E+01
         0.34837E+02          0.47518E+01
         0.34828E+02          0.47597E+01
         0.34818E+02          0.47466E+01
         0.34808E+02          0.47300E+01
         0.34798E+02          0.47227E+01
         0.34789E+02          0.47141E+01
         0.34779E+02          0.47093E+01
         0.34769E+02          0.47120E+01
         0.34759E+02          0.46882E+01
         0.34750E+02          0.46987E+01
         0.34740E+02          0.47057E+01
         0.34730E+02          0.46914E+01
         0.34720E+02          0.46809E+01
         0.34711E+02          0.46887E+01
         0.34701E+02          0.46844E+01
         0.34691E+02          0.46809E+01
         0.34682E+02          0.46713E+01
         0.34672E+02          0.46667E+01
         0.34662E+02          0.46516E+01
         0.34652E+02          0.46673E+01
         0.34643E+02          0.45952E+01
         0.34633E+02          0.46286E+01
         0.34623E+02          0.46470E+01
         0.34614E+02          0.46432E+01
         0.34604E+02          0.46394E+01
         0.34594E+02          0.46361E+01
         0.34585E+02          0.46431E+01
         0.34575E+02          0.46241E+01
         0.34566E+02          0.46209E+01
         0.34556E+02          0.46167E+01
         0.34546E+02          0.46135E+01
         0.34537E+02          0.46184E+01
         0.34527E+02          0.46139E+01
         0.34517E+02          0.46084E+01
         0.34508E+02          0.46054E+01
         0.34498E+02          0.46020E+01
         0.34489E+02          0.45912E+01
         0.34479E+02          0.45855E+01
         0.34469E+02          0.45809E+01
         0.34460E+02          0.45782E+01
         0.34450E+02          0.45749E+01
         0.34441E+02          0.45544E+01
         0.34431E+02          0.45548E+01
         0.34422E+02          0.45641E+01
         0.34412E+02          0.45565E+01
         0.34402E+02          0.45529E+01
         0.34393E+02          0.45503E+01
         0.34383E+02          0.45463E+01
         0.34374E+02          0.45420E+01
         0.34364E+02          0.45377E+01
         0.34355E+02          0.45352E+01
         0.34345E+02          0.45293E+01
         0.34336E+02          0.45229E+01
         0.34326E+02          0.45238E+01
         0.34317E+02          0.45220E+01
         0.34307E+02          0.45223E+01
         0.34298E+02          0.45273E+01
         0.34288E+02          0.45113E+01
         0.34279E+02          0.45081E+01
         0.34269E+02          0.44953E+01
         0.34260E+02          0.44870E+01
         0.34250E+02          0.44808E+01
         0.34241E+02          0.44755E+01
         0.34232E+02          0.44709E+01
         0.34222E+02          0.44741E+01
         0.34213E+02          0.44628E+01
         0.34203E+02          0.44645E+01
         0.34194E+02          0.44469E+01
         0.34184E+02          0.44406E+01
         0.34175E+02          0.44333E+01
         0.34165E+02          0.44206E+01
         0.34156E+02          0.44351E+01
         0.34147E+02          0.44294E+01
         0.34137E+02          0.44245E+01
         0.34128E+02          0.44161E+01
         0.34118E+02          0.44118E+01
         0.34109E+02          0.44067E+01
         0.34100E+02          0.43982E+01
         0.34090E+02          0.44041E+01
         0.34081E+02          0.43891E+01
         0.34072E+02          0.43855E+01
         0.34062E+02          0.43800E+01
         0.34053E+02          0.43824E+01
         0.34044E+02          0.43959E+01
         0.34034E+02          0.43783E+01
         0.34025E+02          0.43547E+01
         0.34016E+02          0.43555E+01
         0.34006E+02          0.43467E+01
