         0.74828E+02          0.00000E+00
         0.74783E+02          0.00000E+00
         0.74738E+02          0.00000E+00
         0.74693E+02          0.00000E+00
         0.74648E+02          0.00000E+00
         0.74603E+02          0.00000E+00
         0.74558E+02          0.00000E+00
         0.74513E+02          0.00000E+00
         0.74468E+02          0.00000E+00
         0.74424E+02          0.00000E+00
         0.74379E+02          0.00000E+00
         0.74334E+02          0.00000E+00
         0.74290E+02          0.00000E+00
         0.74245E+02          0.00000E+00
         0.74201E+02          0.00000E+00
         0.74157E+02          0.00000E+00
         0.74112E+02          0.00000E+00
         0.74068E+02          0.00000E+00
         0.74024E+02          0.00000E+00
         0.73980E+02          0.00000E+00
         0.73936E+02          0.00000E+00
         0.73891E+02          0.00000E+00
         0.73847E+02          0.00000E+00
         0.73803E+02          0.00000E+00
         0.73760E+02          0.00000E+00
         0.73716E+02          0.00000E+00
         0.73672E+02          0.00000E+00
         0.73628E+02          0.00000E+00
         0.73584E+02          0.00000E+00
         0.73541E+02          0.00000E+00
         0.73497E+02          0.00000E+00
         0.73454E+02          0.00000E+00
         0.73410E+02          0.00000E+00
         0.73367E+02          0.00000E+00
         0.73323E+02          0.00000E+00
         0.73280E+02          0.00000E+00
         0.73237E+02          0.00000E+00
         0.73194E+02          0.00000E+00
         0.73150E+02          0.00000E+00
         0.73107E+02          0.00000E+00
         0.73064E+02          0.00000E+00
         0.73021E+02          0.00000E+00
         0.72978E+02          0.00000E+00
         0.72935E+02          0.00000E+00
         0.72892E+02          0.00000E+00
         0.72849E+02          0.00000E+00
         0.72807E+02          0.00000E+00
         0.72764E+02          0.00000E+00
         0.72721E+02          0.00000E+00
         0.72679E+02          0.00000E+00
         0.72636E+02          0.00000E+00
         0.72594E+02          0.00000E+00
         0.72551E+02          0.00000E+00
         0.72509E+02          0.00000E+00
         0.72466E+02          0.00000E+00
         0.72424E+02          0.00000E+00
         0.72382E+02          0.00000E+00
         0.72339E+02          0.00000E+00
         0.72297E+02          0.00000E+00
         0.72255E+02          0.00000E+00
         0.72213E+02          0.00000E+00
         0.72171E+02          0.00000E+00
         0.72129E+02          0.00000E+00
         0.72087E+02          0.00000E+00
         0.72045E+02          0.00000E+00
         0.72003E+02          0.00000E+00
         0.71962E+02          0.00000E+00
         0.71920E+02          0.00000E+00
         0.71878E+02          0.00000E+00
         0.71836E+02          0.00000E+00
         0.71795E+02          0.00000E+00
         0.71753E+02          0.00000E+00
         0.71712E+02          0.00000E+00
         0.71670E+02          0.00000E+00
         0.71629E+02          0.00000E+00
         0.71588E+02          0.00000E+00
         0.71546E+02          0.00000E+00
         0.71505E+02          0.00000E+00
         0.71464E+02          0.00000E+00
         0.71423E+02          0.00000E+00
         0.71381E+02          0.00000E+00
         0.71340E+02          0.00000E+00
         0.71299E+02          0.00000E+00
         0.71258E+02          0.00000E+00
         0.71217E+02          0.00000E+00
         0.71177E+02          0.00000E+00
         0.71136E+02          0.00000E+00
         0.71095E+02          0.00000E+00
         0.71054E+02          0.00000E+00
         0.71014E+02          0.00000E+00
         0.70973E+02          0.00000E+00
         0.70932E+02          0.00000E+00
         0.70892E+02          0.00000E+00
         0.70851E+02          0.00000E+00
         0.70811E+02          0.00000E+00
         0.70770E+02          0.00000E+00
         0.70730E+02          0.00000E+00
         0.70690E+02          0.00000E+00
         0.70649E+02          0.00000E+00
         0.70609E+02          0.00000E+00
         0.70569E+02          0.00000E+00
         0.70529E+02          0.00000E+00
         0.70489E+02          0.00000E+00
         0.70449E+02          0.00000E+00
         0.70409E+02          0.00000E+00
         0.70369E+02          0.00000E+00
         0.70329E+02          0.00000E+00
         0.70289E+02          0.00000E+00
         0.70249E+02          0.00000E+00
         0.70209E+02          0.00000E+00
         0.70170E+02          0.00000E+00
         0.70130E+02          0.00000E+00
         0.70090E+02          0.00000E+00
         0.70051E+02          0.00000E+00
         0.70011E+02          0.00000E+00
         0.69972E+02          0.00000E+00
         0.69932E+02          0.00000E+00
         0.69893E+02          0.00000E+00
         0.69853E+02          0.00000E+00
         0.69814E+02          0.00000E+00
         0.69775E+02          0.00000E+00
         0.69735E+02          0.00000E+00
         0.69696E+02          0.00000E+00
         0.69657E+02          0.00000E+00
         0.69618E+02          0.00000E+00
         0.69579E+02          0.00000E+00
         0.69540E+02          0.00000E+00
         0.69501E+02          0.00000E+00
         0.69462E+02          0.00000E+00
         0.69423E+02          0.00000E+00
         0.69384E+02          0.00000E+00
         0.69345E+02          0.00000E+00
         0.69307E+02          0.00000E+00
         0.69268E+02          0.00000E+00
         0.69229E+02          0.00000E+00
         0.69191E+02          0.00000E+00
         0.69152E+02          0.00000E+00
         0.69113E+02          0.00000E+00
         0.69075E+02          0.00000E+00
         0.69036E+02          0.00000E+00
         0.68998E+02          0.00000E+00
         0.68960E+02          0.00000E+00
         0.68921E+02          0.00000E+00
         0.68883E+02          0.00000E+00
         0.68845E+02          0.00000E+00
         0.68807E+02          0.00000E+00
         0.68768E+02          0.00000E+00
         0.68730E+02          0.00000E+00
         0.68692E+02          0.00000E+00
         0.68654E+02          0.00000E+00
         0.68616E+02          0.00000E+00
         0.68578E+02          0.00000E+00
         0.68540E+02          0.00000E+00
         0.68502E+02          0.00000E+00
         0.68465E+02          0.00000E+00
         0.68427E+02          0.00000E+00
         0.68389E+02          0.00000E+00
         0.68351E+02          0.00000E+00
         0.68314E+02          0.00000E+00
         0.68276E+02          0.00000E+00
         0.68239E+02          0.00000E+00
         0.68201E+02          0.00000E+00
         0.68163E+02          0.00000E+00
         0.68126E+02          0.00000E+00
         0.68089E+02          0.00000E+00
         0.68051E+02          0.00000E+00
         0.68014E+02          0.00000E+00
         0.67977E+02          0.00000E+00
         0.67939E+02          0.00000E+00
         0.67902E+02          0.00000E+00
         0.67865E+02          0.00000E+00
         0.67828E+02          0.00000E+00
         0.67791E+02          0.00000E+00
         0.67754E+02          0.00000E+00
         0.67717E+02          0.00000E+00
         0.67680E+02          0.00000E+00
         0.67643E+02          0.00000E+00
         0.67606E+02          0.00000E+00
         0.67569E+02          0.00000E+00
         0.67532E+02          0.00000E+00
         0.67496E+02          0.00000E+00
         0.67459E+02          0.00000E+00
         0.67422E+02          0.00000E+00
         0.67385E+02          0.00000E+00
         0.67349E+02          0.00000E+00
         0.67312E+02          0.00000E+00
         0.67276E+02          0.00000E+00
         0.67239E+02          0.00000E+00
         0.67203E+02          0.00000E+00
         0.67166E+02          0.00000E+00
         0.67130E+02          0.00000E+00
         0.67094E+02          0.00000E+00
         0.67057E+02          0.00000E+00
         0.67021E+02          0.00000E+00
         0.66985E+02          0.00000E+00
         0.66949E+02          0.00000E+00
         0.66913E+02          0.00000E+00
         0.66877E+02          0.00000E+00
         0.66841E+02          0.00000E+00
         0.66805E+02          0.00000E+00
         0.66769E+02          0.00000E+00
         0.66733E+02          0.00000E+00
         0.66697E+02          0.00000E+00
         0.66661E+02          0.00000E+00
         0.66625E+02          0.00000E+00
         0.66589E+02          0.00000E+00
         0.66554E+02          0.00000E+00
         0.66518E+02          0.00000E+00
         0.66482E+02          0.00000E+00
         0.66447E+02          0.00000E+00
         0.66411E+02          0.00000E+00
         0.66375E+02          0.00000E+00
         0.66340E+02          0.00000E+00
         0.66304E+02          0.00000E+00
         0.66269E+02          0.00000E+00
         0.66234E+02          0.00000E+00
         0.66198E+02          0.00000E+00
         0.66163E+02          0.00000E+00
         0.66128E+02          0.00000E+00
         0.66092E+02          0.00000E+00
         0.66057E+02          0.00000E+00
         0.66022E+02          0.00000E+00
         0.65987E+02          0.00000E+00
         0.65952E+02          0.00000E+00
         0.65917E+02          0.00000E+00
         0.65882E+02          0.00000E+00
         0.65847E+02          0.00000E+00
         0.65812E+02          0.00000E+00
         0.65777E+02          0.00000E+00
         0.65742E+02          0.00000E+00
         0.65707E+02          0.00000E+00
         0.65672E+02          0.00000E+00
         0.65637E+02          0.00000E+00
         0.65603E+02          0.00000E+00
         0.65568E+02          0.00000E+00
         0.65533E+02          0.00000E+00
         0.65499E+02          0.00000E+00
         0.65464E+02          0.00000E+00
         0.65430E+02          0.00000E+00
         0.65395E+02          0.00000E+00
         0.65361E+02          0.00000E+00
         0.65326E+02          0.00000E+00
         0.65292E+02          0.00000E+00
         0.65257E+02          0.00000E+00
         0.65223E+02          0.00000E+00
         0.65189E+02          0.00000E+00
         0.65155E+02          0.00000E+00
         0.65120E+02          0.00000E+00
         0.65086E+02          0.00000E+00
         0.65052E+02          0.00000E+00
         0.65018E+02          0.00000E+00
         0.64984E+02          0.00000E+00
         0.64950E+02          0.00000E+00
         0.64916E+02          0.00000E+00
         0.64882E+02          0.00000E+00
         0.64848E+02          0.00000E+00
         0.64814E+02          0.00000E+00
         0.64780E+02          0.00000E+00
         0.64746E+02          0.00000E+00
         0.64712E+02          0.00000E+00
         0.64679E+02          0.00000E+00
         0.64645E+02          0.00000E+00
         0.64611E+02          0.00000E+00
         0.64578E+02          0.00000E+00
         0.64544E+02          0.00000E+00
         0.64510E+02          0.00000E+00
         0.64477E+02          0.00000E+00
         0.64443E+02          0.00000E+00
         0.64410E+02          0.00000E+00
         0.64376E+02          0.00000E+00
         0.64343E+02          0.00000E+00
         0.64310E+02          0.00000E+00
         0.64276E+02          0.00000E+00
         0.64243E+02          0.00000E+00
         0.64210E+02          0.00000E+00
         0.64177E+02          0.00000E+00
         0.64143E+02          0.00000E+00
         0.64110E+02          0.00000E+00
         0.64077E+02          0.00000E+00
         0.64044E+02          0.00000E+00
         0.64011E+02          0.00000E+00
         0.63978E+02          0.00000E+00
         0.63945E+02          0.00000E+00
         0.63912E+02          0.00000E+00
         0.63879E+02          0.00000E+00
         0.63846E+02          0.00000E+00
         0.63813E+02          0.00000E+00
         0.63780E+02          0.00000E+00
         0.63748E+02          0.00000E+00
         0.63715E+02          0.00000E+00
         0.63682E+02          0.00000E+00
         0.63649E+02          0.00000E+00
         0.63617E+02          0.00000E+00
         0.63584E+02          0.00000E+00
         0.63552E+02          0.00000E+00
         0.63519E+02          0.00000E+00
         0.63486E+02          0.00000E+00
         0.63454E+02          0.00000E+00
         0.63421E+02          0.00000E+00
         0.63389E+02          0.00000E+00
         0.63357E+02          0.00000E+00
         0.63324E+02          0.00000E+00
         0.63292E+02          0.00000E+00
         0.63260E+02          0.00000E+00
         0.63227E+02          0.00000E+00
         0.63195E+02          0.00000E+00
         0.63163E+02          0.00000E+00
         0.63131E+02          0.00000E+00
         0.63099E+02          0.00000E+00
         0.63067E+02          0.00000E+00
         0.63035E+02          0.00000E+00
         0.63003E+02          0.00000E+00
         0.62971E+02          0.00000E+00
         0.62939E+02          0.00000E+00
         0.62907E+02          0.00000E+00
         0.62875E+02          0.00000E+00
         0.62843E+02          0.00000E+00
         0.62811E+02          0.00000E+00
         0.62779E+02          0.00000E+00
         0.62747E+02          0.00000E+00
         0.62716E+02          0.00000E+00
         0.62684E+02          0.00000E+00
         0.62652E+02          0.00000E+00
         0.62621E+02          0.00000E+00
         0.62589E+02          0.00000E+00
         0.62557E+02          0.00000E+00
         0.62526E+02          0.00000E+00
         0.62494E+02          0.00000E+00
         0.62463E+02          0.00000E+00
         0.62431E+02          0.00000E+00
         0.62400E+02          0.00000E+00
         0.62369E+02          0.00000E+00
         0.62337E+02          0.00000E+00
         0.62306E+02          0.00000E+00
         0.62275E+02          0.00000E+00
         0.62243E+02          0.00000E+00
         0.62212E+02          0.00000E+00
         0.62181E+02          0.00000E+00
         0.62150E+02          0.00000E+00
         0.62119E+02          0.00000E+00
         0.62088E+02          0.00000E+00
         0.62056E+02          0.00000E+00
         0.62025E+02          0.00000E+00
         0.61994E+02          0.00000E+00
         0.61963E+02          0.00000E+00
         0.61932E+02          0.00000E+00
         0.61902E+02          0.00000E+00
         0.61871E+02          0.00000E+00
         0.61840E+02          0.00000E+00
         0.61809E+02          0.00000E+00
         0.61778E+02          0.00000E+00
         0.61747E+02          0.00000E+00
         0.61717E+02          0.00000E+00
         0.61686E+02          0.00000E+00
         0.61655E+02          0.00000E+00
         0.61625E+02          0.00000E+00
         0.61594E+02          0.00000E+00
         0.61563E+02          0.00000E+00
         0.61533E+02          0.00000E+00
         0.61502E+02          0.00000E+00
         0.61472E+02          0.00000E+00
         0.61441E+02          0.00000E+00
         0.61411E+02          0.00000E+00
         0.61381E+02          0.00000E+00
         0.61350E+02          0.00000E+00
         0.61320E+02          0.00000E+00
         0.61290E+02          0.00000E+00
         0.61259E+02          0.00000E+00
         0.61229E+02          0.00000E+00
         0.61199E+02          0.00000E+00
         0.61169E+02          0.00000E+00
         0.61138E+02          0.00000E+00
         0.61108E+02          0.00000E+00
         0.61078E+02          0.00000E+00
         0.61048E+02          0.00000E+00
         0.61018E+02          0.00000E+00
         0.60988E+02          0.00000E+00
         0.60958E+02          0.00000E+00
         0.60928E+02          0.00000E+00
         0.60898E+02          0.00000E+00
         0.60868E+02          0.00000E+00
         0.60838E+02          0.00000E+00
         0.60809E+02          0.00000E+00
         0.60779E+02          0.00000E+00
         0.60749E+02          0.00000E+00
         0.60719E+02          0.00000E+00
         0.60690E+02          0.00000E+00
         0.60660E+02          0.00000E+00
         0.60630E+02          0.00000E+00
         0.60601E+02          0.00000E+00
         0.60571E+02          0.00000E+00
         0.60541E+02          0.00000E+00
         0.60512E+02          0.00000E+00
         0.60482E+02          0.00000E+00
         0.60453E+02          0.00000E+00
         0.60423E+02          0.00000E+00
         0.60394E+02          0.00000E+00
         0.60365E+02          0.00000E+00
         0.60335E+02          0.00000E+00
         0.60306E+02          0.00000E+00
         0.60276E+02          0.00000E+00
         0.60247E+02          0.00000E+00
         0.60218E+02          0.00000E+00
         0.60189E+02          0.00000E+00
         0.60159E+02          0.00000E+00
         0.60130E+02          0.00000E+00
         0.60101E+02          0.00000E+00
         0.60072E+02          0.00000E+00
         0.60043E+02          0.00000E+00
         0.60014E+02          0.00000E+00
         0.59985E+02          0.00000E+00
         0.59956E+02          0.00000E+00
         0.59927E+02          0.00000E+00
         0.59898E+02          0.00000E+00
         0.59869E+02          0.00000E+00
         0.59840E+02          0.00000E+00
         0.59811E+02          0.00000E+00
         0.59782E+02          0.00000E+00
         0.59754E+02          0.00000E+00
         0.59725E+02          0.00000E+00
         0.59696E+02          0.00000E+00
         0.59667E+02          0.00000E+00
         0.59639E+02          0.00000E+00
         0.59610E+02          0.00000E+00
         0.59581E+02          0.00000E+00
         0.59553E+02          0.00000E+00
         0.59524E+02          0.00000E+00
         0.59496E+02          0.00000E+00
         0.59467E+02          0.00000E+00
         0.59438E+02          0.00000E+00
         0.59410E+02          0.00000E+00
         0.59382E+02          0.00000E+00
         0.59353E+02          0.00000E+00
         0.59325E+02          0.00000E+00
         0.59296E+02          0.00000E+00
         0.59268E+02          0.00000E+00
         0.59240E+02          0.00000E+00
         0.59211E+02          0.00000E+00
         0.59183E+02          0.00000E+00
         0.59155E+02          0.00000E+00
         0.59127E+02          0.00000E+00
         0.59098E+02          0.00000E+00
         0.59070E+02          0.00000E+00
         0.59042E+02          0.00000E+00
         0.59014E+02          0.00000E+00
         0.58986E+02          0.00000E+00
         0.58958E+02          0.00000E+00
         0.58930E+02          0.00000E+00
         0.58902E+02          0.00000E+00
         0.58874E+02          0.00000E+00
         0.58846E+02          0.00000E+00
         0.58818E+02          0.00000E+00
         0.58790E+02          0.00000E+00
         0.58762E+02          0.00000E+00
         0.58735E+02          0.00000E+00
         0.58707E+02          0.00000E+00
         0.58679E+02          0.00000E+00
         0.58651E+02          0.00000E+00
         0.58623E+02          0.00000E+00
         0.58596E+02          0.00000E+00
         0.58568E+02          0.00000E+00
         0.58540E+02          0.00000E+00
         0.58513E+02          0.00000E+00
         0.58485E+02          0.00000E+00
         0.58458E+02          0.00000E+00
         0.58430E+02          0.00000E+00
         0.58403E+02          0.00000E+00
         0.58375E+02          0.00000E+00
         0.58348E+02          0.00000E+00
         0.58320E+02          0.00000E+00
         0.58293E+02          0.00000E+00
         0.58265E+02          0.00000E+00
         0.58238E+02          0.00000E+00
         0.58211E+02          0.00000E+00
         0.58183E+02          0.00000E+00
         0.58156E+02          0.00000E+00
         0.58129E+02          0.00000E+00
         0.58101E+02          0.00000E+00
         0.58074E+02          0.00000E+00
         0.58047E+02          0.00000E+00
         0.58020E+02          0.00000E+00
         0.57993E+02          0.00000E+00
         0.57966E+02          0.00000E+00
         0.57939E+02          0.00000E+00
         0.57911E+02          0.00000E+00
         0.57884E+02          0.00000E+00
         0.57857E+02          0.00000E+00
         0.57830E+02          0.00000E+00
         0.57804E+02          0.00000E+00
         0.57777E+02          0.00000E+00
         0.57750E+02          0.00000E+00
         0.57723E+02          0.00000E+00
         0.57696E+02          0.00000E+00
         0.57669E+02          0.00000E+00
         0.57642E+02          0.00000E+00
         0.57615E+02          0.00000E+00
         0.57589E+02          0.00000E+00
         0.57562E+02          0.00000E+00
         0.57535E+02          0.00000E+00
         0.57509E+02          0.00000E+00
         0.57482E+02          0.00000E+00
         0.57455E+02          0.00000E+00
         0.57429E+02          0.00000E+00
         0.57402E+02          0.00000E+00
         0.57376E+02          0.00000E+00
         0.57349E+02          0.00000E+00
         0.57322E+02          0.00000E+00
         0.57296E+02          0.00000E+00
         0.57269E+02          0.00000E+00
         0.57243E+02          0.00000E+00
         0.57217E+02          0.00000E+00
         0.57190E+02          0.00000E+00
         0.57164E+02          0.00000E+00
         0.57138E+02          0.00000E+00
         0.57111E+02          0.00000E+00
         0.57085E+02          0.00000E+00
         0.57059E+02          0.00000E+00
         0.57032E+02          0.00000E+00
         0.57006E+02          0.00000E+00
         0.56980E+02          0.00000E+00
         0.56954E+02          0.00000E+00
         0.56928E+02          0.00000E+00
         0.56902E+02          0.00000E+00
         0.56875E+02          0.00000E+00
         0.56849E+02          0.00000E+00
         0.56823E+02          0.00000E+00
         0.56797E+02          0.00000E+00
         0.56771E+02          0.00000E+00
         0.56745E+02          0.00000E+00
         0.56719E+02          0.00000E+00
         0.56693E+02          0.00000E+00
         0.56667E+02          0.00000E+00
         0.56642E+02          0.00000E+00
         0.56616E+02          0.00000E+00
         0.56590E+02          0.00000E+00
         0.56564E+02          0.00000E+00
         0.56538E+02          0.00000E+00
         0.56512E+02          0.00000E+00
         0.56487E+02          0.00000E+00
         0.56461E+02          0.00000E+00
         0.56435E+02          0.00000E+00
         0.56410E+02          0.00000E+00
         0.56384E+02          0.00000E+00
         0.56358E+02          0.00000E+00
         0.56333E+02          0.00000E+00
         0.56307E+02          0.00000E+00
         0.56282E+02          0.00000E+00
         0.56256E+02          0.00000E+00
         0.56231E+02          0.00000E+00
         0.56205E+02          0.00000E+00
         0.56180E+02          0.00000E+00
         0.56154E+02          0.00000E+00
         0.56129E+02          0.00000E+00
         0.56103E+02          0.00000E+00
         0.56078E+02          0.00000E+00
         0.56053E+02          0.00000E+00
         0.56027E+02          0.00000E+00
         0.56002E+02          0.00000E+00
         0.55977E+02          0.00000E+00
         0.55951E+02          0.00000E+00
         0.55926E+02          0.00000E+00
         0.55901E+02          0.00000E+00
         0.55876E+02          0.00000E+00
         0.55851E+02          0.00000E+00
         0.55825E+02          0.00000E+00
         0.55800E+02          0.00000E+00
         0.55775E+02          0.00000E+00
         0.55750E+02          0.00000E+00
         0.55725E+02          0.00000E+00
         0.55700E+02          0.00000E+00
         0.55675E+02          0.00000E+00
         0.55650E+02          0.00000E+00
         0.55625E+02          0.00000E+00
         0.55600E+02          0.00000E+00
         0.55575E+02          0.00000E+00
         0.55550E+02          0.00000E+00
         0.55525E+02          0.00000E+00
         0.55501E+02          0.00000E+00
         0.55476E+02          0.00000E+00
         0.55451E+02          0.00000E+00
         0.55426E+02          0.00000E+00
         0.55401E+02          0.00000E+00
         0.55377E+02          0.00000E+00
         0.55352E+02          0.00000E+00
         0.55327E+02          0.00000E+00
         0.55303E+02          0.00000E+00
         0.55278E+02          0.00000E+00
         0.55253E+02          0.00000E+00
         0.55229E+02          0.00000E+00
         0.55204E+02          0.00000E+00
         0.55179E+02          0.00000E+00
         0.55155E+02          0.00000E+00
         0.55130E+02          0.00000E+00
         0.55106E+02          0.00000E+00
         0.55081E+02          0.00000E+00
         0.55057E+02          0.00000E+00
         0.55033E+02          0.00000E+00
         0.55008E+02          0.00000E+00
         0.54984E+02          0.00000E+00
         0.54959E+02          0.00000E+00
         0.54935E+02          0.00000E+00
         0.54911E+02          0.00000E+00
         0.54886E+02          0.00000E+00
         0.54862E+02          0.00000E+00
         0.54838E+02          0.00000E+00
         0.54814E+02          0.00000E+00
         0.54789E+02          0.00000E+00
         0.54765E+02          0.00000E+00
         0.54741E+02          0.00000E+00
         0.54717E+02          0.00000E+00
         0.54693E+02          0.00000E+00
         0.54669E+02          0.00000E+00
         0.54644E+02          0.00000E+00
         0.54620E+02          0.00000E+00
         0.54596E+02          0.00000E+00
         0.54572E+02          0.00000E+00
         0.54548E+02          0.00000E+00
         0.54524E+02          0.00000E+00
         0.54500E+02          0.00000E+00
         0.54476E+02          0.00000E+00
         0.54452E+02          0.00000E+00
         0.54429E+02          0.00000E+00
         0.54405E+02          0.00000E+00
         0.54381E+02          0.00000E+00
         0.54357E+02          0.00000E+00
         0.54333E+02          0.00000E+00
         0.54309E+02          0.00000E+00
         0.54286E+02          0.00000E+00
         0.54262E+02          0.00000E+00
         0.54238E+02          0.00000E+00
         0.54214E+02          0.00000E+00
         0.54191E+02          0.00000E+00
         0.54167E+02          0.00000E+00
         0.54143E+02          0.00000E+00
         0.54120E+02          0.00000E+00
         0.54096E+02          0.00000E+00
         0.54072E+02          0.00000E+00
         0.54049E+02          0.00000E+00
         0.54025E+02          0.00000E+00
         0.54002E+02          0.00000E+00
         0.53978E+02          0.00000E+00
         0.53955E+02          0.00000E+00
         0.53931E+02          0.00000E+00
         0.53908E+02          0.00000E+00
         0.53884E+02          0.00000E+00
         0.53861E+02          0.00000E+00
         0.53838E+02          0.00000E+00
         0.53814E+02          0.00000E+00
         0.53791E+02          0.00000E+00
         0.53768E+02          0.00000E+00
         0.53744E+02          0.00000E+00
         0.53721E+02          0.00000E+00
         0.53698E+02          0.00000E+00
         0.53675E+02          0.00000E+00
         0.53651E+02          0.00000E+00
         0.53628E+02          0.00000E+00
         0.53605E+02          0.00000E+00
         0.53582E+02          0.00000E+00
         0.53559E+02          0.00000E+00
         0.53535E+02          0.00000E+00
         0.53512E+02          0.00000E+00
         0.53489E+02          0.00000E+00
         0.53466E+02          0.00000E+00
         0.53443E+02          0.00000E+00
         0.53420E+02          0.00000E+00
         0.53397E+02          0.00000E+00
         0.53374E+02          0.00000E+00
         0.53351E+02          0.00000E+00
         0.53328E+02          0.00000E+00
         0.53305E+02          0.00000E+00
         0.53282E+02          0.00000E+00
         0.53260E+02          0.00000E+00
         0.53237E+02          0.00000E+00
         0.53214E+02          0.00000E+00
         0.53191E+02          0.00000E+00
         0.53168E+02          0.00000E+00
         0.53145E+02          0.00000E+00
         0.53123E+02          0.00000E+00
         0.53100E+02          0.00000E+00
         0.53077E+02          0.00000E+00
         0.53054E+02          0.00000E+00
         0.53032E+02          0.00000E+00
         0.53009E+02          0.00000E+00
         0.52986E+02          0.00000E+00
         0.52964E+02          0.00000E+00
         0.52941E+02          0.00000E+00
         0.52919E+02          0.00000E+00
         0.52896E+02          0.00000E+00
         0.52873E+02          0.00000E+00
         0.52851E+02          0.00000E+00
         0.52828E+02          0.00000E+00
         0.52806E+02          0.00000E+00
         0.52783E+02          0.00000E+00
         0.52761E+02          0.00000E+00
         0.52738E+02          0.00000E+00
         0.52716E+02          0.00000E+00
         0.52694E+02          0.00000E+00
         0.52671E+02          0.00000E+00
         0.52649E+02          0.00000E+00
         0.52627E+02          0.00000E+00
         0.52604E+02          0.00000E+00
         0.52582E+02          0.00000E+00
         0.52560E+02          0.00000E+00
         0.52537E+02          0.00000E+00
         0.52515E+02          0.00000E+00
         0.52493E+02          0.00000E+00
         0.52471E+02          0.00000E+00
         0.52448E+02          0.00000E+00
         0.52426E+02          0.00000E+00
         0.52404E+02          0.00000E+00
         0.52382E+02          0.00000E+00
         0.52360E+02          0.00000E+00
         0.52338E+02          0.00000E+00
         0.52316E+02          0.00000E+00
         0.52294E+02          0.00000E+00
         0.52272E+02          0.00000E+00
         0.52249E+02          0.00000E+00
         0.52227E+02          0.00000E+00
         0.52205E+02          0.00000E+00
         0.52184E+02          0.00000E+00
         0.52162E+02          0.00000E+00
         0.52140E+02          0.00000E+00
         0.52118E+02          0.00000E+00
         0.52096E+02          0.00000E+00
         0.52074E+02          0.00000E+00
         0.52052E+02          0.00000E+00
         0.52030E+02          0.00000E+00
         0.52008E+02          0.00000E+00
         0.51987E+02          0.00000E+00
         0.51965E+02          0.00000E+00
         0.51943E+02          0.00000E+00
         0.51921E+02          0.00000E+00
         0.51900E+02          0.00000E+00
         0.51878E+02          0.00000E+00
         0.51856E+02          0.00000E+00
         0.51834E+02          0.00000E+00
         0.51813E+02          0.00000E+00
         0.51791E+02          0.00000E+00
         0.51770E+02          0.00000E+00
         0.51748E+02          0.00000E+00
         0.51726E+02          0.00000E+00
         0.51705E+02          0.00000E+00
         0.51683E+02          0.00000E+00
         0.51662E+02          0.00000E+00
         0.51640E+02          0.00000E+00
         0.51619E+02          0.00000E+00
         0.51597E+02          0.00000E+00
         0.51576E+02          0.00000E+00
         0.51554E+02          0.00000E+00
         0.51533E+02          0.00000E+00
         0.51511E+02          0.00000E+00
         0.51490E+02          0.00000E+00
         0.51469E+02          0.00000E+00
         0.51447E+02          0.00000E+00
         0.51426E+02          0.00000E+00
         0.51405E+02          0.00000E+00
         0.51383E+02          0.00000E+00
         0.51362E+02          0.00000E+00
         0.51341E+02          0.00000E+00
         0.51320E+02          0.00000E+00
         0.51298E+02          0.00000E+00
         0.51277E+02          0.00000E+00
         0.51256E+02          0.00000E+00
         0.51235E+02          0.00000E+00
         0.51214E+02          0.00000E+00
         0.51192E+02          0.00000E+00
         0.51171E+02          0.00000E+00
         0.51150E+02          0.00000E+00
         0.51129E+02          0.00000E+00
         0.51108E+02          0.00000E+00
         0.51087E+02          0.00000E+00
         0.51066E+02          0.00000E+00
         0.51045E+02          0.00000E+00
         0.51024E+02          0.00000E+00
         0.51003E+02          0.00000E+00
         0.50982E+02          0.00000E+00
         0.50961E+02          0.00000E+00
         0.50940E+02          0.00000E+00
         0.50919E+02          0.00000E+00
         0.50898E+02          0.00000E+00
         0.50877E+02          0.00000E+00
         0.50856E+02          0.00000E+00
         0.50836E+02          0.00000E+00
         0.50815E+02          0.00000E+00
         0.50794E+02          0.00000E+00
         0.50773E+02          0.00000E+00
         0.50752E+02          0.00000E+00
         0.50732E+02          0.00000E+00
         0.50711E+02          0.00000E+00
         0.50690E+02          0.00000E+00
         0.50669E+02          0.00000E+00
         0.50649E+02          0.00000E+00
         0.50628E+02          0.13509E-01
         0.50607E+02          0.13453E-01
         0.50587E+02          0.13395E-01
         0.50566E+02          0.13333E-01
         0.50545E+02          0.13264E-01
         0.50525E+02          0.13184E-01
         0.50504E+02          0.13078E-01
         0.50484E+02          0.12904E-01
         0.50463E+02          0.12327E-01
         0.50443E+02          0.14086E-01
         0.50422E+02          0.13314E-01
         0.50402E+02          0.13087E-01
         0.50381E+02          0.12958E-01
         0.50361E+02          0.22191E-01
         0.50340E+02          0.14453E-01
         0.50320E+02          0.13453E-01
         0.50299E+02          0.13161E-01
         0.50279E+02          0.12974E-01
         0.50259E+02          0.12770E-01
         0.50238E+02          0.17201E-01
         0.50218E+02          0.12847E-01
         0.50198E+02          0.12651E-01
         0.50177E+02          0.12490E-01
         0.50157E+02          0.12317E-01
         0.50137E+02          0.12104E-01
         0.50116E+02          0.11803E-01
         0.50096E+02          0.11208E-01
         0.50076E+02          0.14663E-01
         0.50056E+02          0.12067E-01
         0.50035E+02          0.11913E-01
         0.50015E+02          0.10410E-01
         0.49995E+02          0.85112E-02
         0.49975E+02          0.18759E-01
         0.49955E+02          0.22661E-01
         0.49935E+02          0.17527E-01
         0.49915E+02          0.15722E-01
         0.49895E+02          0.16592E-01
         0.49874E+02          0.19312E-01
         0.49854E+02          0.24361E-01
         0.49834E+02          0.16787E-01
         0.49814E+02          0.98846E-02
         0.49794E+02          0.12721E-01
         0.49774E+02          0.14238E-01
         0.49754E+02          0.12558E-01
         0.49734E+02          0.12439E-01
         0.49714E+02          0.12449E-01
         0.49695E+02          0.12410E-01
         0.49675E+02          0.12387E-01
         0.49655E+02          0.13067E-01
         0.49635E+02          0.11607E-01
         0.49615E+02          0.12348E-01
         0.49595E+02          0.10991E-01
         0.49575E+02          0.96160E-02
         0.49555E+02          0.94970E-02
         0.49536E+02          0.97973E-02
         0.49516E+02          0.92739E-02
         0.49496E+02          0.83580E-02
         0.49476E+02          0.13416E-01
         0.49457E+02          0.11556E+00
         0.49437E+02          0.13485E-01
         0.49417E+02          0.12354E-01
         0.49398E+02          0.11609E-01
         0.49378E+02          0.10152E-01
         0.49358E+02          0.76978E-02
         0.49339E+02          0.14725E-01
         0.49319E+02          0.12125E-01
         0.49299E+02          0.12112E-01
         0.49280E+02          0.16190E-01
         0.49260E+02          0.13549E-01
         0.49241E+02          0.10634E-01
         0.49221E+02          0.82621E-02
         0.49202E+02          0.14889E-01
         0.49182E+02          0.12826E-01
         0.49162E+02          0.11000E-01
         0.49143E+02          0.59987E-01
         0.49124E+02          0.11070E-01
         0.49104E+02          0.84036E-02
         0.49085E+02          0.29778E-01
         0.49065E+02          0.19713E-01
         0.49046E+02          0.25466E-01
         0.49026E+02          0.59036E-01
         0.49007E+02          0.34496E-01
         0.48988E+02          0.34239E-01
         0.48968E+02          0.23568E-01
         0.48949E+02          0.21881E-01
         0.48930E+02          0.13086E-01
         0.48910E+02          0.14999E-01
         0.48891E+02          0.15507E-01
         0.48872E+02          0.13072E+00
         0.48853E+02          0.12363E-01
         0.48833E+02          0.17478E-01
         0.48814E+02          0.12160E-01
         0.48795E+02          0.14337E-01
         0.48776E+02          0.22407E-01
         0.48756E+02          0.12291E-01
         0.48737E+02          0.11606E-01
         0.48718E+02          0.23530E-01
         0.48699E+02          0.17713E-01
         0.48680E+02          0.13685E-01
         0.48661E+02          0.11321E+00
         0.48642E+02          0.17268E-01
         0.48623E+02          0.17079E-01
         0.48604E+02          0.17582E-01
         0.48585E+02          0.15911E-01
         0.48566E+02          0.17096E-01
         0.48546E+02          0.12143E-01
         0.48527E+02          0.12701E-01
         0.48509E+02          0.13596E-01
         0.48490E+02          0.13678E-01
         0.48471E+02          0.17493E-01
         0.48452E+02          0.66831E-02
         0.48433E+02          0.14087E-01
         0.48414E+02          0.14709E-01
         0.48395E+02          0.13879E-01
         0.48376E+02          0.13310E-01
         0.48357E+02          0.13237E-01
         0.48338E+02          0.12413E-01
         0.48319E+02          0.13049E-01
         0.48301E+02          0.14123E-01
         0.48282E+02          0.12472E-01
         0.48263E+02          0.12971E-01
         0.48244E+02          0.13385E-01
         0.48225E+02          0.13440E-01
         0.48207E+02          0.12957E-01
         0.48188E+02          0.13565E-01
         0.48169E+02          0.13473E-01
         0.48151E+02          0.13447E-01
         0.48132E+02          0.13437E-01
         0.48113E+02          0.13437E-01
         0.48095E+02          0.13448E-01
         0.48076E+02          0.13473E-01
         0.48057E+02          0.13517E-01
         0.48039E+02          0.13581E-01
         0.48020E+02          0.13150E-01
         0.48001E+02          0.14701E-01
         0.47983E+02          0.22338E-01
         0.47964E+02          0.10426E-01
         0.47946E+02          0.11227E-01
         0.47927E+02          0.12091E-01
         0.47909E+02          0.10683E-01
         0.47890E+02          0.12635E-01
         0.47872E+02          0.12839E-01
         0.47853E+02          0.12913E-01
         0.47835E+02          0.12959E-01
         0.47816E+02          0.12997E-01
         0.47798E+02          0.13034E-01
         0.47779E+02          0.13077E-01
         0.47761E+02          0.13130E-01
         0.47743E+02          0.13205E-01
         0.47724E+02          0.13324E-01
         0.47706E+02          0.13543E-01
         0.47688E+02          0.14485E-01
         0.47669E+02          0.93816E-02
         0.47651E+02          0.11852E-01
         0.47633E+02          0.11156E-01
         0.47614E+02          0.12287E-01
         0.47596E+02          0.12511E-01
         0.47578E+02          0.12622E-01
         0.47560E+02          0.12701E-01
         0.47541E+02          0.12766E-01
         0.47523E+02          0.12812E-01
         0.47505E+02          0.12438E-01
         0.47487E+02          0.18070E-01
         0.47468E+02          0.11877E-01
         0.47450E+02          0.12401E-01
         0.47432E+02          0.12655E-01
         0.47414E+02          0.12818E-01
         0.47396E+02          0.13042E-01
         0.47378E+02          0.13582E-01
         0.47360E+02          0.11680E-01
         0.47342E+02          0.12277E-01
         0.47324E+02          0.12624E-01
         0.47305E+02          0.12972E-01
         0.47287E+02          0.37250E-01
         0.47269E+02          0.11728E-01
         0.47251E+02          0.11143E-01
         0.47233E+02          0.14319E-01
         0.47215E+02          0.12251E-01
         0.47197E+02          0.12452E-01
         0.47179E+02          0.11956E-01
         0.47162E+02          0.12930E-01
         0.47144E+02          0.12144E-01
         0.47126E+02          0.11547E-01
         0.47108E+02          0.11167E-01
         0.47090E+02          0.11525E-01
         0.47072E+02          0.12870E-01
         0.47054E+02          0.12877E-01
         0.47036E+02          0.12911E-01
         0.47018E+02          0.11469E-01
         0.47001E+02          0.10694E-01
         0.46983E+02          0.12369E-01
         0.46965E+02          0.12275E-01
         0.46947E+02          0.12175E-01
         0.46929E+02          0.10933E-01
         0.46912E+02          0.12250E-01
         0.46894E+02          0.12123E-01
         0.46876E+02          0.11704E-01
         0.46859E+02          0.12129E-01
         0.46841E+02          0.16529E-01
         0.46823E+02          0.10114E-01
         0.46805E+02          0.12077E-01
         0.46788E+02          0.12114E-01
         0.46770E+02          0.12047E-01
         0.46752E+02          0.11766E-01
         0.46735E+02          0.12775E-01
         0.46717E+02          0.11894E-01
         0.46700E+02          0.11721E-01
         0.46682E+02          0.11165E-01
         0.46665E+02          0.11198E-01
         0.46647E+02          0.10706E-01
         0.46629E+02          0.10266E-01
         0.46612E+02          0.94297E-02
         0.46594E+02          0.77145E-02
         0.46577E+02          0.85568E-02
         0.46559E+02          0.12023E-01
         0.46542E+02          0.11186E-01
         0.46524E+02          0.10263E-01
         0.46507E+02          0.13056E-01
         0.46490E+02          0.13496E-01
         0.46472E+02          0.13359E-01
         0.46455E+02          0.13256E-01
         0.46437E+02          0.12767E-01
         0.46420E+02          0.12674E-01
         0.46403E+02          0.12758E-01
         0.46385E+02          0.12731E-01
         0.46368E+02          0.12680E-01
         0.46350E+02          0.12633E-01
         0.46333E+02          0.12593E-01
         0.46316E+02          0.12559E-01
         0.46299E+02          0.12534E-01
         0.46281E+02          0.12543E-01
         0.46264E+02          0.12340E-01
         0.46247E+02          0.12248E-01
         0.46230E+02          0.12370E-01
         0.46212E+02          0.12362E-01
         0.46195E+02          0.12348E-01
         0.46178E+02          0.12340E-01
         0.46161E+02          0.12481E-01
         0.46143E+02          0.11971E-01
         0.46126E+02          0.12238E-01
         0.46109E+02          0.12235E-01
         0.46092E+02          0.12236E-01
         0.46075E+02          0.12106E-01
         0.46058E+02          0.12148E-01
         0.46041E+02          0.12144E-01
         0.46024E+02          0.12058E-01
         0.46007E+02          0.12040E-01
         0.45989E+02          0.11988E-01
         0.45972E+02          0.11096E-01
         0.45955E+02          0.11394E-01
         0.45938E+02          0.12154E-01
         0.45921E+02          0.12086E-01
         0.45904E+02          0.12039E-01
         0.45887E+02          0.12007E-01
         0.45870E+02          0.11945E-01
         0.45853E+02          0.11903E-01
         0.45836E+02          0.11868E-01
         0.45819E+02          0.11731E-01
         0.45803E+02          0.11336E-01
         0.45786E+02          0.11391E-01
         0.45769E+02          0.11028E-01
         0.45752E+02          0.10095E-01
         0.45735E+02          0.77041E-02
         0.45718E+02          0.10706E-01
         0.45701E+02          0.12785E-01
         0.45684E+02          0.12952E-01
         0.45668E+02          0.12731E-01
         0.45651E+02          0.12586E-01
         0.45634E+02          0.12486E-01
         0.45617E+02          0.12411E-01
         0.45600E+02          0.12352E-01
         0.45584E+02          0.12302E-01
         0.45567E+02          0.12259E-01
         0.45550E+02          0.12219E-01
         0.45533E+02          0.12180E-01
         0.45517E+02          0.12140E-01
         0.45500E+02          0.12095E-01
         0.45483E+02          0.12033E-01
         0.45467E+02          0.11888E-01
         0.45450E+02          0.12089E-01
         0.45433E+02          0.12135E-01
         0.45417E+02          0.12028E-01
         0.45400E+02          0.11941E-01
         0.45383E+02          0.11834E-01
         0.45367E+02          0.11658E-01
         0.45350E+02          0.11244E-01
         0.45334E+02          0.87448E-02
         0.45317E+02          0.97058E-02
         0.45300E+02          0.12760E-01
         0.45284E+02          0.12505E-01
         0.45267E+02          0.12370E-01
         0.45251E+02          0.12281E-01
         0.45234E+02          0.12212E-01
         0.45218E+02          0.12147E-01
         0.45201E+02          0.12070E-01
         0.45185E+02          0.11871E-01
         0.45168E+02          0.12235E-01
         0.45152E+02          0.12020E-01
         0.45136E+02          0.11857E-01
         0.45119E+02          0.11462E-01
         0.45103E+02          0.90789E-02
         0.45086E+02          0.12684E-01
         0.45070E+02          0.12381E-01
         0.45054E+02          0.12245E-01
         0.45037E+02          0.12143E-01
         0.45021E+02          0.11985E-01
         0.45005E+02          0.12185E-01
         0.44988E+02          0.11923E-01
         0.44972E+02          0.11141E-01
         0.44956E+02          0.12719E-01
         0.44939E+02          0.12311E-01
         0.44923E+02          0.12149E-01
         0.44907E+02          0.11364E-01
         0.44890E+02          0.11960E-01
         0.44874E+02          0.83383E-02
         0.44858E+02          0.12341E-01
         0.44842E+02          0.12103E-01
         0.44826E+02          0.12067E-01
         0.44809E+02          0.10661E-01
         0.44793E+02          0.12211E-01
         0.44777E+02          0.12130E-01
         0.44761E+02          0.12633E-01
         0.44745E+02          0.11954E-01
         0.44729E+02          0.12617E-01
         0.44712E+02          0.12270E-01
         0.44696E+02          0.12201E-01
         0.44680E+02          0.12380E-01
         0.44664E+02          0.12343E-01
         0.44648E+02          0.12044E-01
         0.44632E+02          0.12321E-01
         0.44616E+02          0.12254E-01
         0.44600E+02          0.12162E-01
         0.44584E+02          0.12184E-01
         0.44568E+02          0.12169E-01
         0.44552E+02          0.11728E-01
         0.44536E+02          0.11730E-01
         0.44520E+02          0.11732E-01
         0.44504E+02          0.11733E-01
         0.44488E+02          0.11735E-01
         0.44472E+02          0.11737E-01
         0.44456E+02          0.11738E-01
         0.44440E+02          0.11740E-01
         0.44424E+02          0.11742E-01
         0.44408E+02          0.11744E-01
         0.44392E+02          0.11746E-01
         0.44376E+02          0.11748E-01
         0.44360E+02          0.11749E-01
         0.44345E+02          0.11751E-01
         0.44329E+02          0.11753E-01
         0.44313E+02          0.11755E-01
         0.44297E+02          0.11757E-01
         0.44281E+02          0.11760E-01
         0.44265E+02          0.11762E-01
         0.44250E+02          0.11764E-01
         0.44234E+02          0.11766E-01
         0.44218E+02          0.11768E-01
         0.44202E+02          0.11770E-01
         0.44187E+02          0.11772E-01
         0.44171E+02          0.11774E-01
         0.44155E+02          0.11777E-01
         0.44139E+02          0.11779E-01
         0.44124E+02          0.11781E-01
         0.44108E+02          0.11783E-01
         0.44092E+02          0.11786E-01
         0.44077E+02          0.11788E-01
         0.44061E+02          0.11790E-01
         0.44045E+02          0.11792E-01
         0.44030E+02          0.11794E-01
         0.44014E+02          0.11797E-01
         0.43998E+02          0.11799E-01
         0.43983E+02          0.11801E-01
         0.43967E+02          0.11803E-01
         0.43952E+02          0.11805E-01
         0.43936E+02          0.11807E-01
         0.43920E+02          0.11809E-01
         0.43905E+02          0.11811E-01
         0.43889E+02          0.11813E-01
         0.43874E+02          0.11815E-01
         0.43858E+02          0.11817E-01
         0.43843E+02          0.11819E-01
         0.43827E+02          0.11821E-01
         0.43812E+02          0.11822E-01
         0.43796E+02          0.11824E-01
         0.43781E+02          0.11825E-01
         0.43765E+02          0.11827E-01
         0.43750E+02          0.11828E-01
         0.43735E+02          0.11829E-01
         0.43719E+02          0.11830E-01
         0.43704E+02          0.11831E-01
         0.43688E+02          0.11832E-01
         0.43673E+02          0.11832E-01
         0.43658E+02          0.11832E-01
         0.43642E+02          0.11833E-01
         0.43627E+02          0.11832E-01
         0.43611E+02          0.11832E-01
         0.43596E+02          0.11831E-01
         0.43581E+02          0.11831E-01
         0.43565E+02          0.11829E-01
         0.43550E+02          0.11828E-01
         0.43535E+02          0.11826E-01
         0.43520E+02          0.11824E-01
         0.43504E+02          0.11821E-01
         0.43489E+02          0.11818E-01
         0.43474E+02          0.11814E-01
         0.43459E+02          0.11809E-01
         0.43443E+02          0.11805E-01
         0.43428E+02          0.11799E-01
         0.43413E+02          0.11793E-01
         0.43398E+02          0.11785E-01
         0.43383E+02          0.11777E-01
         0.43367E+02          0.11768E-01
         0.43352E+02          0.11758E-01
         0.43337E+02          0.11747E-01
         0.43322E+02          0.11734E-01
         0.43307E+02          0.11720E-01
         0.43292E+02          0.11704E-01
         0.43277E+02          0.11686E-01
         0.43261E+02          0.11666E-01
         0.43246E+02          0.11643E-01
         0.43231E+02          0.11618E-01
         0.43216E+02          0.11589E-01
         0.43201E+02          0.11557E-01
         0.43186E+02          0.11521E-01
         0.43171E+02          0.11480E-01
         0.43156E+02          0.11432E-01
         0.43141E+02          0.11378E-01
         0.43126E+02          0.11316E-01
         0.43111E+02          0.11243E-01
         0.43096E+02          0.11158E-01
         0.43081E+02          0.11057E-01
         0.43066E+02          0.10935E-01
         0.43051E+02          0.10785E-01
         0.43036E+02          0.10597E-01
         0.43021E+02          0.10349E-01
         0.43006E+02          0.10010E-01
         0.42991E+02          0.95188E-02
         0.42977E+02          0.89105E-02
         0.42962E+02          0.98199E-02
         0.42947E+02          0.11236E-01
         0.42932E+02          0.10902E-01
         0.42917E+02          0.10749E-01
         0.42902E+02          0.12520E-01
         0.42887E+02          0.31736E-01
         0.42872E+02          0.17552E+00
         0.42858E+02          0.53356E-01
         0.42843E+02          0.30728E-01
         0.42828E+02          0.23923E-01
         0.42813E+02          0.20867E-01
         0.42799E+02          0.19185E-01
         0.42784E+02          0.18144E-01
         0.42769E+02          0.17449E-01
         0.42754E+02          0.16965E-01
         0.42739E+02          0.16616E-01
         0.42725E+02          0.16361E-01
         0.42710E+02          0.16174E-01
         0.42695E+02          0.16040E-01
         0.42681E+02          0.15946E-01
         0.42666E+02          0.15885E-01
         0.42651E+02          0.15852E-01
         0.42637E+02          0.15842E-01
         0.42622E+02          0.15852E-01
         0.42607E+02          0.15879E-01
         0.42593E+02          0.15921E-01
         0.42578E+02          0.15975E-01
         0.42563E+02          0.16040E-01
         0.42549E+02          0.16112E-01
         0.42534E+02          0.16190E-01
         0.42520E+02          0.16270E-01
         0.42505E+02          0.16349E-01
         0.42490E+02          0.16426E-01
         0.42476E+02          0.16497E-01
         0.42461E+02          0.16560E-01
         0.42447E+02          0.16612E-01
         0.42432E+02          0.16654E-01
         0.42418E+02          0.16683E-01
         0.42403E+02          0.16699E-01
         0.42389E+02          0.16703E-01
         0.42374E+02          0.16695E-01
         0.42360E+02          0.16678E-01
         0.42345E+02          0.16651E-01
         0.42331E+02          0.16616E-01
         0.42316E+02          0.16576E-01
         0.42302E+02          0.16532E-01
         0.42288E+02          0.16484E-01
         0.42273E+02          0.16435E-01
         0.42259E+02          0.16385E-01
         0.42244E+02          0.16336E-01
         0.42230E+02          0.16287E-01
         0.42216E+02          0.16240E-01
         0.42201E+02          0.16195E-01
         0.42187E+02          0.16152E-01
         0.42173E+02          0.16111E-01
         0.42158E+02          0.16073E-01
         0.42144E+02          0.16038E-01
         0.42130E+02          0.16006E-01
         0.42115E+02          0.15977E-01
         0.42101E+02          0.15950E-01
         0.42087E+02          0.15926E-01
         0.42072E+02          0.15904E-01
         0.42058E+02          0.15885E-01
         0.42044E+02          0.15869E-01
         0.42030E+02          0.15855E-01
         0.42015E+02          0.15843E-01
         0.42001E+02          0.15833E-01
         0.41987E+02          0.15825E-01
         0.41973E+02          0.15819E-01
         0.41958E+02          0.15815E-01
         0.41944E+02          0.15813E-01
         0.41930E+02          0.15813E-01
         0.41916E+02          0.15814E-01
         0.41902E+02          0.15817E-01
         0.41888E+02          0.15821E-01
         0.41873E+02          0.15827E-01
         0.41859E+02          0.15834E-01
         0.41845E+02          0.15842E-01
         0.41831E+02          0.15852E-01
         0.41817E+02          0.15863E-01
         0.41803E+02          0.15875E-01
         0.41789E+02          0.15888E-01
         0.41775E+02          0.15902E-01
         0.41761E+02          0.15918E-01
         0.41747E+02          0.15934E-01
         0.41732E+02          0.15951E-01
         0.41718E+02          0.15970E-01
         0.41704E+02          0.15989E-01
         0.41690E+02          0.16009E-01
         0.41676E+02          0.16030E-01
         0.41662E+02          0.16051E-01
         0.41648E+02          0.16074E-01
         0.41634E+02          0.16097E-01
         0.41620E+02          0.16121E-01
         0.41606E+02          0.16146E-01
         0.41592E+02          0.16172E-01
         0.41579E+02          0.16198E-01
         0.41565E+02          0.16225E-01
         0.41551E+02          0.16253E-01
         0.41537E+02          0.16281E-01
         0.41523E+02          0.16310E-01
         0.41509E+02          0.16339E-01
         0.41495E+02          0.16369E-01
         0.41481E+02          0.16400E-01
         0.41467E+02          0.16431E-01
         0.41453E+02          0.16462E-01
         0.41440E+02          0.16495E-01
         0.41426E+02          0.16527E-01
         0.41412E+02          0.16560E-01
         0.41398E+02          0.16593E-01
         0.41384E+02          0.16626E-01
         0.41370E+02          0.16660E-01
         0.41357E+02          0.16694E-01
         0.41343E+02          0.16728E-01
         0.41329E+02          0.16762E-01
         0.41315E+02          0.16796E-01
         0.41302E+02          0.16829E-01
         0.41288E+02          0.16862E-01
         0.41274E+02          0.16895E-01
         0.41260E+02          0.16927E-01
         0.41247E+02          0.16957E-01
         0.41233E+02          0.16986E-01
         0.41219E+02          0.17013E-01
         0.41205E+02          0.17038E-01
         0.41192E+02          0.17059E-01
         0.41178E+02          0.17076E-01
         0.41164E+02          0.17087E-01
         0.41151E+02          0.17091E-01
         0.41137E+02          0.17084E-01
         0.41123E+02          0.17063E-01
         0.41110E+02          0.17023E-01
         0.41096E+02          0.16961E-01
         0.41083E+02          0.17024E-01
         0.41069E+02          0.17753E-01
         0.41055E+02          0.16939E-01
         0.41042E+02          0.16485E-01
         0.41028E+02          0.15870E-01
         0.41015E+02          0.14742E-01
         0.41001E+02          0.12330E-01
         0.40987E+02          0.12176E+00
         0.40974E+02          0.28322E-01
         0.40960E+02          0.23604E-01
         0.40947E+02          0.22095E-01
         0.40933E+02          0.21493E-01
         0.40920E+02          0.22004E-01
         0.40906E+02          0.22174E-01
         0.40893E+02          0.22012E-01
         0.40879E+02          0.22007E-01
         0.40866E+02          0.22139E-01
         0.40852E+02          0.22357E-01
         0.40839E+02          0.22576E-01
         0.40826E+02          0.22639E-01
         0.40812E+02          0.22416E-01
         0.40799E+02          0.21989E-01
         0.40785E+02          0.21576E-01
         0.40772E+02          0.21296E-01
         0.40758E+02          0.21150E-01
         0.40745E+02          0.21102E-01
         0.40732E+02          0.21119E-01
         0.40718E+02          0.21181E-01
         0.40705E+02          0.21272E-01
         0.40692E+02          0.21386E-01
         0.40678E+02          0.21518E-01
         0.40665E+02          0.21665E-01
         0.40652E+02          0.21826E-01
         0.40638E+02          0.22001E-01
         0.40625E+02          0.22189E-01
         0.40612E+02          0.22391E-01
         0.40598E+02          0.22609E-01
         0.40585E+02          0.22844E-01
         0.40572E+02          0.23100E-01
         0.40558E+02          0.23380E-01
         0.40545E+02          0.23692E-01
         0.40532E+02          0.24055E-01
         0.40519E+02          0.24598E-01
         0.40505E+02          0.24435E-01
         0.40492E+02          0.25099E-01
         0.40479E+02          0.25686E-01
         0.40466E+02          0.26363E-01
         0.40453E+02          0.27200E-01
         0.40439E+02          0.28293E-01
         0.40426E+02          0.29810E-01
         0.40413E+02          0.32041E-01
         0.40400E+02          0.35449E-01
         0.40387E+02          0.40385E-01
         0.40374E+02          0.45712E-01
         0.40360E+02          0.48888E-01
         0.40347E+02          0.36449E-01
         0.40334E+02          0.29977E-01
         0.40321E+02          0.50745E-01
         0.40308E+02          0.42207E-01
         0.40295E+02          0.41174E-01
         0.40282E+02          0.41545E-01
         0.40269E+02          0.42607E-01
         0.40256E+02          0.44093E-01
         0.40242E+02          0.45742E-01
         0.40229E+02          0.47108E-01
         0.40216E+02          0.47394E-01
         0.40203E+02          0.45529E-01
         0.40190E+02          0.40857E-01
         0.40177E+02          0.34280E-01
         0.40164E+02          0.28012E-01
         0.40151E+02          0.23591E-01
         0.40138E+02          0.21077E-01
         0.40125E+02          0.19849E-01
         0.40112E+02          0.19442E-01
         0.40099E+02          0.18827E-01
         0.40086E+02          0.18485E-01
         0.40073E+02          0.17997E-01
         0.40060E+02          0.17346E-01
         0.40047E+02          0.16540E-01
         0.40035E+02          0.15541E-01
         0.40022E+02          0.13584E-01
         0.40009E+02          0.21155E-01
         0.39996E+02          0.15708E-01
         0.39983E+02          0.14821E-01
         0.39970E+02          0.14362E-01
         0.39957E+02          0.14090E-01
         0.39944E+02          0.13939E-01
         0.39931E+02          0.13871E-01
         0.39919E+02          0.13865E-01
         0.39906E+02          0.13912E-01
         0.39893E+02          0.13641E-01
         0.39880E+02          0.13915E-01
         0.39867E+02          0.13896E-01
         0.39854E+02          0.13606E-01
         0.39842E+02          0.11455E-01
         0.39829E+02          0.17418E-01
         0.39816E+02          0.16139E-01
         0.39803E+02          0.15972E-01
         0.39790E+02          0.15986E-01
         0.39778E+02          0.16050E-01
         0.39765E+02          0.15917E-01
         0.39752E+02          0.16001E-01
         0.39739E+02          0.15366E-01
         0.39727E+02          0.23690E-01
         0.39714E+02          0.18176E-01
         0.39701E+02          0.17856E-01
         0.39689E+02          0.17773E-01
         0.39676E+02          0.17616E-01
         0.39663E+02          0.16121E-01
         0.39650E+02          0.20160E-01
         0.39638E+02          0.19219E-01
         0.39625E+02          0.19104E-01
         0.39612E+02          0.17258E-01
         0.39600E+02          0.20754E-01
         0.39587E+02          0.19935E-01
         0.39575E+02          0.16302E-01
         0.39562E+02          0.21168E-01
         0.39549E+02          0.19546E-01
         0.39537E+02          0.21760E-01
         0.39524E+02          0.26033E-01
         0.39511E+02          0.20641E-01
         0.39499E+02          0.21618E-01
         0.39486E+02          0.15352E-01
         0.39474E+02          0.23556E-01
         0.39461E+02          0.25257E-01
         0.39449E+02          0.20937E-01
         0.39436E+02          0.25710E-01
         0.39424E+02          0.26086E-01
         0.39411E+02          0.26470E-01
         0.39398E+02          0.27084E-01
         0.39386E+02          0.27704E-01
         0.39373E+02          0.28313E-01
         0.39361E+02          0.28890E-01
         0.39348E+02          0.29401E-01
         0.39336E+02          0.29805E-01
         0.39323E+02          0.30049E-01
         0.39311E+02          0.30073E-01
         0.39299E+02          0.29822E-01
         0.39286E+02          0.29253E-01
         0.39274E+02          0.28357E-01
         0.39261E+02          0.27169E-01
         0.39249E+02          0.25766E-01
         0.39236E+02          0.24255E-01
         0.39224E+02          0.22728E-01
         0.39212E+02          0.21234E-01
         0.39199E+02          0.20020E-01
         0.39187E+02          0.18890E-01
         0.39174E+02          0.17042E-01
         0.39162E+02          0.15963E-01
         0.39150E+02          0.15292E-01
         0.39137E+02          0.14844E-01
         0.39125E+02          0.14530E-01
         0.39113E+02          0.14342E-01
         0.39100E+02          0.14355E-01
         0.39088E+02          0.14455E-01
         0.39076E+02          0.14530E-01
         0.39063E+02          0.14608E-01
         0.39051E+02          0.14703E-01
         0.39039E+02          0.14817E-01
         0.39026E+02          0.14947E-01
         0.39014E+02          0.15091E-01
         0.39002E+02          0.15244E-01
         0.38990E+02          0.15406E-01
         0.38977E+02          0.15574E-01
         0.38965E+02          0.15747E-01
         0.38953E+02          0.15924E-01
         0.38941E+02          0.16105E-01
         0.38928E+02          0.16288E-01
         0.38916E+02          0.16474E-01
         0.38904E+02          0.16663E-01
         0.38892E+02          0.16854E-01
         0.38880E+02          0.17048E-01
         0.38867E+02          0.17245E-01
         0.38855E+02          0.17446E-01
         0.38843E+02          0.17651E-01
         0.38831E+02          0.17862E-01
         0.38819E+02          0.18079E-01
         0.38807E+02          0.18303E-01
         0.38794E+02          0.18536E-01
         0.38782E+02          0.18780E-01
         0.38770E+02          0.19034E-01
         0.38758E+02          0.19292E-01
         0.38746E+02          0.19671E-01
         0.38734E+02          0.19954E-01
         0.38722E+02          0.20295E-01
         0.38710E+02          0.20668E-01
         0.38698E+02          0.21055E-01
         0.38685E+02          0.21650E-01
         0.38673E+02          0.22620E-01
         0.38661E+02          0.23320E-01
         0.38649E+02          0.24233E-01
         0.38637E+02          0.25444E-01
         0.38625E+02          0.27127E-01
         0.38613E+02          0.29672E-01
         0.38601E+02          0.34114E-01
         0.38589E+02          0.49331E-01
         0.38577E+02          0.54869E-01
         0.38565E+02          0.36828E-01
         0.38553E+02          0.33372E-01
         0.38541E+02          0.31105E-01
         0.38529E+02          0.29507E-01
         0.38517E+02          0.28971E-01
         0.38505E+02          0.27822E-01
         0.38493E+02          0.24833E-01
         0.38481E+02          0.21577E-01
         0.38469E+02          0.19660E-01
         0.38457E+02          0.19271E-01
         0.38446E+02          0.19982E-01
         0.38434E+02          0.21195E-01
         0.38422E+02          0.22427E-01
         0.38410E+02          0.23327E-01
         0.38398E+02          0.23517E-01
         0.38386E+02          0.22144E-01
         0.38374E+02          0.22450E-01
         0.38362E+02          0.20899E-01
         0.38350E+02          0.19133E-01
         0.38339E+02          0.17839E-01
         0.38327E+02          0.17028E-01
         0.38315E+02          0.16601E-01
         0.38303E+02          0.16393E-01
         0.38291E+02          0.17853E-01
         0.38279E+02          0.16904E-01
         0.38268E+02          0.16605E-01
         0.38256E+02          0.16754E-01
         0.38244E+02          0.17063E-01
         0.38232E+02          0.17090E-01
         0.38220E+02          0.17336E-01
         0.38209E+02          0.17570E-01
         0.38197E+02          0.17818E-01
         0.38185E+02          0.18497E-01
         0.38173E+02          0.18107E-01
         0.38162E+02          0.18328E-01
         0.38150E+02          0.18436E-01
         0.38138E+02          0.19060E-01
         0.38126E+02          0.19319E-01
         0.38115E+02          0.19622E-01
         0.38103E+02          0.19770E-01
         0.38091E+02          0.19863E-01
         0.38080E+02          0.20094E-01
         0.38068E+02          0.22508E-01
         0.38056E+02          0.22491E-01
         0.38044E+02          0.21874E-01
         0.38033E+02          0.23006E-01
         0.38021E+02          0.22676E-01
         0.38009E+02          0.23340E-01
         0.37998E+02          0.24430E-01
         0.37986E+02          0.26403E-01
         0.37975E+02          0.32774E-01
         0.37963E+02          0.39792E-01
         0.37951E+02          0.26723E-01
         0.37940E+02          0.30378E-01
         0.37928E+02          0.24017E-01
         0.37916E+02          0.22288E-01
         0.37905E+02          0.15762E-01
         0.37893E+02          0.20302E-01
         0.37882E+02          0.20151E-01
         0.37870E+02          0.19881E-01
         0.37859E+02          0.19917E-01
         0.37847E+02          0.21384E-01
         0.37835E+02          0.21042E-01
         0.37824E+02          0.21485E-01
         0.37812E+02          0.22666E-01
         0.37801E+02          0.22327E-01
         0.37789E+02          0.22469E-01
         0.37778E+02          0.22642E-01
         0.37766E+02          0.22884E-01
         0.37755E+02          0.77935E-01
         0.37743E+02          0.23450E-01
         0.37732E+02          0.23839E-01
         0.37720E+02          0.24373E-01
         0.37709E+02          0.25158E-01
         0.37697E+02          0.26471E-01
         0.37686E+02          0.30794E-01
         0.37675E+02          0.37705E-01
         0.37663E+02          0.31350E-01
         0.37652E+02          0.21328E-01
         0.37640E+02          0.21077E-01
         0.37629E+02          0.21536E-01
         0.37617E+02          0.21945E-01
         0.37606E+02          0.22227E-01
         0.37595E+02          0.22452E-01
         0.37583E+02          0.23375E-01
         0.37572E+02          0.23581E-01
         0.37560E+02          0.24541E-01
         0.37549E+02          0.25281E-01
         0.37538E+02          0.26713E-01
         0.37526E+02          0.30482E-01
         0.37515E+02          0.36506E-01
         0.37504E+02          0.22944E-01
         0.37492E+02          0.22837E-01
         0.37481E+02          0.23809E-01
         0.37470E+02          0.24687E-01
         0.37458E+02          0.25472E-01
         0.37447E+02          0.26837E-01
         0.37436E+02          0.28227E-01
         0.37424E+02          0.34663E-01
         0.37413E+02          0.26778E-01
         0.37402E+02          0.24242E-01
         0.37390E+02          0.25777E-01
         0.37379E+02          0.27616E-01
         0.37368E+02          0.29753E-01
         0.37357E+02          0.59035E-01
         0.37345E+02          0.24882E-01
         0.37334E+02          0.28251E-01
         0.37323E+02          0.31531E-01
         0.37312E+02          0.75142E-01
         0.37300E+02          0.29131E-01
         0.37289E+02          0.35416E-01
         0.37278E+02          0.50030E-01
         0.37267E+02          0.32530E-01
         0.37256E+02          0.31589E-01
         0.37244E+02          0.22294E-01
         0.37233E+02          0.22322E-01
         0.37222E+02          0.27221E-01
         0.37211E+02          0.34677E-01
         0.37200E+02          0.25448E-01
         0.37189E+02          0.28743E-01
         0.37177E+02          0.32578E-01
         0.37166E+02          0.34745E-01
         0.37155E+02          0.27424E-01
         0.37144E+02          0.32131E-01
         0.37133E+02          0.32851E-01
         0.37122E+02          0.34021E-01
         0.37111E+02          0.35994E-01
         0.37100E+02          0.39468E-01
         0.37088E+02          0.43937E-01
         0.37077E+02          0.46651E-01
         0.37066E+02          0.49426E-01
         0.37055E+02          0.48068E-01
         0.37044E+02          0.41423E-01
         0.37033E+02          0.34711E-01
         0.37022E+02          0.31052E-01
         0.37011E+02          0.27842E-01
         0.37000E+02          0.24263E-01
         0.36989E+02          0.23012E-01
         0.36978E+02          0.22546E-01
         0.36967E+02          0.22377E-01
         0.36956E+02          0.22391E-01
         0.36945E+02          0.22497E-01
         0.36934E+02          0.22636E-01
         0.36923E+02          0.22630E-01
         0.36912E+02          0.22324E-01
         0.36901E+02          0.22340E-01
         0.36890E+02          0.22541E-01
         0.36879E+02          0.24538E-01
         0.36868E+02          0.21544E-01
         0.36857E+02          0.19394E-01
         0.36846E+02          0.18627E-01
         0.36835E+02          0.28036E-01
         0.36824E+02          0.25101E-01
         0.36813E+02          0.24995E-01
         0.36802E+02          0.24703E-01
         0.36791E+02          0.24536E-01
         0.36780E+02          0.24431E-01
         0.36769E+02          0.24368E-01
         0.36759E+02          0.24382E-01
         0.36748E+02          0.24599E-01
         0.36737E+02          0.24786E-01
         0.36726E+02          0.24717E-01
         0.36715E+02          0.24631E-01
         0.36704E+02          0.24586E-01
         0.36693E+02          0.24667E-01
         0.36682E+02          0.24116E-01
         0.36672E+02          0.24443E-01
         0.36661E+02          0.28347E-01
         0.36650E+02          0.27213E-01
         0.36639E+02          0.26725E-01
         0.36628E+02          0.26439E-01
         0.36617E+02          0.26444E-01
         0.36607E+02          0.26560E-01
         0.36596E+02          0.26732E-01
         0.36585E+02          0.26950E-01
         0.36574E+02          0.27585E-01
         0.36563E+02          0.27235E-01
         0.36553E+02          0.29704E-01
         0.36542E+02          0.28728E-01
         0.36531E+02          0.28667E-01
         0.36520E+02          0.28832E-01
         0.36510E+02          0.29167E-01
         0.36499E+02          0.30859E-01
         0.36488E+02          0.28557E-01
         0.36477E+02          0.33473E-01
         0.36467E+02          0.30943E-01
         0.36456E+02          0.31189E-01
         0.36445E+02          0.31324E-01
         0.36435E+02          0.33892E-01
         0.36424E+02          0.36548E-01
         0.36413E+02          0.52639E-01
         0.36402E+02          0.57149E-01
         0.36392E+02          0.39092E-01
         0.36381E+02          0.44198E-01
         0.36370E+02          0.20801E-01
         0.36360E+02          0.21061E-01
         0.36349E+02          0.23421E-01
         0.36338E+02          0.23836E-01
         0.36328E+02          0.25082E-01
         0.36317E+02          0.27227E-01
         0.36307E+02          0.30373E-01
         0.36296E+02          0.28844E-01
         0.36285E+02          0.31292E-01
         0.36275E+02          0.30262E-01
         0.36264E+02          0.29439E-01
         0.36253E+02          0.30976E-01
         0.36243E+02          0.37833E-01
         0.36232E+02          0.27440E-01
         0.36222E+02          0.29930E-01
         0.36211E+02          0.31982E-01
         0.36200E+02          0.31814E-01
         0.36190E+02          0.31364E-01
         0.36179E+02          0.30928E-01
         0.36169E+02          0.30828E-01
         0.36158E+02          0.31191E-01
         0.36148E+02          0.31860E-01
         0.36137E+02          0.33385E-01
         0.36127E+02          0.40269E-01
         0.36116E+02          0.32191E-01
         0.36106E+02          0.33533E-01
         0.36095E+02          0.37278E-01
         0.36085E+02          0.49503E-01
         0.36074E+02          0.69934E-01
         0.36064E+02          0.36662E-01
         0.36053E+02          0.24859E-01
         0.36043E+02          0.21764E-01
         0.36032E+02          0.23027E-01
         0.36022E+02          0.26324E-01
         0.36011E+02          0.28768E-01
         0.36001E+02          0.29240E-01
         0.35990E+02          0.30401E-01
         0.35980E+02          0.31517E-01
         0.35969E+02          0.29865E-01
         0.35959E+02          0.30880E-01
         0.35949E+02          0.32098E-01
         0.35938E+02          0.39173E-01
         0.35928E+02          0.33589E-01
         0.35917E+02          0.39031E-01
         0.35907E+02          0.23125E-01
         0.35897E+02          0.27233E-01
         0.35886E+02          0.27760E-01
         0.35876E+02          0.29903E-01
         0.35865E+02          0.30711E-01
         0.35855E+02          0.31419E-01
         0.35845E+02          0.32442E-01
         0.35834E+02          0.35388E-01
         0.35824E+02          0.33143E-01
         0.35814E+02          0.35041E-01
         0.35803E+02          0.27178E-01
         0.35793E+02          0.30093E-01
         0.35783E+02          0.30348E-01
         0.35772E+02          0.31333E-01
         0.35762E+02          0.36632E-01
         0.35752E+02          0.35988E-01
         0.35741E+02          0.27257E-01
         0.35731E+02          0.30054E-01
         0.35721E+02          0.30117E-01
         0.35710E+02          0.34703E-01
         0.35700E+02          0.26111E-01
         0.35690E+02          0.31400E-01
         0.35680E+02          0.35451E-01
         0.35669E+02          0.26478E-01
         0.35659E+02          0.32047E-01
         0.35649E+02          0.40018E-01
         0.35639E+02          0.32105E-01
         0.35628E+02          0.28327E-01
         0.35618E+02          0.36199E-01
         0.35608E+02          0.42221E-01
         0.35598E+02          0.35084E-01
         0.35587E+02          0.30788E-01
         0.35577E+02          0.29745E-01
         0.35567E+02          0.36997E-01
         0.35557E+02          0.37541E-01
         0.35547E+02          0.30041E-01
         0.35536E+02          0.30098E-01
         0.35526E+02          0.32854E-01
         0.35516E+02          0.33007E-01
         0.35506E+02          0.33351E-01
         0.35496E+02          0.34878E-01
         0.35486E+02          0.35407E-01
         0.35475E+02          0.33782E-01
         0.35465E+02          0.33429E-01
         0.35455E+02          0.32087E-01
         0.35445E+02          0.30560E-01
         0.35435E+02          0.29012E-01
         0.35425E+02          0.40210E-01
         0.35415E+02          0.33058E-01
         0.35405E+02          0.34006E-01
         0.35394E+02          0.34180E-01
         0.35384E+02          0.34137E-01
         0.35374E+02          0.34290E-01
         0.35364E+02          0.34108E-01
         0.35354E+02          0.33929E-01
         0.35344E+02          0.33922E-01
         0.35334E+02          0.34142E-01
         0.35324E+02          0.33952E-01
         0.35314E+02          0.33955E-01
         0.35304E+02          0.33944E-01
         0.35294E+02          0.33933E-01
         0.35284E+02          0.33945E-01
         0.35274E+02          0.34084E-01
         0.35264E+02          0.33956E-01
         0.35254E+02          0.34486E-01
         0.35243E+02          0.35042E-01
         0.35233E+02          0.34996E-01
         0.35223E+02          0.34838E-01
         0.35213E+02          0.34683E-01
         0.35203E+02          0.34770E-01
         0.35193E+02          0.35208E-01
         0.35183E+02          0.37304E-01
         0.35174E+02          0.37420E-01
         0.35164E+02          0.33652E-01
         0.35154E+02          0.30985E-01
         0.35144E+02          0.53371E-01
         0.35134E+02          0.35918E-01
         0.35124E+02          0.36240E-01
         0.35114E+02          0.36526E-01
         0.35104E+02          0.35810E-01
         0.35094E+02          0.35552E-01
         0.35084E+02          0.35498E-01
         0.35074E+02          0.35516E-01
         0.35064E+02          0.35492E-01
         0.35054E+02          0.35689E-01
         0.35044E+02          0.36599E-01
         0.35034E+02          0.35775E-01
         0.35024E+02          0.35162E-01
         0.35015E+02          0.36711E-01
         0.35005E+02          0.36122E-01
         0.34995E+02          0.31542E-01
         0.34985E+02          0.36586E-01
         0.34975E+02          0.34424E-01
         0.34965E+02          0.38110E-01
         0.34955E+02          0.36902E-01
         0.34945E+02          0.35017E-01
         0.34936E+02          0.35356E-01
         0.34926E+02          0.35426E-01
         0.34916E+02          0.36440E-01
         0.34906E+02          0.38333E-01
         0.34896E+02          0.47948E-01
         0.34886E+02          0.34944E-01
         0.34877E+02          0.35689E-01
         0.34867E+02          0.35677E-01
         0.34857E+02          0.35590E-01
         0.34847E+02          0.35446E-01
         0.34837E+02          0.37035E-01
         0.34828E+02          0.31280E-01
         0.34818E+02          0.32013E-01
         0.34808E+02          0.32792E-01
         0.34798E+02          0.36257E-01
         0.34789E+02          0.28194E-01
         0.34779E+02          0.33609E-01
         0.34769E+02          0.34161E-01
         0.34759E+02          0.32578E-01
         0.34750E+02          0.34499E-01
         0.34740E+02          0.31791E-01
         0.34730E+02          0.34781E-01
         0.34720E+02          0.35191E-01
         0.34711E+02          0.34850E-01
         0.34701E+02          0.35500E-01
         0.34691E+02          0.34774E-01
         0.34682E+02          0.35479E-01
         0.34672E+02          0.35699E-01
         0.34662E+02          0.36326E-01
         0.34652E+02          0.26878E-01
         0.34643E+02          0.30840E-01
         0.34633E+02          0.41129E-01
         0.34623E+02          0.34806E-01
         0.34614E+02          0.34872E-01
         0.34604E+02          0.34934E-01
         0.34594E+02          0.34990E-01
         0.34585E+02          0.34978E-01
         0.34575E+02          0.35132E-01
         0.34566E+02          0.35184E-01
         0.34556E+02          0.35279E-01
         0.34546E+02          0.35640E-01
         0.34537E+02          0.36683E-01
         0.34527E+02          0.36176E-01
         0.34517E+02          0.35902E-01
         0.34508E+02          0.35832E-01
         0.34498E+02          0.36017E-01
         0.34489E+02          0.36150E-01
         0.34479E+02          0.36172E-01
         0.34469E+02          0.36220E-01
         0.34460E+02          0.36026E-01
         0.34450E+02          0.36322E-01
         0.34441E+02          0.37319E-01
         0.34431E+02          0.37185E-01
         0.34422E+02          0.36353E-01
         0.34412E+02          0.36760E-01
         0.34402E+02          0.36982E-01
         0.34393E+02          0.36779E-01
         0.34383E+02          0.36859E-01
         0.34374E+02          0.37099E-01
         0.34364E+02          0.36688E-01
         0.34355E+02          0.35875E-01
         0.34345E+02          0.36618E-01
         0.34336E+02          0.37587E-01
         0.34326E+02          0.37794E-01
         0.34317E+02          0.37697E-01
         0.34307E+02          0.37761E-01
         0.34298E+02          0.37129E-01
         0.34288E+02          0.35697E-01
         0.34279E+02          0.33574E-01
         0.34269E+02          0.33855E-01
         0.34260E+02          0.34453E-01
         0.34250E+02          0.34928E-01
         0.34241E+02          0.35294E-01
         0.34232E+02          0.35657E-01
         0.34222E+02          0.36256E-01
         0.34213E+02          0.36251E-01
         0.34203E+02          0.36154E-01
         0.34194E+02          0.36590E-01
         0.34184E+02          0.36683E-01
         0.34175E+02          0.36956E-01
         0.34165E+02          0.37820E-01
         0.34156E+02          0.36703E-01
         0.34147E+02          0.36701E-01
         0.34137E+02          0.36835E-01
         0.34128E+02          0.36960E-01
         0.34118E+02          0.37091E-01
         0.34109E+02          0.37250E-01
         0.34100E+02          0.38055E-01
         0.34090E+02          0.38736E-01
         0.34081E+02          0.38362E-01
         0.34072E+02          0.36922E-01
         0.34062E+02          0.38283E-01
         0.34053E+02          0.39071E-01
         0.34044E+02          0.39027E-01
         0.34034E+02          0.36484E-01
         0.34025E+02          0.35650E-01
         0.34016E+02          0.36856E-01
         0.34006E+02          0.36402E-01
