    100.00       2.60788E-11
    110.00       6.50581E-11
    120.00       1.37939E-10
    130.00       2.58354E-10
    140.00       4.39330E-10
    150.00       6.91991E-10
    160.00       1.02474E-09
    170.00       1.44293E-09
    180.00       1.94891E-09
    190.00       2.54233E-09
    200.00       3.22057E-09
    210.00       3.97918E-09
    220.00       4.81240E-09
    230.00       5.71352E-09
    240.00       6.67529E-09
    250.00       7.69021E-09
    260.00       8.75074E-09
    270.00       9.84951E-09
    280.00       1.09794E-08
    290.00       1.21338E-08
    300.00       1.33064E-08
    310.00       1.44913E-08
    320.00       1.56835E-08
    330.00       1.68779E-08
    340.00       1.80704E-08
    350.00       1.92572E-08
    360.00       2.04347E-08
    370.00       2.16000E-08
    380.00       2.27506E-08
    390.00       2.38843E-08
    400.00       2.49989E-08
    410.00       2.60931E-08
    420.00       2.71654E-08
    430.00       2.82147E-08
    440.00       2.92401E-08
    450.00       3.02410E-08
    460.00       3.12168E-08
    470.00       3.21672E-08
    480.00       3.30919E-08
    490.00       3.39909E-08
    500.00       3.48642E-08
    510.00       3.57118E-08
    520.00       3.65339E-08
    530.00       3.73308E-08
    540.00       3.81027E-08
    550.00       3.88501E-08
    560.00       3.95733E-08
    570.00       4.02728E-08
    580.00       4.09489E-08
    590.00       4.16023E-08
    600.00       4.22334E-08
    610.00       4.28427E-08
    620.00       4.34307E-08
    630.00       4.39981E-08
    640.00       4.45453E-08
    650.00       4.50728E-08
    660.00       4.55812E-08
    670.00       4.60711E-08
    680.00       4.65430E-08
    690.00       4.69974E-08
    700.00       4.74348E-08
    710.00       4.78557E-08
    720.00       4.82607E-08
    730.00       4.86503E-08
    740.00       4.90248E-08
    750.00       4.93849E-08
    760.00       4.97310E-08
    770.00       5.00635E-08
    780.00       5.03828E-08
    790.00       5.06894E-08
    800.00       5.09837E-08
    810.00       5.12662E-08
    820.00       5.15371E-08
    830.00       5.17969E-08
    840.00       5.20461E-08
    850.00       5.22848E-08
    860.00       5.25135E-08
    870.00       5.27325E-08
    880.00       5.29422E-08
    890.00       5.31428E-08
    900.00       5.33347E-08
    910.00       5.35182E-08
    920.00       5.36935E-08
    930.00       5.38610E-08
    940.00       5.40208E-08
    950.00       5.41733E-08
    960.00       5.43187E-08
    970.00       5.44574E-08
    980.00       5.45893E-08
    990.00       5.47149E-08
   1000.00       5.48343E-08
   1010.00       5.49478E-08
   1020.00       5.50555E-08
   1030.00       5.51577E-08
   1040.00       5.52544E-08
   1050.00       5.53461E-08
   1060.00       5.54327E-08
   1070.00       5.55145E-08
   1080.00       5.55916E-08
   1090.00       5.56642E-08
   1100.00       5.57325E-08
   1110.00       5.57966E-08
   1120.00       5.58566E-08
   1130.00       5.59127E-08
   1140.00       5.59649E-08
   1150.00       5.60136E-08
   1160.00       5.60587E-08
   1170.00       5.61003E-08
   1180.00       5.61387E-08
   1190.00       5.61739E-08
   1200.00       5.62060E-08
   1210.00       5.62352E-08
   1220.00       5.62614E-08
   1230.00       5.62849E-08
   1240.00       5.63058E-08
   1250.00       5.63239E-08
   1260.00       5.63396E-08
   1270.00       5.63529E-08
   1280.00       5.63639E-08
   1290.00       5.63725E-08
   1300.00       5.63790E-08
   1310.00       5.63834E-08
   1320.00       5.63858E-08
   1330.00       5.63861E-08
   1340.00       5.63846E-08
   1350.00       5.63812E-08
   1360.00       5.63761E-08
   1370.00       5.63692E-08
   1380.00       5.63607E-08
   1390.00       5.63505E-08
   1400.00       5.63388E-08
   1410.00       5.63256E-08
   1420.00       5.63110E-08
   1430.00       5.62949E-08
   1440.00       5.62775E-08
   1450.00       5.62588E-08
   1460.00       5.62388E-08
   1470.00       5.62177E-08
   1480.00       5.61952E-08
   1490.00       5.61717E-08
   1500.00       5.61471E-08
   1510.00       5.61214E-08
   1520.00       5.60947E-08
   1530.00       5.60669E-08
   1540.00       5.60383E-08
   1550.00       5.60087E-08
   1560.00       5.59782E-08
   1570.00       5.59468E-08
   1580.00       5.59146E-08
   1590.00       5.58816E-08
   1600.00       5.58478E-08
   1610.00       5.58132E-08
   1620.00       5.57779E-08
   1630.00       5.57420E-08
   1640.00       5.57053E-08
   1650.00       5.56680E-08
   1660.00       5.56300E-08
   1670.00       5.55914E-08
   1680.00       5.55523E-08
   1690.00       5.55126E-08
   1700.00       5.54723E-08
   1710.00       5.54315E-08
   1720.00       5.53902E-08
   1730.00       5.53484E-08
   1740.00       5.53061E-08
   1750.00       5.52634E-08
   1760.00       5.52202E-08
   1770.00       5.51766E-08
   1780.00       5.51326E-08
   1790.00       5.50882E-08
   1800.00       5.50434E-08
   1810.00       5.49983E-08
   1820.00       5.49528E-08
   1830.00       5.49070E-08
   1840.00       5.48608E-08
   1850.00       5.48143E-08
   1860.00       5.47676E-08
   1870.00       5.47205E-08
   1880.00       5.46731E-08
   1890.00       5.46255E-08
   1900.00       5.45776E-08
   1910.00       5.45295E-08
   1920.00       5.44811E-08
   1930.00       5.44326E-08
   1940.00       5.43838E-08
   1950.00       5.43348E-08
   1960.00       5.42856E-08
   1970.00       5.42362E-08
   1980.00       5.41866E-08
   1990.00       5.41368E-08
   2000.00       5.40869E-08
   2010.00       5.40368E-08
   2020.00       5.39866E-08
   2030.00       5.39363E-08
   2040.00       5.38858E-08
   2050.00       5.38351E-08
   2060.00       5.37843E-08
   2070.00       5.37335E-08
   2080.00       5.36825E-08
   2090.00       5.36314E-08
   2100.00       5.35802E-08
   2110.00       5.35289E-08
   2120.00       5.34775E-08
   2130.00       5.34260E-08
   2140.00       5.33745E-08
   2150.00       5.33229E-08
   2160.00       5.32712E-08
   2170.00       5.32194E-08
   2180.00       5.31676E-08
   2190.00       5.31158E-08
   2200.00       5.30639E-08
   2210.00       5.30119E-08
   2220.00       5.29599E-08
   2230.00       5.29079E-08
   2240.00       5.28558E-08
   2250.00       5.28037E-08
   2260.00       5.27516E-08
   2270.00       5.26994E-08
   2280.00       5.26473E-08
   2290.00       5.25951E-08
   2300.00       5.25429E-08
   2310.00       5.24906E-08
   2320.00       5.24384E-08
   2330.00       5.23862E-08
   2340.00       5.23340E-08
   2350.00       5.22817E-08
   2360.00       5.22295E-08
   2370.00       5.21773E-08
   2380.00       5.21250E-08
   2390.00       5.20729E-08
   2400.00       5.20207E-08
   2410.00       5.19685E-08
   2420.00       5.19163E-08
   2430.00       5.18642E-08
   2440.00       5.18121E-08
   2450.00       5.17600E-08
   2460.00       5.17079E-08
   2470.00       5.16559E-08
   2480.00       5.16039E-08
   2490.00       5.15519E-08
   2500.00       5.15000E-08
   2510.00       5.14480E-08
   2520.00       5.13962E-08
   2530.00       5.13443E-08
   2540.00       5.12925E-08
   2550.00       5.12408E-08
   2560.00       5.11891E-08
   2570.00       5.11374E-08
   2580.00       5.10858E-08
   2590.00       5.10342E-08
   2600.00       5.09826E-08
   2610.00       5.09312E-08
   2620.00       5.08797E-08
   2630.00       5.08284E-08
   2640.00       5.07770E-08
   2650.00       5.07258E-08
   2660.00       5.06745E-08
   2670.00       5.06233E-08
   2680.00       5.05723E-08
   2690.00       5.05212E-08
   2700.00       5.04702E-08
   2710.00       5.04193E-08
   2720.00       5.03684E-08
   2730.00       5.03176E-08
   2740.00       5.02669E-08
   2750.00       5.02162E-08
   2760.00       5.01656E-08
   2770.00       5.01150E-08
   2780.00       5.00645E-08
   2790.00       5.00141E-08
   2800.00       4.99637E-08
   2810.00       4.99134E-08
   2820.00       4.98632E-08
   2830.00       4.98130E-08
   2840.00       4.97629E-08
   2850.00       4.97129E-08
   2860.00       4.96629E-08
   2870.00       4.96130E-08
   2880.00       4.95633E-08
   2890.00       4.95135E-08
   2900.00       4.94638E-08
   2910.00       4.94142E-08
   2920.00       4.93647E-08
   2930.00       4.93153E-08
   2940.00       4.92659E-08
   2950.00       4.92166E-08
   2960.00       4.91674E-08
   2970.00       4.91182E-08
   2980.00       4.90691E-08
   2990.00       4.90201E-08
   3000.00       4.89712E-08
   3010.00       4.89223E-08
   3020.00       4.88735E-08
   3030.00       4.88249E-08
   3040.00       4.87762E-08
   3050.00       4.87277E-08
   3060.00       4.86792E-08
   3070.00       4.86308E-08
   3080.00       4.85825E-08
   3090.00       4.85343E-08
   3100.00       4.84861E-08
   3110.00       4.84381E-08
   3120.00       4.83900E-08
   3130.00       4.83421E-08
   3140.00       4.82943E-08
   3150.00       4.82465E-08
   3160.00       4.81989E-08
   3170.00       4.81513E-08
   3180.00       4.81037E-08
   3190.00       4.80563E-08
   3200.00       4.80089E-08
   3210.00       4.79616E-08
   3220.00       4.79144E-08
   3230.00       4.78673E-08
   3240.00       4.78203E-08
   3250.00       4.77733E-08
   3260.00       4.77264E-08
   3270.00       4.76796E-08
   3280.00       4.76329E-08
   3290.00       4.75863E-08
   3300.00       4.75397E-08
   3310.00       4.74932E-08
   3320.00       4.74468E-08
   3330.00       4.74005E-08
   3340.00       4.73542E-08
   3350.00       4.73081E-08
   3360.00       4.72620E-08
   3370.00       4.72160E-08
   3380.00       4.71701E-08
   3390.00       4.71243E-08
   3400.00       4.70785E-08
   3410.00       4.70328E-08
   3420.00       4.69872E-08
   3430.00       4.69417E-08
   3440.00       4.68963E-08
   3450.00       4.68510E-08
   3460.00       4.68057E-08
   3470.00       4.67605E-08
   3480.00       4.67154E-08
   3490.00       4.66704E-08
   3500.00       4.66255E-08
   3510.00       4.65806E-08
   3520.00       4.65358E-08
   3530.00       4.64911E-08
   3540.00       4.64465E-08
   3550.00       4.64020E-08
   3560.00       4.63575E-08
   3570.00       4.63131E-08
   3580.00       4.62688E-08
   3590.00       4.62246E-08
   3600.00       4.61805E-08
   3610.00       4.61364E-08
   3620.00       4.60924E-08
   3630.00       4.60485E-08
   3640.00       4.60047E-08
   3650.00       4.59610E-08
   3660.00       4.59173E-08
   3670.00       4.58737E-08
   3680.00       4.58302E-08
   3690.00       4.57868E-08
   3700.00       4.57435E-08
   3710.00       4.57002E-08
   3720.00       4.56570E-08
   3730.00       4.56139E-08
   3740.00       4.55709E-08
   3750.00       4.55280E-08
   3760.00       4.54851E-08
   3770.00       4.54423E-08
   3780.00       4.53996E-08
   3790.00       4.53570E-08
   3800.00       4.53144E-08
   3810.00       4.52719E-08
   3820.00       4.52295E-08
   3830.00       4.51872E-08
   3840.00       4.51450E-08
   3850.00       4.51029E-08
   3860.00       4.50608E-08
   3870.00       4.50188E-08
   3880.00       4.49769E-08
   3890.00       4.49350E-08
   3900.00       4.48932E-08
   3910.00       4.48515E-08
   3920.00       4.48099E-08
   3930.00       4.47684E-08
   3940.00       4.47269E-08
   3950.00       4.46855E-08
   3960.00       4.46442E-08
   3970.00       4.46030E-08
   3980.00       4.45618E-08
   3990.00       4.45207E-08
   4000.00       4.44797E-08
   4010.00       4.44388E-08
   4020.00       4.43980E-08
   4030.00       4.43572E-08
   4040.00       4.43165E-08
   4050.00       4.42759E-08
   4060.00       4.42353E-08
   4070.00       4.41948E-08
   4080.00       4.41544E-08
   4090.00       4.41141E-08
   4100.00       4.40739E-08
   4110.00       4.40337E-08
   4120.00       4.39936E-08
   4130.00       4.39536E-08
   4140.00       4.39136E-08
   4150.00       4.38737E-08
   4160.00       4.38339E-08
   4170.00       4.37942E-08
   4180.00       4.37545E-08
   4190.00       4.37150E-08
   4200.00       4.36755E-08
   4210.00       4.36360E-08
   4220.00       4.35967E-08
   4230.00       4.35574E-08
   4240.00       4.35182E-08
   4250.00       4.34790E-08
   4260.00       4.34400E-08
   4270.00       4.34010E-08
   4280.00       4.33620E-08
   4290.00       4.33232E-08
   4300.00       4.32844E-08
   4310.00       4.32457E-08
   4320.00       4.32070E-08
   4330.00       4.31685E-08
   4340.00       4.31300E-08
   4350.00       4.30916E-08
   4360.00       4.30532E-08
   4370.00       4.30150E-08
   4380.00       4.29767E-08
   4390.00       4.29386E-08
   4400.00       4.29005E-08
   4410.00       4.28625E-08
   4420.00       4.28246E-08
   4430.00       4.27868E-08
   4440.00       4.27490E-08
   4450.00       4.27113E-08
   4460.00       4.26736E-08
   4470.00       4.26360E-08
   4480.00       4.25985E-08
   4490.00       4.25611E-08
   4500.00       4.25237E-08
   4510.00       4.24865E-08
   4520.00       4.24492E-08
   4530.00       4.24120E-08
   4540.00       4.23750E-08
   4550.00       4.23379E-08
   4560.00       4.23010E-08
   4570.00       4.22641E-08
   4580.00       4.22273E-08
   4590.00       4.21905E-08
   4600.00       4.21538E-08
   4610.00       4.21172E-08
   4620.00       4.20807E-08
   4630.00       4.20442E-08
   4640.00       4.20078E-08
   4650.00       4.19714E-08
   4660.00       4.19352E-08
   4670.00       4.18990E-08
   4680.00       4.18628E-08
   4690.00       4.18267E-08
   4700.00       4.17907E-08
   4710.00       4.17548E-08
   4720.00       4.17189E-08
   4730.00       4.16831E-08
   4740.00       4.16473E-08
   4750.00       4.16116E-08
   4760.00       4.15760E-08
   4770.00       4.15405E-08
   4780.00       4.15050E-08
   4790.00       4.14696E-08
   4800.00       4.14342E-08
   4810.00       4.13989E-08
   4820.00       4.13637E-08
   4830.00       4.13285E-08
   4840.00       4.12934E-08
   4850.00       4.12584E-08
   4860.00       4.12234E-08
   4870.00       4.11885E-08
   4880.00       4.11537E-08
   4890.00       4.11189E-08
   4900.00       4.10842E-08
   4910.00       4.10495E-08
   4920.00       4.10149E-08
   4930.00       4.09804E-08
   4940.00       4.09459E-08
   4950.00       4.09115E-08
   4960.00       4.08772E-08
   4970.00       4.08429E-08
   4980.00       4.08087E-08
   4990.00       4.07746E-08
   5000.00       4.07405E-08
   5010.00       4.07064E-08
   5020.00       4.06725E-08
   5030.00       4.06386E-08
   5040.00       4.06047E-08
   5050.00       4.05710E-08
   5060.00       4.05372E-08
   5070.00       4.05036E-08
   5080.00       4.04700E-08
   5090.00       4.04364E-08
   6000.00       3.76219E-08
   7000.00       3.49959E-08
   8000.00       3.27585E-08
   9000.00       3.08284E-08
  10000.00       2.91430E-08
