    100.00       0.00000E+00
    110.00       0.00000E+00
    120.00       0.00000E+00
    130.00       0.00000E+00
    140.00       0.00000E+00
    150.00       0.00000E+00
    160.00       0.00000E+00
    170.00       0.00000E+00
    180.00       0.00000E+00
    190.00       0.00000E+00
    200.00       0.00000E+00
    210.00       0.00000E+00
    220.00       0.00000E+00
    230.00       0.00000E+00
    240.00       0.00000E+00
    250.00       0.00000E+00
    260.00       0.00000E+00
    270.00       0.00000E+00
    280.00       0.00000E+00
    290.00       0.00000E+00
    300.00       0.00000E+00
    310.00       0.00000E+00
    320.00       0.00000E+00
    330.00       0.00000E+00
    340.00       0.00000E+00
    350.00       0.00000E+00
    360.00       0.00000E+00
    370.00       0.00000E+00
    380.00       0.00000E+00
    390.00       0.00000E+00
    400.00       0.00000E+00
    410.00       0.00000E+00
    420.00       0.00000E+00
    430.00       0.00000E+00
    440.00       0.00000E+00
    450.00       0.00000E+00
    460.00       0.00000E+00
    470.00       0.00000E+00
    480.00       0.00000E+00
    490.00       0.00000E+00
    500.00       0.00000E+00
    510.00       0.00000E+00
    520.00       0.00000E+00
    530.00       0.00000E+00
    540.00       0.00000E+00
    550.00       0.00000E+00
    560.00       0.00000E+00
    570.00       0.00000E+00
    580.00       0.00000E+00
    590.00       0.00000E+00
    600.00       0.00000E+00
    610.00       0.00000E+00
    620.00       0.00000E+00
    630.00       0.00000E+00
    640.00       0.00000E+00
    650.00       0.00000E+00
    660.00       0.00000E+00
    670.00       0.00000E+00
    680.00       1.48108E-38
    690.00       4.15300E-38
    700.00       1.13042E-37
    710.00       2.99069E-37
    720.00       7.69949E-37
    730.00       1.93108E-36
    740.00       4.72338E-36
    750.00       1.12787E-35
    760.00       2.63160E-35
    770.00       6.00547E-35
    780.00       1.34153E-34
    790.00       2.93582E-34
    800.00       6.29914E-34
    810.00       1.32608E-33
    820.00       2.74091E-33
    830.00       5.56613E-33
    840.00       1.11126E-32
    850.00       2.18245E-32
    860.00       4.21882E-32
    870.00       8.03139E-32
    880.00       1.50651E-31
    890.00       2.78582E-31
    900.00       5.08093E-31
    910.00       9.14405E-31
    920.00       1.62453E-30
    930.00       2.85035E-30
    940.00       4.94101E-30
    950.00       8.46551E-30
    960.00       1.43404E-29
    970.00       2.40276E-29
    980.00       3.98316E-29
    990.00       6.53532E-29
   1000.00       1.06159E-28
   1010.00       1.70778E-28
   1020.00       2.72151E-28
   1030.00       4.29754E-28
   1040.00       6.72616E-28
   1050.00       1.04368E-27
   1060.00       1.60594E-27
   1070.00       2.45108E-27
   1080.00       3.71142E-27
   1090.00       5.57673E-27
   1100.00       8.31707E-27
   1110.00       1.23138E-26
   1120.00       1.81025E-26
   1130.00       2.64294E-26
   1140.00       3.83284E-26
   1150.00       5.52218E-26
   1160.00       7.90561E-26
   1170.00       1.12477E-25
   1180.00       1.59061E-25
   1190.00       2.23617E-25
   1200.00       3.12574E-25
   1210.00       4.34476E-25
   1220.00       6.00623E-25
   1230.00       8.25894E-25
   1240.00       1.12977E-24
   1250.00       1.53763E-24
   1260.00       2.08238E-24
   1270.00       2.80651E-24
   1280.00       3.76465E-24
   1290.00       5.02666E-24
   1300.00       6.68155E-24
   1310.00       8.84227E-24
   1320.00       1.16514E-23
   1330.00       1.52888E-23
   1340.00       1.99794E-23
   1350.00       2.60045E-23
   1360.00       3.37136E-23
   1370.00       4.35406E-23
   1380.00       5.60213E-23
   1390.00       7.18151E-23
   1400.00       9.17306E-23
   1410.00       1.16758E-22
   1420.00       1.48103E-22
   1430.00       1.87230E-22
   1440.00       2.35913E-22
   1450.00       2.96295E-22
   1460.00       3.70957E-22
   1470.00       4.62997E-22
   1480.00       5.76114E-22
   1490.00       7.14743E-22
   1500.00       8.84144E-22
   1510.00       1.09057E-21
   1520.00       1.34144E-21
   1530.00       1.64548E-21
   1540.00       2.01303E-21
   1550.00       2.45616E-21
   1560.00       2.98910E-21
   1570.00       3.62846E-21
   1580.00       4.39359E-21
   1590.00       5.30710E-21
   1600.00       6.39520E-21
   1610.00       7.68828E-21
   1620.00       9.22150E-21
   1630.00       1.10355E-20
   1640.00       1.31769E-20
   1650.00       1.56995E-20
   1660.00       1.86651E-20
   1670.00       2.21441E-20
   1680.00       2.62175E-20
   1690.00       3.09771E-20
   1700.00       3.65278E-20
   1710.00       4.29889E-20
   1720.00       5.04956E-20
   1730.00       5.92008E-20
   1740.00       6.92782E-20
   1750.00       8.09229E-20
   1760.00       9.43552E-20
   1770.00       1.09824E-19
   1780.00       1.27606E-19
   1790.00       1.48015E-19
   1800.00       1.71401E-19
   1810.00       1.98155E-19
   1820.00       2.28713E-19
   1830.00       2.63564E-19
   1840.00       3.03247E-19
   1850.00       3.48369E-19
   1860.00       3.99599E-19
   1870.00       4.57677E-19
   1880.00       5.23425E-19
   1890.00       5.97755E-19
   1900.00       6.81670E-19
   1910.00       7.76274E-19
   1920.00       8.82789E-19
   1930.00       1.00257E-18
   1940.00       1.13707E-18
   1950.00       1.28792E-18
   1960.00       1.45689E-18
   1970.00       1.64594E-18
   1980.00       1.85718E-18
   1990.00       2.09294E-18
   2000.00       2.35576E-18
   2010.00       2.64841E-18
   2020.00       2.97389E-18
   2030.00       3.33548E-18
   2040.00       3.73675E-18
   2050.00       4.18157E-18
   2060.00       4.67413E-18
   2070.00       5.21896E-18
   2080.00       5.82102E-18
   2090.00       6.48561E-18
   2100.00       7.21848E-18
   2110.00       8.02585E-18
   2120.00       8.91441E-18
   2130.00       9.89143E-18
   2140.00       1.09646E-17
   2150.00       1.21423E-17
   2160.00       1.34335E-17
   2170.00       1.48480E-17
   2180.00       1.63959E-17
   2190.00       1.80886E-17
   2200.00       1.99378E-17
   2210.00       2.19561E-17
   2220.00       2.41574E-17
   2230.00       2.65560E-17
   2240.00       2.91677E-17
   2250.00       3.20089E-17
   2260.00       3.50974E-17
   2270.00       3.84519E-17
   2280.00       4.20925E-17
   2290.00       4.60405E-17
   2300.00       5.03187E-17
   2310.00       5.49512E-17
   2320.00       5.99636E-17
   2330.00       6.53830E-17
   2340.00       7.12383E-17
   2350.00       7.75599E-17
   2360.00       8.43800E-17
   2370.00       9.17332E-17
   2380.00       9.96553E-17
   2390.00       1.08185E-16
   2400.00       1.17363E-16
   2410.00       1.27230E-16
   2420.00       1.37834E-16
   2430.00       1.49219E-16
   2440.00       1.61438E-16
   2450.00       1.74543E-16
   2460.00       1.88587E-16
   2470.00       2.03632E-16
   2480.00       2.19737E-16
   2490.00       2.36968E-16
   2500.00       2.55391E-16
   2510.00       2.75078E-16
   2520.00       2.96103E-16
   2530.00       3.18545E-16
   2540.00       3.42485E-16
   2550.00       3.68010E-16
   2560.00       3.95209E-16
   2570.00       4.24177E-16
   2580.00       4.55011E-16
   2590.00       4.87815E-16
   2600.00       5.22697E-16
   2610.00       5.59769E-16
   2620.00       5.99147E-16
   2630.00       6.40955E-16
   2640.00       6.85318E-16
   2650.00       7.32375E-16
   2660.00       7.82257E-16
   2670.00       8.35114E-16
   2680.00       8.91099E-16
   2690.00       9.50359E-16
   2700.00       1.01307E-15
   2710.00       1.07939E-15
   2720.00       1.14950E-15
   2730.00       1.22358E-15
   2740.00       1.30183E-15
   2750.00       1.38443E-15
   2760.00       1.47161E-15
   2770.00       1.56356E-15
   2780.00       1.66051E-15
   2790.00       1.76268E-15
   2800.00       1.87032E-15
   2810.00       1.98368E-15
   2820.00       2.10300E-15
   2830.00       2.22854E-15
   2840.00       2.36059E-15
   2850.00       2.49942E-15
   2860.00       2.64533E-15
   2870.00       2.79860E-15
   2880.00       2.95957E-15
   2890.00       3.12855E-15
   2900.00       3.30585E-15
   2910.00       3.49185E-15
   2920.00       3.68688E-15
   2930.00       3.89132E-15
   2940.00       4.10554E-15
   2950.00       4.32991E-15
   2960.00       4.56485E-15
   2970.00       4.81077E-15
   2980.00       5.06812E-15
   2990.00       5.33727E-15
   3000.00       5.61874E-15
   3010.00       5.91297E-15
   3020.00       6.22039E-15
   3030.00       6.54157E-15
   3040.00       6.87694E-15
   3050.00       7.22709E-15
   3060.00       7.59248E-15
   3070.00       7.97373E-15
   3080.00       8.37135E-15
   3090.00       8.78591E-15
   3100.00       9.21805E-15
   3110.00       9.66832E-15
   3120.00       1.01374E-14
   3130.00       1.06259E-14
   3140.00       1.11345E-14
   3150.00       1.16638E-14
   3160.00       1.22146E-14
   3170.00       1.27875E-14
   3180.00       1.33833E-14
   3190.00       1.40027E-14
   3200.00       1.46464E-14
   3210.00       1.53154E-14
   3220.00       1.60102E-14
   3230.00       1.67318E-14
   3240.00       1.74810E-14
   3250.00       1.82586E-14
   3260.00       1.90655E-14
   3270.00       1.99026E-14
   3280.00       2.07708E-14
   3290.00       2.16711E-14
   3300.00       2.26043E-14
   3310.00       2.35715E-14
   3320.00       2.45735E-14
   3330.00       2.56116E-14
   3340.00       2.66865E-14
   3350.00       2.77996E-14
   3360.00       2.89517E-14
   3370.00       3.01440E-14
   3380.00       3.13776E-14
   3390.00       3.26536E-14
   3400.00       3.39733E-14
   3410.00       3.53377E-14
   3420.00       3.67481E-14
   3430.00       3.82058E-14
   3440.00       3.97119E-14
   3450.00       4.12677E-14
   3460.00       4.28745E-14
   3470.00       4.45336E-14
   3480.00       4.62466E-14
   3490.00       4.80144E-14
   3500.00       4.98388E-14
   3510.00       5.17209E-14
   3520.00       5.36624E-14
   3530.00       5.56647E-14
   3540.00       5.77291E-14
   3550.00       5.98574E-14
   3560.00       6.20508E-14
   3570.00       6.43111E-14
   3580.00       6.66399E-14
   3590.00       6.90387E-14
   3600.00       7.15092E-14
   3610.00       7.40530E-14
   3620.00       7.66718E-14
   3630.00       7.93671E-14
   3640.00       8.21412E-14
   3650.00       8.49954E-14
   3660.00       8.79317E-14
   3670.00       9.09515E-14
   3680.00       9.40572E-14
   3690.00       9.72505E-14
   3700.00       1.00533E-13
   3710.00       1.03907E-13
   3720.00       1.07374E-13
   3730.00       1.10937E-13
   3740.00       1.14597E-13
   3750.00       1.18355E-13
   3760.00       1.22216E-13
   3770.00       1.26179E-13
   3780.00       1.30249E-13
   3790.00       1.34425E-13
   3800.00       1.38712E-13
   3810.00       1.43110E-13
   3820.00       1.47623E-13
   3830.00       1.52252E-13
   3840.00       1.57000E-13
   3850.00       1.61868E-13
   3860.00       1.66861E-13
   3870.00       1.71978E-13
   3880.00       1.77224E-13
   3890.00       1.82599E-13
   3900.00       1.88108E-13
   3910.00       1.93752E-13
   3920.00       1.99533E-13
   3930.00       2.05455E-13
   3940.00       2.11520E-13
   3950.00       2.17730E-13
   3960.00       2.24087E-13
   3970.00       2.30595E-13
   3980.00       2.37257E-13
   3990.00       2.44074E-13
   4000.00       2.51049E-13
   4010.00       2.58186E-13
   4020.00       2.65486E-13
   4030.00       2.72953E-13
   4040.00       2.80590E-13
   4050.00       2.88399E-13
   4060.00       2.96383E-13
   4070.00       3.04544E-13
   4080.00       3.12887E-13
   4090.00       3.21414E-13
   4100.00       3.30127E-13
   4110.00       3.39030E-13
   4120.00       3.48126E-13
   4130.00       3.57416E-13
   4140.00       3.66906E-13
   4150.00       3.76598E-13
   4160.00       3.86494E-13
   4170.00       3.96599E-13
   4180.00       4.06915E-13
   4190.00       4.17444E-13
   4200.00       4.28191E-13
   4210.00       4.39160E-13
   4220.00       4.50351E-13
   4230.00       4.61771E-13
   4240.00       4.73420E-13
   4250.00       4.85303E-13
   4260.00       4.97423E-13
   4270.00       5.09783E-13
   4280.00       5.22388E-13
   4290.00       5.35239E-13
   4300.00       5.48342E-13
   4310.00       5.61698E-13
   4320.00       5.75311E-13
   4330.00       5.89186E-13
   4340.00       6.03324E-13
   4350.00       6.17731E-13
   4360.00       6.32409E-13
   4370.00       6.47363E-13
   4380.00       6.62594E-13
   4390.00       6.78108E-13
   4400.00       6.93909E-13
   4410.00       7.09997E-13
   4420.00       7.26380E-13
   4430.00       7.43059E-13
   4440.00       7.60039E-13
   4450.00       7.77324E-13
   4460.00       7.94915E-13
   4470.00       8.12819E-13
   4480.00       8.31039E-13
   4490.00       8.49577E-13
   4500.00       8.68439E-13
   4510.00       8.87628E-13
   4520.00       9.07147E-13
   4530.00       9.27001E-13
   4540.00       9.47194E-13
   4550.00       9.67728E-13
   4560.00       9.88610E-13
   4570.00       1.00984E-12
   4580.00       1.03143E-12
   4590.00       1.05337E-12
   4600.00       1.07567E-12
   4610.00       1.09835E-12
   4620.00       1.12139E-12
   4630.00       1.14480E-12
   4640.00       1.16860E-12
   4650.00       1.19277E-12
   4660.00       1.21733E-12
   4670.00       1.24229E-12
   4680.00       1.26763E-12
   4690.00       1.29338E-12
   4700.00       1.31953E-12
   4710.00       1.34608E-12
   4720.00       1.37304E-12
   4730.00       1.40042E-12
   4740.00       1.42822E-12
   4750.00       1.45644E-12
   4760.00       1.48509E-12
   4770.00       1.51417E-12
   4780.00       1.54369E-12
   4790.00       1.57364E-12
   4800.00       1.60404E-12
   4810.00       1.63489E-12
   4820.00       1.66619E-12
   4830.00       1.69795E-12
   4840.00       1.73017E-12
   4850.00       1.76285E-12
   4860.00       1.79600E-12
   4870.00       1.82963E-12
   4880.00       1.86373E-12
   4890.00       1.89831E-12
   4900.00       1.93339E-12
   4910.00       1.96895E-12
   4920.00       2.00501E-12
   4930.00       2.04157E-12
   4940.00       2.07863E-12
   4950.00       2.11620E-12
   4960.00       2.15428E-12
   4970.00       2.19288E-12
   4980.00       2.23200E-12
   4990.00       2.27165E-12
   5000.00       2.31182E-12
   5010.00       2.35253E-12
   5020.00       2.39378E-12
   5030.00       2.43557E-12
   5040.00       2.47790E-12
   5050.00       2.52079E-12
   5060.00       2.56423E-12
   5070.00       2.60823E-12
   5080.00       2.65280E-12
   5090.00       2.69793E-12
   6000.00       9.73262E-12
   7000.00       2.63217E-11
   8000.00       5.41633E-11
   9000.00       9.31092E-11
  10000.00       1.41372E-10
