    100.00       0.00000E+00
    110.00       0.00000E+00
    120.00       0.00000E+00
    130.00       0.00000E+00
    140.00       0.00000E+00
    150.00       0.00000E+00
    160.00       0.00000E+00
    170.00       0.00000E+00
    180.00       0.00000E+00
    190.00       0.00000E+00
    200.00       0.00000E+00
    210.00       0.00000E+00
    220.00       0.00000E+00
    230.00       0.00000E+00
    240.00       0.00000E+00
    250.00       0.00000E+00
    260.00       0.00000E+00
    270.00       0.00000E+00
    280.00       0.00000E+00
    290.00       0.00000E+00
    300.00       0.00000E+00
    310.00       0.00000E+00
    320.00       0.00000E+00
    330.00       0.00000E+00
    340.00       0.00000E+00
    350.00       0.00000E+00
    360.00       0.00000E+00
    370.00       0.00000E+00
    380.00       0.00000E+00
    390.00       0.00000E+00
    400.00       0.00000E+00
    410.00       0.00000E+00
    420.00       0.00000E+00
    430.00       0.00000E+00
    440.00       0.00000E+00
    450.00       0.00000E+00
    460.00       0.00000E+00
    470.00       0.00000E+00
    480.00       0.00000E+00
    490.00       0.00000E+00
    500.00       0.00000E+00
    510.00       0.00000E+00
    520.00       0.00000E+00
    530.00       0.00000E+00
    540.00       0.00000E+00
    550.00       0.00000E+00
    560.00       0.00000E+00
    570.00       0.00000E+00
    580.00       0.00000E+00
    590.00       0.00000E+00
    600.00       0.00000E+00
    610.00       0.00000E+00
    620.00       0.00000E+00
    630.00       0.00000E+00
    640.00       0.00000E+00
    650.00       0.00000E+00
    660.00       0.00000E+00
    670.00       0.00000E+00
    680.00       0.00000E+00
    690.00       0.00000E+00
    700.00       0.00000E+00
    710.00       0.00000E+00
    720.00       0.00000E+00
    730.00       0.00000E+00
    740.00       0.00000E+00
    750.00       0.00000E+00
    760.00       0.00000E+00
    770.00       0.00000E+00
    780.00       0.00000E+00
    790.00       0.00000E+00
    800.00       0.00000E+00
    810.00       0.00000E+00
    820.00       0.00000E+00
    830.00       0.00000E+00
    840.00       0.00000E+00
    850.00       0.00000E+00
    860.00       0.00000E+00
    870.00       0.00000E+00
    880.00       0.00000E+00
    890.00       0.00000E+00
    900.00       0.00000E+00
    910.00       0.00000E+00
    920.00       0.00000E+00
    930.00       0.00000E+00
    940.00       0.00000E+00
    950.00       0.00000E+00
    960.00       0.00000E+00
    970.00       0.00000E+00
    980.00       0.00000E+00
    990.00       0.00000E+00
   1000.00       0.00000E+00
   1010.00       0.00000E+00
   1020.00       0.00000E+00
   1030.00       0.00000E+00
   1040.00       0.00000E+00
   1050.00       0.00000E+00
   1060.00       0.00000E+00
   1070.00       0.00000E+00
   1080.00       0.00000E+00
   1090.00       0.00000E+00
   1100.00       0.00000E+00
   1110.00       0.00000E+00
   1120.00       0.00000E+00
   1130.00       0.00000E+00
   1140.00       0.00000E+00
   1150.00       0.00000E+00
   1160.00       0.00000E+00
   1170.00       0.00000E+00
   1180.00       0.00000E+00
   1190.00       0.00000E+00
   1200.00       0.00000E+00
   1210.00       0.00000E+00
   1220.00       0.00000E+00
   1230.00       0.00000E+00
   1240.00       0.00000E+00
   1250.00       0.00000E+00
   1260.00       0.00000E+00
   1270.00       0.00000E+00
   1280.00       0.00000E+00
   1290.00       0.00000E+00
   1300.00       0.00000E+00
   1310.00       0.00000E+00
   1320.00       0.00000E+00
   1330.00       0.00000E+00
   1340.00       0.00000E+00
   1350.00       0.00000E+00
   1360.00       0.00000E+00
   1370.00       0.00000E+00
   1380.00       0.00000E+00
   1390.00       0.00000E+00
   1400.00       0.00000E+00
   1410.00       0.00000E+00
   1420.00       0.00000E+00
   1430.00       0.00000E+00
   1440.00       0.00000E+00
   1450.00       0.00000E+00
   1460.00       0.00000E+00
   1470.00       0.00000E+00
   1480.00       0.00000E+00
   1490.00       0.00000E+00
   1500.00       0.00000E+00
   1510.00       0.00000E+00
   1520.00       0.00000E+00
   1530.00       0.00000E+00
   1540.00       0.00000E+00
   1550.00       0.00000E+00
   1560.00       0.00000E+00
   1570.00       0.00000E+00
   1580.00       0.00000E+00
   1590.00       0.00000E+00
   1600.00       0.00000E+00
   1610.00       0.00000E+00
   1620.00       0.00000E+00
   1630.00       0.00000E+00
   1640.00       0.00000E+00
   1650.00       0.00000E+00
   1660.00       0.00000E+00
   1670.00       0.00000E+00
   1680.00       0.00000E+00
   1690.00       0.00000E+00
   1700.00       0.00000E+00
   1710.00       0.00000E+00
   1720.00       0.00000E+00
   1730.00       0.00000E+00
   1740.00       0.00000E+00
   1750.00       0.00000E+00
   1760.00       0.00000E+00
   1770.00       0.00000E+00
   1780.00       0.00000E+00
   1790.00       0.00000E+00
   1800.00       0.00000E+00
   1810.00       0.00000E+00
   1820.00       0.00000E+00
   1830.00       0.00000E+00
   1840.00       0.00000E+00
   1850.00       0.00000E+00
   1860.00       0.00000E+00
   1870.00       0.00000E+00
   1880.00       0.00000E+00
   1890.00       0.00000E+00
   1900.00       0.00000E+00
   1910.00       0.00000E+00
   1920.00       0.00000E+00
   1930.00       0.00000E+00
   1940.00       0.00000E+00
   1950.00       0.00000E+00
   1960.00       0.00000E+00
   1970.00       0.00000E+00
   1980.00       0.00000E+00
   1990.00       0.00000E+00
   2000.00       0.00000E+00
   2010.00       0.00000E+00
   2020.00       0.00000E+00
   2030.00       0.00000E+00
   2040.00       0.00000E+00
   2050.00       0.00000E+00
   2060.00       0.00000E+00
   2070.00       0.00000E+00
   2080.00       0.00000E+00
   2090.00       0.00000E+00
   2100.00       0.00000E+00
   2110.00       0.00000E+00
   2120.00       0.00000E+00
   2130.00       0.00000E+00
   2140.00       0.00000E+00
   2150.00       0.00000E+00
   2160.00       0.00000E+00
   2170.00       0.00000E+00
   2180.00       0.00000E+00
   2190.00       0.00000E+00
   2200.00       0.00000E+00
   2210.00       0.00000E+00
   2220.00       0.00000E+00
   2230.00       0.00000E+00
   2240.00       0.00000E+00
   2250.00       0.00000E+00
   2260.00       0.00000E+00
   2270.00       0.00000E+00
   2280.00       0.00000E+00
   2290.00       0.00000E+00
   2300.00       0.00000E+00
   2310.00       0.00000E+00
   2320.00       0.00000E+00
   2330.00       0.00000E+00
   2340.00       0.00000E+00
   2350.00       0.00000E+00
   2360.00       0.00000E+00
   2370.00       0.00000E+00
   2380.00       0.00000E+00
   2390.00       0.00000E+00
   2400.00       0.00000E+00
   2410.00       0.00000E+00
   2420.00       0.00000E+00
   2430.00       0.00000E+00
   2440.00       0.00000E+00
   2450.00       0.00000E+00
   2460.00       0.00000E+00
   2470.00       0.00000E+00
   2480.00       0.00000E+00
   2490.00       0.00000E+00
   2500.00       0.00000E+00
   2510.00       0.00000E+00
   2520.00       0.00000E+00
   2530.00       0.00000E+00
   2540.00       0.00000E+00
   2550.00       0.00000E+00
   2560.00       0.00000E+00
   2570.00       0.00000E+00
   2580.00       0.00000E+00
   2590.00       0.00000E+00
   2600.00       0.00000E+00
   2610.00       0.00000E+00
   2620.00       0.00000E+00
   2630.00       0.00000E+00
   2640.00       0.00000E+00
   2650.00       0.00000E+00
   2660.00       0.00000E+00
   2670.00       0.00000E+00
   2680.00       0.00000E+00
   2690.00       0.00000E+00
   2700.00       0.00000E+00
   2710.00       0.00000E+00
   2720.00       0.00000E+00
   2730.00       0.00000E+00
   2740.00       0.00000E+00
   2750.00       0.00000E+00
   2760.00       0.00000E+00
   2770.00       1.19454E-38
   2780.00       1.51892E-38
   2790.00       1.92807E-38
   2800.00       2.44326E-38
   2810.00       3.09097E-38
   2820.00       3.90389E-38
   2830.00       4.92243E-38
   2840.00       6.19673E-38
   2850.00       7.78831E-38
   2860.00       9.77313E-38
   2870.00       1.22445E-37
   2880.00       1.53169E-37
   2890.00       1.91306E-37
   2900.00       2.38573E-37
   2910.00       2.97073E-37
   2920.00       3.69361E-37
   2930.00       4.58562E-37
   2940.00       5.68475E-37
   2950.00       7.03701E-37
   2960.00       8.69850E-37
   2970.00       1.07370E-36
   2980.00       1.32347E-36
   2990.00       1.62905E-36
   3000.00       2.00244E-36
   3010.00       2.45807E-36
   3020.00       3.01324E-36
   3030.00       3.68894E-36
   3040.00       4.51008E-36
   3050.00       5.50689E-36
   3060.00       6.71515E-36
   3070.00       8.17810E-36
   3080.00       9.94707E-36
   3090.00       1.20833E-35
   3100.00       1.46601E-35
   3110.00       1.77643E-35
   3120.00       2.14997E-35
   3130.00       2.59886E-35
   3140.00       3.13774E-35
   3150.00       3.78381E-35
   3160.00       4.55753E-35
   3170.00       5.48310E-35
   3180.00       6.58894E-35
   3190.00       7.90878E-35
   3200.00       9.48222E-35
   3210.00       1.13559E-34
   3220.00       1.35847E-34
   3230.00       1.62329E-34
   3240.00       1.93762E-34
   3250.00       2.31031E-34
   3260.00       2.75172E-34
   3270.00       3.27399E-34
   3280.00       3.89126E-34
   3290.00       4.62013E-34
   3300.00       5.47978E-34
   3310.00       6.49275E-34
   3320.00       7.68513E-34
   3330.00       9.08735E-34
   3340.00       1.07347E-33
   3350.00       1.26681E-33
   3360.00       1.49351E-33
   3370.00       1.75906E-33
   3380.00       2.06985E-33
   3390.00       2.43319E-33
   3400.00       2.85765E-33
   3410.00       3.35296E-33
   3420.00       3.93049E-33
   3430.00       4.60325E-33
   3440.00       5.38623E-33
   3450.00       6.29670E-33
   3460.00       7.35441E-33
   3470.00       8.58218E-33
   3480.00       1.00061E-32
   3490.00       1.16561E-32
   3500.00       1.35663E-32
   3510.00       1.57759E-32
   3520.00       1.83299E-32
   3530.00       2.12794E-32
   3540.00       2.46827E-32
   3550.00       2.86066E-32
   3560.00       3.31268E-32
   3570.00       3.83299E-32
   3580.00       4.43146E-32
   3590.00       5.11923E-32
   3600.00       5.90903E-32
   3610.00       6.81531E-32
   3620.00       7.85438E-32
   3630.00       9.04481E-32
   3640.00       1.04077E-31
   3650.00       1.19668E-31
   3660.00       1.37491E-31
   3670.00       1.57847E-31
   3680.00       1.81083E-31
   3690.00       2.07588E-31
   3700.00       2.37794E-31
   3710.00       2.72198E-31
   3720.00       3.11357E-31
   3730.00       3.55892E-31
   3740.00       4.06510E-31
   3750.00       4.63995E-31
   3760.00       5.29242E-31
   3770.00       6.03242E-31
   3780.00       6.87122E-31
   3790.00       7.82126E-31
   3800.00       8.89665E-31
   3810.00       1.01131E-30
   3820.00       1.14881E-30
   3830.00       1.30416E-30
   3840.00       1.47952E-30
   3850.00       1.67739E-30
   3860.00       1.90050E-30
   3870.00       2.15187E-30
   3880.00       2.43496E-30
   3890.00       2.75354E-30
   3900.00       3.11187E-30
   3910.00       3.51461E-30
   3920.00       3.96704E-30
   3930.00       4.47499E-30
   3940.00       5.04490E-30
   3950.00       5.68393E-30
   3960.00       6.40008E-30
   3970.00       7.20220E-30
   3980.00       8.10007E-30
   3990.00       9.10451E-30
   4000.00       1.02276E-29
   4010.00       1.14826E-29
   4020.00       1.28842E-29
   4030.00       1.44486E-29
   4040.00       1.61939E-29
   4050.00       1.81400E-29
   4060.00       2.03083E-29
   4070.00       2.27235E-29
   4080.00       2.54120E-29
   4090.00       2.84031E-29
   4100.00       3.17292E-29
   4110.00       3.54259E-29
   4120.00       3.95322E-29
   4130.00       4.40908E-29
   4140.00       4.91498E-29
   4150.00       5.47606E-29
   4160.00       6.09803E-29
   4170.00       6.78720E-29
   4180.00       7.55038E-29
   4190.00       8.39510E-29
   4200.00       9.32966E-29
   4210.00       1.03631E-28
   4220.00       1.15053E-28
   4230.00       1.27672E-28
   4240.00       1.41605E-28
   4250.00       1.56983E-28
   4260.00       1.73948E-28
   4270.00       1.92652E-28
   4280.00       2.13269E-28
   4290.00       2.35978E-28
   4300.00       2.60986E-28
   4310.00       2.88509E-28
   4320.00       3.18785E-28
   4330.00       3.52080E-28
   4340.00       3.88674E-28
   4350.00       4.28879E-28
   4360.00       4.73028E-28
   4370.00       5.21494E-28
   4380.00       5.74667E-28
   4390.00       6.32984E-28
   4400.00       6.96918E-28
   4410.00       7.66970E-28
   4420.00       8.43705E-28
   4430.00       9.27717E-28
   4440.00       1.01967E-27
   4450.00       1.12026E-27
   4460.00       1.23025E-27
   4470.00       1.35048E-27
   4480.00       1.48185E-27
   4490.00       1.62533E-27
   4500.00       1.78198E-27
   4510.00       1.95294E-27
   4520.00       2.13942E-27
   4530.00       2.34279E-27
   4540.00       2.56446E-27
   4550.00       2.80599E-27
   4560.00       3.06908E-27
   4570.00       3.35553E-27
   4580.00       3.66727E-27
   4590.00       4.00647E-27
   4600.00       4.37533E-27
   4610.00       4.77637E-27
   4620.00       5.21216E-27
   4630.00       5.68564E-27
   4640.00       6.19980E-27
   4650.00       6.75792E-27
   4660.00       7.36362E-27
   4670.00       8.02063E-27
   4680.00       8.73319E-27
   4690.00       9.50553E-27
   4700.00       1.03425E-26
   4710.00       1.12492E-26
   4720.00       1.22309E-26
   4730.00       1.32938E-26
   4740.00       1.44440E-26
   4750.00       1.56882E-26
   4760.00       1.70336E-26
   4770.00       1.84882E-26
   4780.00       2.00603E-26
   4790.00       2.17585E-26
   4800.00       2.35926E-26
   4810.00       2.55727E-26
   4820.00       2.77099E-26
   4830.00       3.00157E-26
   4840.00       3.25028E-26
   4850.00       3.51843E-26
   4860.00       3.80747E-26
   4870.00       4.11896E-26
   4880.00       4.45448E-26
   4890.00       4.81580E-26
   4900.00       5.20483E-26
   4910.00       5.62345E-26
   4920.00       6.07386E-26
   4930.00       6.55834E-26
   4940.00       7.07924E-26
   4950.00       7.63919E-26
   4960.00       8.24096E-26
   4970.00       8.88740E-26
   4980.00       9.58167E-26
   4990.00       1.03271E-25
   5000.00       1.11271E-25
   5010.00       1.19857E-25
   5020.00       1.29067E-25
   5030.00       1.38943E-25
   5040.00       1.49532E-25
   5050.00       1.60882E-25
   5060.00       1.73043E-25
   5070.00       1.86071E-25
   5080.00       2.00022E-25
   5090.00       2.14960E-25
   6000.00       5.56181E-23
   7000.00       4.76941E-21
   8000.00       1.35674E-19
   9000.00       1.84744E-18
  10000.00       1.50080E-17
