         0.16952E+02          0.00000E+00
         0.16962E+02          0.00000E+00
         0.16972E+02          0.00000E+00
         0.16982E+02          0.00000E+00
         0.16992E+02          0.00000E+00
         0.17002E+02          0.00000E+00
         0.17012E+02          0.00000E+00
         0.17022E+02          0.00000E+00
         0.17032E+02          0.00000E+00
         0.17042E+02          0.00000E+00
         0.17052E+02          0.00000E+00
         0.17062E+02          0.00000E+00
         0.17072E+02          0.00000E+00
         0.17082E+02          0.00000E+00
         0.17092E+02          0.00000E+00
         0.17102E+02          0.00000E+00
         0.17112E+02          0.00000E+00
         0.17122E+02          0.00000E+00
         0.17132E+02          0.00000E+00
         0.17142E+02          0.00000E+00
         0.17152E+02          0.00000E+00
         0.17162E+02          0.00000E+00
         0.17172E+02          0.00000E+00
         0.17182E+02          0.00000E+00
         0.17192E+02          0.00000E+00
         0.17202E+02          0.00000E+00
         0.17212E+02          0.00000E+00
         0.17222E+02          0.00000E+00
         0.17232E+02          0.00000E+00
         0.17242E+02          0.00000E+00
         0.17252E+02          0.00000E+00
         0.17262E+02          0.00000E+00
         0.17272E+02          0.00000E+00
         0.17282E+02          0.00000E+00
         0.17292E+02          0.00000E+00
         0.17302E+02          0.00000E+00
         0.17312E+02          0.00000E+00
         0.17322E+02          0.00000E+00
         0.17332E+02          0.00000E+00
         0.17342E+02          0.00000E+00
         0.17352E+02          0.00000E+00
         0.17362E+02          0.00000E+00
         0.17372E+02          0.00000E+00
         0.17382E+02          0.00000E+00
         0.17392E+02          0.00000E+00
         0.17402E+02          0.00000E+00
         0.17412E+02          0.00000E+00
         0.17422E+02          0.00000E+00
         0.17432E+02          0.00000E+00
         0.17442E+02          0.00000E+00
         0.17452E+02          0.00000E+00
         0.17462E+02          0.00000E+00
         0.17472E+02          0.00000E+00
         0.17482E+02          0.00000E+00
         0.17492E+02          0.00000E+00
         0.17502E+02          0.00000E+00
         0.17512E+02          0.00000E+00
         0.17522E+02          0.00000E+00
         0.17532E+02          0.00000E+00
         0.17542E+02          0.00000E+00
         0.17552E+02          0.00000E+00
         0.17562E+02          0.00000E+00
         0.17572E+02          0.00000E+00
         0.17582E+02          0.00000E+00
         0.17592E+02          0.00000E+00
         0.17602E+02          0.00000E+00
         0.17612E+02          0.00000E+00
         0.17622E+02          0.00000E+00
         0.17632E+02          0.00000E+00
         0.17642E+02          0.00000E+00
         0.17652E+02          0.00000E+00
         0.17662E+02          0.00000E+00
         0.17672E+02          0.00000E+00
         0.17682E+02          0.00000E+00
         0.17692E+02          0.00000E+00
         0.17702E+02          0.00000E+00
         0.17712E+02          0.00000E+00
         0.17722E+02          0.00000E+00
         0.17732E+02          0.00000E+00
         0.17742E+02          0.00000E+00
         0.17752E+02          0.00000E+00
         0.17762E+02          0.00000E+00
         0.17772E+02          0.00000E+00
         0.17782E+02          0.00000E+00
         0.17792E+02          0.00000E+00
         0.17802E+02          0.00000E+00
         0.17812E+02          0.00000E+00
         0.17822E+02          0.00000E+00
         0.17832E+02          0.00000E+00
         0.17842E+02          0.00000E+00
         0.17852E+02          0.00000E+00
         0.17862E+02          0.00000E+00
         0.17872E+02          0.00000E+00
         0.17882E+02          0.00000E+00
         0.17892E+02          0.00000E+00
         0.17902E+02          0.00000E+00
         0.17912E+02          0.00000E+00
         0.17922E+02          0.00000E+00
         0.17932E+02          0.00000E+00
         0.17942E+02          0.00000E+00
         0.17952E+02          0.00000E+00
         0.17962E+02          0.00000E+00
         0.17972E+02          0.00000E+00
         0.17982E+02          0.00000E+00
         0.17992E+02          0.00000E+00
         0.18002E+02          0.00000E+00
         0.18012E+02          0.00000E+00
         0.18022E+02          0.00000E+00
         0.18032E+02          0.00000E+00
         0.18042E+02          0.00000E+00
         0.18052E+02          0.00000E+00
         0.18062E+02          0.00000E+00
         0.18072E+02          0.00000E+00
         0.18082E+02          0.00000E+00
         0.18092E+02          0.00000E+00
         0.18102E+02          0.00000E+00
         0.18112E+02          0.00000E+00
         0.18122E+02          0.00000E+00
         0.18132E+02          0.00000E+00
         0.18142E+02          0.00000E+00
         0.18152E+02          0.00000E+00
         0.18162E+02          0.00000E+00
         0.18172E+02          0.00000E+00
         0.18182E+02          0.00000E+00
         0.18192E+02          0.00000E+00
         0.18202E+02          0.00000E+00
         0.18212E+02          0.00000E+00
         0.18222E+02          0.00000E+00
         0.18232E+02          0.00000E+00
         0.18242E+02          0.00000E+00
         0.18252E+02          0.00000E+00
         0.18262E+02          0.00000E+00
         0.18272E+02          0.00000E+00
         0.18282E+02          0.00000E+00
         0.18292E+02          0.00000E+00
         0.18302E+02          0.00000E+00
         0.18312E+02          0.00000E+00
         0.18322E+02          0.00000E+00
         0.18332E+02          0.00000E+00
         0.18342E+02          0.00000E+00
         0.18352E+02          0.00000E+00
         0.18362E+02          0.00000E+00
         0.18372E+02          0.00000E+00
         0.18382E+02          0.00000E+00
         0.18392E+02          0.00000E+00
         0.18402E+02          0.00000E+00
         0.18412E+02          0.00000E+00
         0.18422E+02          0.00000E+00
         0.18432E+02          0.00000E+00
         0.18442E+02          0.00000E+00
         0.18452E+02          0.00000E+00
         0.18462E+02          0.00000E+00
         0.18472E+02          0.00000E+00
         0.18482E+02          0.00000E+00
         0.18492E+02          0.00000E+00
         0.18502E+02          0.00000E+00
         0.18512E+02          0.00000E+00
         0.18522E+02          0.00000E+00
         0.18532E+02          0.00000E+00
         0.18542E+02          0.00000E+00
         0.18552E+02          0.00000E+00
         0.18562E+02          0.00000E+00
         0.18572E+02          0.00000E+00
         0.18582E+02          0.00000E+00
         0.18592E+02          0.00000E+00
         0.18602E+02          0.00000E+00
         0.18612E+02          0.00000E+00
         0.18622E+02          0.00000E+00
         0.18632E+02          0.00000E+00
         0.18642E+02          0.00000E+00
         0.18652E+02          0.00000E+00
         0.18662E+02          0.00000E+00
         0.18672E+02          0.00000E+00
         0.18682E+02          0.00000E+00
         0.18692E+02          0.00000E+00
         0.18702E+02          0.00000E+00
         0.18712E+02          0.00000E+00
         0.18722E+02          0.00000E+00
         0.18732E+02          0.00000E+00
         0.18742E+02          0.00000E+00
         0.18752E+02          0.00000E+00
         0.18762E+02          0.00000E+00
         0.18772E+02          0.00000E+00
         0.18782E+02          0.00000E+00
         0.18792E+02          0.00000E+00
         0.18802E+02          0.00000E+00
         0.18812E+02          0.00000E+00
         0.18822E+02          0.00000E+00
         0.18832E+02          0.00000E+00
         0.18842E+02          0.00000E+00
         0.18852E+02          0.00000E+00
         0.18862E+02          0.00000E+00
         0.18872E+02          0.00000E+00
         0.18882E+02          0.00000E+00
         0.18892E+02          0.00000E+00
         0.18902E+02          0.00000E+00
         0.18912E+02          0.00000E+00
         0.18922E+02          0.00000E+00
         0.18932E+02          0.00000E+00
         0.18942E+02          0.00000E+00
         0.18952E+02          0.00000E+00
         0.18962E+02          0.00000E+00
         0.18972E+02          0.00000E+00
         0.18982E+02          0.00000E+00
         0.18992E+02          0.00000E+00
         0.19002E+02          0.00000E+00
         0.19012E+02          0.00000E+00
         0.19022E+02          0.00000E+00
         0.19032E+02          0.00000E+00
         0.19042E+02          0.00000E+00
         0.19052E+02          0.00000E+00
         0.19062E+02          0.00000E+00
         0.19072E+02          0.00000E+00
         0.19082E+02          0.00000E+00
         0.19092E+02          0.00000E+00
         0.19102E+02          0.00000E+00
         0.19112E+02          0.00000E+00
         0.19122E+02          0.00000E+00
         0.19132E+02          0.00000E+00
         0.19142E+02          0.00000E+00
         0.19152E+02          0.00000E+00
         0.19162E+02          0.00000E+00
         0.19172E+02          0.00000E+00
         0.19182E+02          0.00000E+00
         0.19192E+02          0.00000E+00
         0.19202E+02          0.00000E+00
         0.19212E+02          0.00000E+00
         0.19222E+02          0.00000E+00
         0.19232E+02          0.00000E+00
         0.19242E+02          0.00000E+00
         0.19252E+02          0.00000E+00
         0.19262E+02          0.00000E+00
         0.19272E+02          0.00000E+00
         0.19282E+02          0.00000E+00
         0.19292E+02          0.00000E+00
         0.19302E+02          0.00000E+00
         0.19312E+02          0.00000E+00
         0.19322E+02          0.00000E+00
         0.19332E+02          0.00000E+00
         0.19342E+02          0.00000E+00
         0.19352E+02          0.00000E+00
         0.19362E+02          0.00000E+00
         0.19372E+02          0.00000E+00
         0.19382E+02          0.00000E+00
         0.19392E+02          0.00000E+00
         0.19402E+02          0.00000E+00
         0.19412E+02          0.00000E+00
         0.19422E+02          0.00000E+00
         0.19432E+02          0.00000E+00
         0.19442E+02          0.00000E+00
         0.19452E+02          0.00000E+00
         0.19462E+02          0.00000E+00
         0.19472E+02          0.00000E+00
         0.19482E+02          0.00000E+00
         0.19492E+02          0.00000E+00
         0.19502E+02          0.00000E+00
         0.19512E+02          0.00000E+00
         0.19522E+02          0.00000E+00
         0.19532E+02          0.00000E+00
         0.19542E+02          0.00000E+00
         0.19552E+02          0.00000E+00
         0.19562E+02          0.00000E+00
         0.19572E+02          0.00000E+00
         0.19582E+02          0.00000E+00
         0.19592E+02          0.00000E+00
         0.19602E+02          0.00000E+00
         0.19612E+02          0.00000E+00
         0.19622E+02          0.00000E+00
         0.19632E+02          0.00000E+00
         0.19642E+02          0.00000E+00
         0.19652E+02          0.00000E+00
         0.19662E+02          0.00000E+00
         0.19672E+02          0.00000E+00
         0.19682E+02          0.00000E+00
         0.19692E+02          0.00000E+00
         0.19702E+02          0.00000E+00
         0.19712E+02          0.00000E+00
         0.19722E+02          0.00000E+00
         0.19732E+02          0.00000E+00
         0.19742E+02          0.00000E+00
         0.19752E+02          0.00000E+00
         0.19762E+02          0.00000E+00
         0.19772E+02          0.00000E+00
         0.19782E+02          0.00000E+00
         0.19792E+02          0.00000E+00
         0.19802E+02          0.00000E+00
         0.19812E+02          0.00000E+00
         0.19822E+02          0.00000E+00
         0.19832E+02          0.00000E+00
         0.19842E+02          0.00000E+00
         0.19852E+02          0.00000E+00
         0.19862E+02          0.00000E+00
         0.19872E+02          0.00000E+00
         0.19882E+02          0.00000E+00
         0.19892E+02          0.00000E+00
         0.19902E+02          0.00000E+00
         0.19912E+02          0.00000E+00
         0.19922E+02          0.00000E+00
         0.19932E+02          0.00000E+00
         0.19942E+02          0.00000E+00
         0.19952E+02          0.00000E+00
         0.19962E+02          0.00000E+00
         0.19972E+02          0.00000E+00
         0.19982E+02          0.00000E+00
         0.19992E+02          0.00000E+00
         0.20002E+02          0.00000E+00
         0.20012E+02          0.00000E+00
         0.20022E+02          0.00000E+00
         0.20032E+02          0.00000E+00
         0.20042E+02          0.00000E+00
         0.20052E+02          0.00000E+00
         0.20062E+02          0.00000E+00
         0.20072E+02          0.00000E+00
         0.20082E+02          0.00000E+00
         0.20092E+02          0.00000E+00
         0.20102E+02          0.00000E+00
         0.20112E+02          0.00000E+00
         0.20122E+02          0.00000E+00
         0.20132E+02          0.00000E+00
         0.20142E+02          0.00000E+00
         0.20152E+02          0.00000E+00
         0.20162E+02          0.00000E+00
         0.20172E+02          0.00000E+00
         0.20182E+02          0.00000E+00
         0.20192E+02          0.00000E+00
         0.20202E+02          0.00000E+00
         0.20212E+02          0.00000E+00
         0.20222E+02          0.00000E+00
         0.20232E+02          0.00000E+00
         0.20242E+02          0.00000E+00
         0.20252E+02          0.00000E+00
         0.20262E+02          0.00000E+00
         0.20272E+02          0.00000E+00
         0.20282E+02          0.00000E+00
         0.20292E+02          0.00000E+00
         0.20302E+02          0.00000E+00
         0.20312E+02          0.00000E+00
         0.20322E+02          0.00000E+00
         0.20332E+02          0.00000E+00
         0.20342E+02          0.00000E+00
         0.20352E+02          0.00000E+00
         0.20362E+02          0.00000E+00
         0.20372E+02          0.00000E+00
         0.20382E+02          0.00000E+00
         0.20392E+02          0.00000E+00
         0.20402E+02          0.00000E+00
         0.20412E+02          0.00000E+00
         0.20422E+02          0.00000E+00
         0.20432E+02          0.00000E+00
         0.20442E+02          0.00000E+00
         0.20452E+02          0.00000E+00
         0.20462E+02          0.00000E+00
         0.20472E+02          0.00000E+00
         0.20482E+02          0.00000E+00
         0.20492E+02          0.00000E+00
         0.20502E+02          0.00000E+00
         0.20512E+02          0.00000E+00
         0.20522E+02          0.00000E+00
         0.20532E+02          0.00000E+00
         0.20542E+02          0.00000E+00
         0.20552E+02          0.00000E+00
         0.20562E+02          0.00000E+00
         0.20572E+02          0.00000E+00
         0.20582E+02          0.00000E+00
         0.20592E+02          0.00000E+00
         0.20602E+02          0.00000E+00
         0.20612E+02          0.00000E+00
         0.20622E+02          0.00000E+00
         0.20632E+02          0.00000E+00
         0.20642E+02          0.00000E+00
         0.20652E+02          0.00000E+00
         0.20662E+02          0.00000E+00
         0.20672E+02          0.00000E+00
         0.20682E+02          0.00000E+00
         0.20692E+02          0.00000E+00
         0.20702E+02          0.00000E+00
         0.20712E+02          0.00000E+00
         0.20722E+02          0.00000E+00
         0.20732E+02          0.00000E+00
         0.20742E+02          0.00000E+00
         0.20752E+02          0.00000E+00
         0.20762E+02          0.00000E+00
         0.20772E+02          0.00000E+00
         0.20782E+02          0.00000E+00
         0.20792E+02          0.00000E+00
         0.20802E+02          0.00000E+00
         0.20812E+02          0.00000E+00
         0.20822E+02          0.00000E+00
         0.20832E+02          0.00000E+00
         0.20842E+02          0.00000E+00
         0.20852E+02          0.00000E+00
         0.20862E+02          0.00000E+00
         0.20872E+02          0.00000E+00
         0.20882E+02          0.00000E+00
         0.20892E+02          0.00000E+00
         0.20902E+02          0.00000E+00
         0.20912E+02          0.00000E+00
         0.20922E+02          0.00000E+00
         0.20932E+02          0.00000E+00
         0.20942E+02          0.00000E+00
         0.20952E+02          0.00000E+00
         0.20962E+02          0.00000E+00
         0.20972E+02          0.00000E+00
         0.20982E+02          0.00000E+00
         0.20992E+02          0.00000E+00
         0.21002E+02          0.00000E+00
         0.21012E+02          0.00000E+00
         0.21022E+02          0.00000E+00
         0.21032E+02          0.00000E+00
         0.21042E+02          0.00000E+00
         0.21052E+02          0.00000E+00
         0.21062E+02          0.00000E+00
         0.21072E+02          0.00000E+00
         0.21082E+02          0.00000E+00
         0.21092E+02          0.00000E+00
         0.21102E+02          0.00000E+00
         0.21112E+02          0.00000E+00
         0.21122E+02          0.00000E+00
         0.21132E+02          0.00000E+00
         0.21142E+02          0.00000E+00
         0.21152E+02          0.00000E+00
         0.21162E+02          0.00000E+00
         0.21172E+02          0.00000E+00
         0.21182E+02          0.00000E+00
         0.21192E+02          0.00000E+00
         0.21202E+02          0.00000E+00
         0.21212E+02          0.00000E+00
         0.21222E+02          0.00000E+00
         0.21232E+02          0.00000E+00
         0.21242E+02          0.00000E+00
         0.21252E+02          0.00000E+00
         0.21262E+02          0.00000E+00
         0.21272E+02          0.00000E+00
         0.21282E+02          0.00000E+00
         0.21292E+02          0.00000E+00
         0.21302E+02          0.00000E+00
         0.21312E+02          0.00000E+00
         0.21322E+02          0.00000E+00
         0.21332E+02          0.00000E+00
         0.21342E+02          0.00000E+00
         0.21352E+02          0.00000E+00
         0.21362E+02          0.00000E+00
         0.21372E+02          0.00000E+00
         0.21382E+02          0.00000E+00
         0.21392E+02          0.00000E+00
         0.21402E+02          0.00000E+00
         0.21412E+02          0.00000E+00
         0.21422E+02          0.00000E+00
         0.21432E+02          0.00000E+00
         0.21442E+02          0.00000E+00
         0.21452E+02          0.00000E+00
         0.21462E+02          0.00000E+00
         0.21472E+02          0.00000E+00
         0.21482E+02          0.00000E+00
         0.21492E+02          0.00000E+00
         0.21502E+02          0.00000E+00
         0.21512E+02          0.00000E+00
         0.21522E+02          0.00000E+00
         0.21532E+02          0.00000E+00
         0.21542E+02          0.00000E+00
         0.21552E+02          0.00000E+00
         0.21562E+02          0.00000E+00
         0.21572E+02          0.00000E+00
         0.21582E+02          0.00000E+00
         0.21592E+02          0.00000E+00
         0.21602E+02          0.00000E+00
         0.21612E+02          0.00000E+00
         0.21622E+02          0.00000E+00
         0.21632E+02          0.00000E+00
         0.21642E+02          0.00000E+00
         0.21652E+02          0.00000E+00
         0.21662E+02          0.00000E+00
         0.21672E+02          0.00000E+00
         0.21682E+02          0.00000E+00
         0.21692E+02          0.00000E+00
         0.21702E+02          0.00000E+00
         0.21712E+02          0.00000E+00
         0.21722E+02          0.00000E+00
         0.21732E+02          0.00000E+00
         0.21742E+02          0.00000E+00
         0.21752E+02          0.00000E+00
         0.21762E+02          0.00000E+00
         0.21772E+02          0.00000E+00
         0.21782E+02          0.00000E+00
         0.21792E+02          0.00000E+00
         0.21802E+02          0.00000E+00
         0.21812E+02          0.00000E+00
         0.21822E+02          0.00000E+00
         0.21832E+02          0.00000E+00
         0.21842E+02          0.00000E+00
         0.21852E+02          0.00000E+00
         0.21862E+02          0.00000E+00
         0.21872E+02          0.00000E+00
         0.21882E+02          0.00000E+00
         0.21892E+02          0.00000E+00
         0.21902E+02          0.00000E+00
         0.21912E+02          0.00000E+00
         0.21922E+02          0.00000E+00
         0.21932E+02          0.00000E+00
         0.21942E+02          0.00000E+00
         0.21952E+02          0.00000E+00
         0.21962E+02          0.00000E+00
         0.21972E+02          0.00000E+00
         0.21982E+02          0.00000E+00
         0.21992E+02          0.00000E+00
         0.22002E+02          0.00000E+00
         0.22012E+02          0.00000E+00
         0.22022E+02          0.00000E+00
         0.22032E+02          0.00000E+00
         0.22042E+02          0.00000E+00
         0.22052E+02          0.00000E+00
         0.22062E+02          0.00000E+00
         0.22072E+02          0.00000E+00
         0.22082E+02          0.00000E+00
         0.22092E+02          0.00000E+00
         0.22102E+02          0.00000E+00
         0.22112E+02          0.00000E+00
         0.22122E+02          0.00000E+00
         0.22132E+02          0.00000E+00
         0.22142E+02          0.00000E+00
         0.22152E+02          0.00000E+00
         0.22162E+02          0.00000E+00
         0.22172E+02          0.00000E+00
         0.22182E+02          0.00000E+00
         0.22192E+02          0.00000E+00
         0.22202E+02          0.00000E+00
         0.22212E+02          0.00000E+00
         0.22222E+02          0.00000E+00
         0.22232E+02          0.00000E+00
         0.22242E+02          0.00000E+00
         0.22252E+02          0.00000E+00
         0.22262E+02          0.00000E+00
         0.22272E+02          0.00000E+00
         0.22282E+02          0.00000E+00
         0.22292E+02          0.00000E+00
         0.22302E+02          0.00000E+00
         0.22312E+02          0.00000E+00
         0.22322E+02          0.00000E+00
         0.22332E+02          0.00000E+00
         0.22342E+02          0.00000E+00
         0.22352E+02          0.00000E+00
         0.22362E+02          0.00000E+00
         0.22372E+02          0.00000E+00
         0.22382E+02          0.00000E+00
         0.22392E+02          0.00000E+00
         0.22402E+02          0.00000E+00
         0.22412E+02          0.00000E+00
         0.22422E+02          0.00000E+00
         0.22432E+02          0.00000E+00
         0.22442E+02          0.00000E+00
         0.22452E+02          0.00000E+00
         0.22462E+02          0.00000E+00
         0.22472E+02          0.00000E+00
         0.22482E+02          0.00000E+00
         0.22492E+02          0.00000E+00
         0.22502E+02          0.00000E+00
         0.22512E+02          0.00000E+00
         0.22522E+02          0.00000E+00
         0.22532E+02          0.00000E+00
         0.22542E+02          0.00000E+00
         0.22552E+02          0.00000E+00
         0.22562E+02          0.00000E+00
         0.22572E+02          0.00000E+00
         0.22582E+02          0.00000E+00
         0.22592E+02          0.00000E+00
         0.22602E+02          0.00000E+00
         0.22612E+02          0.00000E+00
         0.22622E+02          0.00000E+00
         0.22632E+02          0.00000E+00
         0.22642E+02          0.00000E+00
         0.22652E+02          0.00000E+00
         0.22662E+02          0.00000E+00
         0.22672E+02          0.00000E+00
         0.22682E+02          0.00000E+00
         0.22692E+02          0.00000E+00
         0.22702E+02          0.00000E+00
         0.22712E+02          0.00000E+00
         0.22722E+02          0.00000E+00
         0.22732E+02          0.00000E+00
         0.22742E+02          0.00000E+00
         0.22752E+02          0.00000E+00
         0.22762E+02          0.00000E+00
         0.22772E+02          0.00000E+00
         0.22782E+02          0.00000E+00
         0.22792E+02          0.00000E+00
         0.22802E+02          0.00000E+00
         0.22812E+02          0.00000E+00
         0.22822E+02          0.00000E+00
         0.22832E+02          0.00000E+00
         0.22842E+02          0.00000E+00
         0.22852E+02          0.00000E+00
         0.22862E+02          0.00000E+00
         0.22872E+02          0.00000E+00
         0.22882E+02          0.00000E+00
         0.22892E+02          0.00000E+00
         0.22902E+02          0.00000E+00
         0.22912E+02          0.00000E+00
         0.22922E+02          0.00000E+00
         0.22932E+02          0.00000E+00
         0.22942E+02          0.00000E+00
         0.22952E+02          0.00000E+00
         0.22962E+02          0.00000E+00
         0.22972E+02          0.00000E+00
         0.22982E+02          0.00000E+00
         0.22992E+02          0.00000E+00
         0.23002E+02          0.00000E+00
         0.23012E+02          0.00000E+00
         0.23022E+02          0.00000E+00
         0.23032E+02          0.00000E+00
         0.23042E+02          0.00000E+00
         0.23052E+02          0.00000E+00
         0.23062E+02          0.00000E+00
         0.23072E+02          0.00000E+00
         0.23082E+02          0.00000E+00
         0.23092E+02          0.00000E+00
         0.23102E+02          0.00000E+00
         0.23112E+02          0.00000E+00
         0.23122E+02          0.00000E+00
         0.23132E+02          0.00000E+00
         0.23142E+02          0.00000E+00
         0.23152E+02          0.00000E+00
         0.23162E+02          0.00000E+00
         0.23172E+02          0.00000E+00
         0.23182E+02          0.00000E+00
         0.23192E+02          0.00000E+00
         0.23202E+02          0.00000E+00
         0.23212E+02          0.00000E+00
         0.23222E+02          0.00000E+00
         0.23232E+02          0.00000E+00
         0.23242E+02          0.00000E+00
         0.23252E+02          0.00000E+00
         0.23262E+02          0.00000E+00
         0.23272E+02          0.00000E+00
         0.23282E+02          0.00000E+00
         0.23292E+02          0.00000E+00
         0.23302E+02          0.00000E+00
         0.23312E+02          0.00000E+00
         0.23322E+02          0.00000E+00
         0.23332E+02          0.00000E+00
         0.23342E+02          0.00000E+00
         0.23352E+02          0.00000E+00
         0.23362E+02          0.00000E+00
         0.23372E+02          0.00000E+00
         0.23382E+02          0.00000E+00
         0.23392E+02          0.00000E+00
         0.23402E+02          0.00000E+00
         0.23412E+02          0.00000E+00
         0.23422E+02          0.00000E+00
         0.23432E+02          0.00000E+00
         0.23442E+02          0.00000E+00
         0.23452E+02          0.00000E+00
         0.23462E+02          0.00000E+00
         0.23472E+02          0.00000E+00
         0.23482E+02          0.00000E+00
         0.23492E+02          0.00000E+00
         0.23502E+02          0.00000E+00
         0.23512E+02          0.00000E+00
         0.23522E+02          0.00000E+00
         0.23532E+02          0.00000E+00
         0.23542E+02          0.00000E+00
         0.23552E+02          0.00000E+00
         0.23562E+02          0.00000E+00
         0.23572E+02          0.00000E+00
         0.23582E+02          0.00000E+00
         0.23592E+02          0.00000E+00
         0.23602E+02          0.00000E+00
         0.23612E+02          0.00000E+00
         0.23622E+02          0.00000E+00
         0.23632E+02          0.00000E+00
         0.23642E+02          0.00000E+00
         0.23652E+02          0.00000E+00
         0.23662E+02          0.00000E+00
         0.23672E+02          0.00000E+00
         0.23682E+02          0.00000E+00
         0.23692E+02          0.00000E+00
         0.23702E+02          0.00000E+00
         0.23712E+02          0.00000E+00
         0.23722E+02          0.00000E+00
         0.23732E+02          0.00000E+00
         0.23742E+02          0.00000E+00
         0.23752E+02          0.00000E+00
         0.23762E+02          0.00000E+00
         0.23772E+02          0.00000E+00
         0.23782E+02          0.00000E+00
         0.23792E+02          0.00000E+00
         0.23802E+02          0.00000E+00
         0.23812E+02          0.00000E+00
         0.23822E+02          0.00000E+00
         0.23832E+02          0.00000E+00
         0.23842E+02          0.00000E+00
         0.23852E+02          0.00000E+00
         0.23862E+02          0.00000E+00
         0.23872E+02          0.00000E+00
         0.23882E+02          0.00000E+00
         0.23892E+02          0.00000E+00
         0.23902E+02          0.00000E+00
         0.23912E+02          0.00000E+00
         0.23922E+02          0.00000E+00
         0.23932E+02          0.00000E+00
         0.23942E+02          0.00000E+00
         0.23952E+02          0.00000E+00
         0.23962E+02          0.00000E+00
         0.23972E+02          0.00000E+00
         0.23982E+02          0.00000E+00
         0.23992E+02          0.00000E+00
         0.24002E+02          0.00000E+00
         0.24012E+02          0.00000E+00
         0.24022E+02          0.00000E+00
         0.24032E+02          0.00000E+00
         0.24042E+02          0.00000E+00
         0.24052E+02          0.00000E+00
         0.24062E+02          0.00000E+00
         0.24072E+02          0.00000E+00
         0.24082E+02          0.00000E+00
         0.24092E+02          0.00000E+00
         0.24102E+02          0.00000E+00
         0.24112E+02          0.00000E+00
         0.24122E+02          0.00000E+00
         0.24132E+02          0.00000E+00
         0.24142E+02          0.00000E+00
         0.24152E+02          0.00000E+00
         0.24162E+02          0.00000E+00
         0.24172E+02          0.00000E+00
         0.24182E+02          0.00000E+00
         0.24192E+02          0.00000E+00
         0.24202E+02          0.00000E+00
         0.24212E+02          0.00000E+00
         0.24222E+02          0.00000E+00
         0.24232E+02          0.00000E+00
         0.24242E+02          0.00000E+00
         0.24252E+02          0.00000E+00
         0.24262E+02          0.00000E+00
         0.24272E+02          0.00000E+00
         0.24282E+02          0.00000E+00
         0.24292E+02          0.00000E+00
         0.24302E+02          0.00000E+00
         0.24312E+02          0.00000E+00
         0.24322E+02          0.00000E+00
         0.24332E+02          0.00000E+00
         0.24342E+02          0.00000E+00
         0.24352E+02          0.00000E+00
         0.24362E+02          0.00000E+00
         0.24372E+02          0.00000E+00
         0.24382E+02          0.00000E+00
         0.24392E+02          0.00000E+00
         0.24402E+02          0.00000E+00
         0.24412E+02          0.00000E+00
         0.24422E+02          0.00000E+00
         0.24432E+02          0.00000E+00
         0.24442E+02          0.00000E+00
         0.24452E+02          0.00000E+00
         0.24462E+02          0.00000E+00
         0.24472E+02          0.00000E+00
         0.24482E+02          0.00000E+00
         0.24492E+02          0.00000E+00
         0.24502E+02          0.00000E+00
         0.24512E+02          0.00000E+00
         0.24522E+02          0.00000E+00
         0.24532E+02          0.00000E+00
         0.24542E+02          0.00000E+00
         0.24552E+02          0.00000E+00
         0.24562E+02          0.00000E+00
         0.24572E+02          0.00000E+00
         0.24582E+02          0.00000E+00
         0.24592E+02          0.00000E+00
         0.24602E+02          0.00000E+00
         0.24612E+02          0.00000E+00
         0.24622E+02          0.00000E+00
         0.24632E+02          0.00000E+00
         0.24642E+02          0.00000E+00
         0.24652E+02          0.00000E+00
         0.24662E+02          0.00000E+00
         0.24672E+02          0.00000E+00
         0.24682E+02          0.00000E+00
         0.24692E+02          0.00000E+00
         0.24702E+02          0.00000E+00
         0.24712E+02          0.00000E+00
         0.24722E+02          0.00000E+00
         0.24732E+02          0.00000E+00
         0.24742E+02          0.00000E+00
         0.24752E+02          0.00000E+00
         0.24762E+02          0.00000E+00
         0.24772E+02          0.00000E+00
         0.24782E+02          0.00000E+00
         0.24792E+02          0.00000E+00
         0.24802E+02          0.00000E+00
         0.24812E+02          0.00000E+00
         0.24822E+02          0.00000E+00
         0.24832E+02          0.00000E+00
         0.24842E+02          0.00000E+00
         0.24852E+02          0.00000E+00
         0.24862E+02          0.00000E+00
         0.24872E+02          0.00000E+00
         0.24882E+02          0.00000E+00
         0.24892E+02          0.00000E+00
         0.24902E+02          0.00000E+00
         0.24912E+02          0.00000E+00
         0.24922E+02          0.00000E+00
         0.24932E+02          0.00000E+00
         0.24942E+02          0.00000E+00
         0.24952E+02          0.00000E+00
         0.24962E+02          0.00000E+00
         0.24972E+02          0.00000E+00
         0.24982E+02          0.00000E+00
         0.24992E+02          0.00000E+00
         0.25002E+02          0.00000E+00
         0.25012E+02          0.00000E+00
         0.25022E+02          0.00000E+00
         0.25032E+02          0.00000E+00
         0.25042E+02          0.00000E+00
         0.25052E+02          0.00000E+00
         0.25062E+02          0.00000E+00
         0.25072E+02          0.00000E+00
         0.25082E+02          0.00000E+00
         0.25092E+02          0.00000E+00
         0.25102E+02          0.00000E+00
         0.25112E+02          0.00000E+00
         0.25122E+02          0.00000E+00
         0.25132E+02          0.00000E+00
         0.25142E+02          0.00000E+00
         0.25152E+02          0.00000E+00
         0.25162E+02          0.00000E+00
         0.25172E+02          0.00000E+00
         0.25182E+02          0.00000E+00
         0.25192E+02          0.00000E+00
         0.25202E+02          0.00000E+00
         0.25212E+02          0.00000E+00
         0.25222E+02          0.00000E+00
         0.25232E+02          0.00000E+00
         0.25242E+02          0.00000E+00
         0.25252E+02          0.00000E+00
         0.25262E+02          0.00000E+00
         0.25272E+02          0.00000E+00
         0.25282E+02          0.00000E+00
         0.25292E+02          0.00000E+00
         0.25302E+02          0.00000E+00
         0.25312E+02          0.00000E+00
         0.25322E+02          0.00000E+00
         0.25332E+02          0.00000E+00
         0.25342E+02          0.00000E+00
         0.25352E+02          0.00000E+00
         0.25362E+02          0.00000E+00
         0.25372E+02          0.00000E+00
         0.25382E+02          0.00000E+00
         0.25392E+02          0.00000E+00
         0.25402E+02          0.00000E+00
         0.25412E+02          0.00000E+00
         0.25422E+02          0.00000E+00
         0.25432E+02          0.00000E+00
         0.25442E+02          0.00000E+00
         0.25452E+02          0.00000E+00
         0.25462E+02          0.00000E+00
         0.25472E+02          0.00000E+00
         0.25482E+02          0.00000E+00
         0.25492E+02          0.00000E+00
         0.25502E+02          0.00000E+00
         0.25512E+02          0.00000E+00
         0.25522E+02          0.00000E+00
         0.25532E+02          0.00000E+00
         0.25542E+02          0.00000E+00
         0.25552E+02          0.00000E+00
         0.25562E+02          0.00000E+00
         0.25572E+02          0.00000E+00
         0.25582E+02          0.00000E+00
         0.25592E+02          0.00000E+00
         0.25602E+02          0.00000E+00
         0.25612E+02          0.00000E+00
         0.25622E+02          0.00000E+00
         0.25632E+02          0.00000E+00
         0.25642E+02          0.00000E+00
         0.25652E+02          0.00000E+00
         0.25662E+02          0.00000E+00
         0.25672E+02          0.00000E+00
         0.25682E+02          0.00000E+00
         0.25692E+02          0.00000E+00
         0.25702E+02          0.00000E+00
         0.25712E+02          0.00000E+00
         0.25722E+02          0.00000E+00
         0.25732E+02          0.00000E+00
         0.25742E+02          0.00000E+00
         0.25752E+02          0.00000E+00
         0.25762E+02          0.00000E+00
         0.25772E+02          0.00000E+00
         0.25782E+02          0.00000E+00
         0.25792E+02          0.00000E+00
         0.25802E+02          0.00000E+00
         0.25812E+02          0.00000E+00
         0.25822E+02          0.00000E+00
         0.25832E+02          0.00000E+00
         0.25842E+02          0.00000E+00
         0.25852E+02          0.00000E+00
         0.25862E+02          0.00000E+00
         0.25872E+02          0.00000E+00
         0.25882E+02          0.00000E+00
         0.25892E+02          0.00000E+00
         0.25902E+02          0.00000E+00
         0.25912E+02          0.00000E+00
         0.25922E+02          0.00000E+00
         0.25932E+02          0.00000E+00
         0.25942E+02          0.00000E+00
         0.25952E+02          0.00000E+00
         0.25962E+02          0.00000E+00
         0.25972E+02          0.00000E+00
         0.25982E+02          0.00000E+00
         0.25992E+02          0.00000E+00
         0.26002E+02          0.00000E+00
         0.26012E+02          0.00000E+00
         0.26022E+02          0.00000E+00
         0.26032E+02          0.00000E+00
         0.26042E+02          0.00000E+00
         0.26052E+02          0.00000E+00
         0.26062E+02          0.00000E+00
         0.26072E+02          0.00000E+00
         0.26082E+02          0.00000E+00
         0.26092E+02          0.00000E+00
         0.26102E+02          0.00000E+00
         0.26112E+02          0.00000E+00
         0.26122E+02          0.00000E+00
         0.26132E+02          0.00000E+00
         0.26142E+02          0.00000E+00
         0.26152E+02          0.00000E+00
         0.26162E+02          0.00000E+00
         0.26172E+02          0.00000E+00
         0.26182E+02          0.00000E+00
         0.26192E+02          0.00000E+00
         0.26202E+02          0.00000E+00
         0.26212E+02          0.00000E+00
         0.26222E+02          0.00000E+00
         0.26232E+02          0.00000E+00
         0.26242E+02          0.00000E+00
         0.26252E+02          0.00000E+00
         0.26262E+02          0.00000E+00
         0.26272E+02          0.00000E+00
         0.26282E+02          0.00000E+00
         0.26292E+02          0.00000E+00
         0.26302E+02          0.00000E+00
         0.26312E+02          0.00000E+00
         0.26322E+02          0.00000E+00
         0.26332E+02          0.00000E+00
         0.26342E+02          0.00000E+00
         0.26352E+02          0.00000E+00
         0.26362E+02          0.00000E+00
         0.26372E+02          0.00000E+00
         0.26382E+02          0.00000E+00
         0.26392E+02          0.00000E+00
         0.26402E+02          0.00000E+00
         0.26412E+02          0.00000E+00
         0.26422E+02          0.00000E+00
         0.26432E+02          0.00000E+00
         0.26442E+02          0.00000E+00
         0.26452E+02          0.00000E+00
         0.26462E+02          0.00000E+00
         0.26472E+02          0.00000E+00
         0.26482E+02          0.00000E+00
         0.26492E+02          0.00000E+00
         0.26502E+02          0.00000E+00
         0.26512E+02          0.00000E+00
         0.26522E+02          0.00000E+00
         0.26532E+02          0.00000E+00
         0.26542E+02          0.00000E+00
         0.26552E+02          0.00000E+00
         0.26562E+02          0.00000E+00
         0.26572E+02          0.00000E+00
         0.26582E+02          0.00000E+00
         0.26592E+02          0.00000E+00
         0.26602E+02          0.00000E+00
         0.26612E+02          0.00000E+00
         0.26622E+02          0.00000E+00
         0.26632E+02          0.00000E+00
         0.26642E+02          0.00000E+00
         0.26652E+02          0.00000E+00
         0.26662E+02          0.00000E+00
         0.26672E+02          0.00000E+00
         0.26682E+02          0.00000E+00
         0.26692E+02          0.00000E+00
         0.26702E+02          0.00000E+00
         0.26712E+02          0.00000E+00
         0.26722E+02          0.00000E+00
         0.26732E+02          0.00000E+00
         0.26742E+02          0.00000E+00
         0.26752E+02          0.00000E+00
         0.26762E+02          0.00000E+00
         0.26772E+02          0.00000E+00
         0.26782E+02          0.00000E+00
         0.26792E+02          0.00000E+00
         0.26802E+02          0.00000E+00
         0.26812E+02          0.00000E+00
         0.26822E+02          0.00000E+00
         0.26832E+02          0.00000E+00
         0.26842E+02          0.00000E+00
         0.26852E+02          0.00000E+00
         0.26862E+02          0.00000E+00
         0.26872E+02          0.00000E+00
         0.26882E+02          0.00000E+00
         0.26892E+02          0.00000E+00
         0.26902E+02          0.00000E+00
         0.26912E+02          0.00000E+00
         0.26922E+02          0.00000E+00
         0.26932E+02          0.00000E+00
         0.26942E+02          0.00000E+00
         0.26952E+02          0.00000E+00
         0.26962E+02          0.00000E+00
         0.26972E+02          0.00000E+00
         0.26982E+02          0.00000E+00
         0.26992E+02          0.00000E+00
         0.27002E+02          0.00000E+00
         0.27012E+02          0.00000E+00
         0.27022E+02          0.00000E+00
         0.27032E+02          0.00000E+00
         0.27042E+02          0.00000E+00
         0.27052E+02          0.00000E+00
         0.27062E+02          0.00000E+00
         0.27072E+02          0.00000E+00
         0.27082E+02          0.00000E+00
         0.27092E+02          0.00000E+00
         0.27102E+02          0.00000E+00
         0.27112E+02          0.00000E+00
         0.27122E+02          0.00000E+00
         0.27132E+02          0.00000E+00
         0.27142E+02          0.00000E+00
         0.27152E+02          0.00000E+00
         0.27162E+02          0.00000E+00
         0.27172E+02          0.00000E+00
         0.27182E+02          0.00000E+00
         0.27192E+02          0.00000E+00
         0.27202E+02          0.00000E+00
         0.27212E+02          0.00000E+00
         0.27222E+02          0.00000E+00
         0.27232E+02          0.00000E+00
         0.27242E+02          0.00000E+00
         0.27252E+02          0.00000E+00
         0.27262E+02          0.00000E+00
         0.27272E+02          0.00000E+00
         0.27282E+02          0.00000E+00
         0.27292E+02          0.00000E+00
         0.27302E+02          0.00000E+00
         0.27312E+02          0.00000E+00
         0.27322E+02          0.00000E+00
         0.27332E+02          0.00000E+00
         0.27342E+02          0.00000E+00
         0.27352E+02          0.00000E+00
         0.27362E+02          0.00000E+00
         0.27372E+02          0.00000E+00
         0.27382E+02          0.00000E+00
         0.27392E+02          0.00000E+00
         0.27402E+02          0.00000E+00
         0.27412E+02          0.00000E+00
         0.27422E+02          0.00000E+00
         0.27432E+02          0.00000E+00
         0.27442E+02          0.00000E+00
         0.27452E+02          0.00000E+00
         0.27462E+02          0.00000E+00
         0.27472E+02          0.00000E+00
         0.27482E+02          0.00000E+00
         0.27492E+02          0.00000E+00
         0.27502E+02          0.00000E+00
         0.27512E+02          0.00000E+00
         0.27522E+02          0.00000E+00
         0.27532E+02          0.00000E+00
         0.27542E+02          0.00000E+00
         0.27552E+02          0.00000E+00
         0.27562E+02          0.00000E+00
         0.27572E+02          0.00000E+00
         0.27582E+02          0.00000E+00
         0.27592E+02          0.00000E+00
         0.27602E+02          0.00000E+00
         0.27612E+02          0.00000E+00
         0.27622E+02          0.00000E+00
         0.27632E+02          0.00000E+00
         0.27642E+02          0.00000E+00
         0.27652E+02          0.00000E+00
         0.27662E+02          0.00000E+00
         0.27672E+02          0.00000E+00
         0.27682E+02          0.00000E+00
         0.27692E+02          0.00000E+00
         0.27702E+02          0.00000E+00
         0.27712E+02          0.00000E+00
         0.27722E+02          0.00000E+00
         0.27732E+02          0.00000E+00
         0.27742E+02          0.00000E+00
         0.27752E+02          0.00000E+00
         0.27762E+02          0.00000E+00
         0.27772E+02          0.00000E+00
         0.27782E+02          0.00000E+00
         0.27792E+02          0.00000E+00
         0.27802E+02          0.00000E+00
         0.27812E+02          0.00000E+00
         0.27822E+02          0.00000E+00
         0.27832E+02          0.00000E+00
         0.27842E+02          0.00000E+00
         0.27852E+02          0.00000E+00
         0.27862E+02          0.00000E+00
         0.27872E+02          0.00000E+00
         0.27882E+02          0.00000E+00
         0.27892E+02          0.00000E+00
         0.27902E+02          0.00000E+00
         0.27912E+02          0.00000E+00
         0.27922E+02          0.00000E+00
         0.27932E+02          0.00000E+00
         0.27942E+02          0.00000E+00
         0.27952E+02          0.00000E+00
         0.27962E+02          0.00000E+00
         0.27972E+02          0.00000E+00
         0.27982E+02          0.00000E+00
         0.27992E+02          0.00000E+00
         0.28002E+02          0.00000E+00
         0.28012E+02          0.00000E+00
         0.28022E+02          0.00000E+00
         0.28032E+02          0.00000E+00
         0.28042E+02          0.00000E+00
         0.28052E+02          0.00000E+00
         0.28062E+02          0.00000E+00
         0.28072E+02          0.00000E+00
         0.28082E+02          0.00000E+00
         0.28092E+02          0.00000E+00
         0.28102E+02          0.00000E+00
         0.28112E+02          0.00000E+00
         0.28122E+02          0.00000E+00
         0.28132E+02          0.00000E+00
         0.28142E+02          0.00000E+00
         0.28152E+02          0.00000E+00
         0.28162E+02          0.00000E+00
         0.28172E+02          0.00000E+00
         0.28182E+02          0.00000E+00
         0.28192E+02          0.00000E+00
         0.28202E+02          0.00000E+00
         0.28212E+02          0.00000E+00
         0.28222E+02          0.00000E+00
         0.28232E+02          0.00000E+00
         0.28242E+02          0.00000E+00
         0.28252E+02          0.00000E+00
         0.28262E+02          0.00000E+00
         0.28272E+02          0.00000E+00
         0.28282E+02          0.00000E+00
         0.28292E+02          0.00000E+00
         0.28302E+02          0.00000E+00
         0.28312E+02          0.00000E+00
         0.28322E+02          0.00000E+00
         0.28332E+02          0.00000E+00
         0.28342E+02          0.00000E+00
         0.28352E+02          0.00000E+00
         0.28362E+02          0.00000E+00
         0.28372E+02          0.00000E+00
         0.28382E+02          0.00000E+00
         0.28392E+02          0.00000E+00
         0.28402E+02          0.00000E+00
         0.28412E+02          0.00000E+00
         0.28422E+02          0.00000E+00
         0.28432E+02          0.00000E+00
         0.28442E+02          0.00000E+00
         0.28452E+02          0.00000E+00
         0.28462E+02          0.00000E+00
         0.28472E+02          0.00000E+00
         0.28482E+02          0.00000E+00
         0.28492E+02          0.00000E+00
         0.28502E+02          0.00000E+00
         0.28512E+02          0.00000E+00
         0.28522E+02          0.00000E+00
         0.28532E+02          0.00000E+00
         0.28542E+02          0.00000E+00
         0.28552E+02          0.00000E+00
         0.28562E+02          0.00000E+00
         0.28572E+02          0.00000E+00
         0.28582E+02          0.00000E+00
         0.28592E+02          0.00000E+00
         0.28602E+02          0.00000E+00
         0.28612E+02          0.00000E+00
         0.28622E+02          0.00000E+00
         0.28632E+02          0.00000E+00
         0.28642E+02          0.00000E+00
         0.28652E+02          0.00000E+00
         0.28662E+02          0.00000E+00
         0.28672E+02          0.00000E+00
         0.28682E+02          0.00000E+00
         0.28692E+02          0.00000E+00
         0.28702E+02          0.00000E+00
         0.28712E+02          0.00000E+00
         0.28722E+02          0.00000E+00
         0.28732E+02          0.00000E+00
         0.28742E+02          0.00000E+00
         0.28752E+02          0.00000E+00
         0.28762E+02          0.00000E+00
         0.28772E+02          0.00000E+00
         0.28782E+02          0.00000E+00
         0.28792E+02          0.00000E+00
         0.28802E+02          0.00000E+00
         0.28812E+02          0.00000E+00
         0.28822E+02          0.00000E+00
         0.28832E+02          0.00000E+00
         0.28842E+02          0.00000E+00
         0.28852E+02          0.00000E+00
         0.28862E+02          0.00000E+00
         0.28872E+02          0.00000E+00
         0.28882E+02          0.00000E+00
         0.28892E+02          0.00000E+00
         0.28902E+02          0.00000E+00
         0.28912E+02          0.00000E+00
         0.28922E+02          0.00000E+00
         0.28932E+02          0.00000E+00
         0.28942E+02          0.00000E+00
         0.28952E+02          0.00000E+00
         0.28962E+02          0.00000E+00
         0.28972E+02          0.00000E+00
         0.28982E+02          0.00000E+00
         0.28992E+02          0.00000E+00
         0.29002E+02          0.00000E+00
         0.29012E+02          0.00000E+00
         0.29022E+02          0.00000E+00
         0.29032E+02          0.00000E+00
         0.29042E+02          0.00000E+00
         0.29052E+02          0.00000E+00
         0.29062E+02          0.00000E+00
         0.29072E+02          0.00000E+00
         0.29082E+02          0.00000E+00
         0.29092E+02          0.00000E+00
         0.29102E+02          0.00000E+00
         0.29112E+02          0.00000E+00
         0.29122E+02          0.00000E+00
         0.29132E+02          0.00000E+00
         0.29142E+02          0.00000E+00
         0.29152E+02          0.00000E+00
         0.29162E+02          0.00000E+00
         0.29172E+02          0.00000E+00
         0.29182E+02          0.00000E+00
         0.29192E+02          0.00000E+00
         0.29202E+02          0.00000E+00
         0.29212E+02          0.00000E+00
         0.29222E+02          0.00000E+00
         0.29232E+02          0.00000E+00
         0.29242E+02          0.00000E+00
         0.29252E+02          0.00000E+00
         0.29262E+02          0.00000E+00
         0.29272E+02          0.00000E+00
         0.29282E+02          0.00000E+00
         0.29292E+02          0.00000E+00
         0.29302E+02          0.00000E+00
         0.29312E+02          0.00000E+00
         0.29322E+02          0.00000E+00
         0.29332E+02          0.00000E+00
         0.29342E+02          0.00000E+00
         0.29352E+02          0.00000E+00
         0.29362E+02          0.00000E+00
         0.29372E+02          0.00000E+00
         0.29382E+02          0.00000E+00
         0.29392E+02          0.00000E+00
         0.29402E+02          0.00000E+00
         0.29412E+02          0.00000E+00
         0.29422E+02          0.00000E+00
         0.29432E+02          0.00000E+00
         0.29442E+02          0.00000E+00
         0.29452E+02          0.00000E+00
         0.29462E+02          0.00000E+00
         0.29472E+02          0.00000E+00
         0.29482E+02          0.00000E+00
         0.29492E+02          0.00000E+00
         0.29502E+02          0.00000E+00
         0.29512E+02          0.00000E+00
         0.29522E+02          0.00000E+00
         0.29532E+02          0.00000E+00
         0.29542E+02          0.00000E+00
         0.29552E+02          0.00000E+00
         0.29562E+02          0.00000E+00
         0.29572E+02          0.00000E+00
         0.29582E+02          0.00000E+00
         0.29592E+02          0.00000E+00
         0.29602E+02          0.00000E+00
         0.29612E+02          0.00000E+00
         0.29622E+02          0.00000E+00
         0.29632E+02          0.00000E+00
         0.29642E+02          0.00000E+00
         0.29652E+02          0.00000E+00
         0.29662E+02          0.00000E+00
         0.29672E+02          0.00000E+00
         0.29682E+02          0.00000E+00
         0.29692E+02          0.00000E+00
         0.29702E+02          0.00000E+00
         0.29712E+02          0.00000E+00
         0.29722E+02          0.00000E+00
         0.29732E+02          0.00000E+00
         0.29742E+02          0.00000E+00
         0.29752E+02          0.00000E+00
         0.29762E+02          0.00000E+00
         0.29772E+02          0.00000E+00
         0.29782E+02          0.00000E+00
         0.29792E+02          0.00000E+00
         0.29802E+02          0.00000E+00
         0.29812E+02          0.00000E+00
         0.29822E+02          0.00000E+00
         0.29832E+02          0.00000E+00
         0.29842E+02          0.00000E+00
         0.29852E+02          0.00000E+00
         0.29862E+02          0.00000E+00
         0.29872E+02          0.00000E+00
         0.29882E+02          0.00000E+00
         0.29892E+02          0.00000E+00
         0.29902E+02          0.00000E+00
         0.29912E+02          0.00000E+00
         0.29922E+02          0.00000E+00
         0.29932E+02          0.00000E+00
         0.29942E+02          0.00000E+00
         0.29952E+02          0.00000E+00
         0.29962E+02          0.00000E+00
         0.29972E+02          0.00000E+00
         0.29982E+02          0.00000E+00
         0.29992E+02          0.00000E+00
         0.30002E+02          0.00000E+00
         0.30012E+02          0.00000E+00
         0.30022E+02          0.00000E+00
         0.30032E+02          0.00000E+00
         0.30042E+02          0.00000E+00
         0.30052E+02          0.00000E+00
         0.30062E+02          0.00000E+00
         0.30072E+02          0.00000E+00
         0.30082E+02          0.00000E+00
         0.30092E+02          0.00000E+00
         0.30102E+02          0.00000E+00
         0.30112E+02          0.00000E+00
         0.30122E+02          0.00000E+00
         0.30132E+02          0.00000E+00
         0.30142E+02          0.00000E+00
         0.30152E+02          0.00000E+00
         0.30162E+02          0.00000E+00
         0.30172E+02          0.00000E+00
         0.30182E+02          0.00000E+00
         0.30192E+02          0.00000E+00
         0.30202E+02          0.00000E+00
         0.30212E+02          0.00000E+00
         0.30222E+02          0.00000E+00
         0.30232E+02          0.00000E+00
         0.30242E+02          0.00000E+00
         0.30252E+02          0.00000E+00
         0.30262E+02          0.00000E+00
         0.30272E+02          0.00000E+00
         0.30282E+02          0.00000E+00
         0.30292E+02          0.00000E+00
         0.30302E+02          0.00000E+00
         0.30312E+02          0.00000E+00
         0.30322E+02          0.00000E+00
         0.30332E+02          0.00000E+00
         0.30342E+02          0.00000E+00
         0.30352E+02          0.00000E+00
         0.30362E+02          0.00000E+00
         0.30372E+02          0.00000E+00
         0.30382E+02          0.00000E+00
         0.30392E+02          0.00000E+00
         0.30402E+02          0.00000E+00
         0.30412E+02          0.00000E+00
         0.30422E+02          0.00000E+00
         0.30432E+02          0.00000E+00
         0.30442E+02          0.00000E+00
         0.30452E+02          0.00000E+00
         0.30462E+02          0.00000E+00
         0.30472E+02          0.00000E+00
         0.30482E+02          0.00000E+00
         0.30492E+02          0.00000E+00
         0.30502E+02          0.00000E+00
         0.30512E+02          0.00000E+00
         0.30522E+02          0.00000E+00
         0.30532E+02          0.00000E+00
         0.30542E+02          0.00000E+00
         0.30552E+02          0.00000E+00
         0.30562E+02          0.00000E+00
         0.30572E+02          0.27947E-01
         0.30582E+02          0.23468E-01
         0.30592E+02          0.18414E-01
         0.30602E+02          0.13169E-01
         0.30612E+02          0.90798E-02
         0.30622E+02          0.93779E-02
         0.30632E+02          0.18502E-01
         0.30642E+02          0.36130E-01
         0.30652E+02          0.53768E-01
         0.30662E+02          0.64790E-01
         0.30672E+02          0.69532E-01
         0.30682E+02          0.70591E-01
         0.30692E+02          0.69880E-01
         0.30702E+02          0.65433E-01
         0.30712E+02          0.66536E-01
         0.30722E+02          0.64706E-01
         0.30732E+02          0.62884E-01
         0.30742E+02          0.61114E-01
         0.30752E+02          0.59406E-01
         0.30762E+02          0.57754E-01
         0.30772E+02          0.56146E-01
         0.30782E+02          0.54557E-01
         0.30792E+02          0.53002E-01
         0.30802E+02          0.51399E-01
         0.30812E+02          0.49734E-01
         0.30822E+02          0.47922E-01
         0.30832E+02          0.45784E-01
         0.30842E+02          0.42850E-01
         0.30852E+02          0.38034E-01
         0.30862E+02          0.30945E-01
         0.30872E+02          0.33936E-01
         0.30882E+02          0.19412E-01
         0.30892E+02          0.96593E-02
         0.30902E+02          0.10892E-01
         0.30912E+02          0.19867E-01
         0.30922E+02          0.25584E-01
         0.30932E+02          0.39581E-01
         0.30942E+02          0.91588E-01
         0.30952E+02          0.92071E-01
         0.30962E+02          0.71975E-01
         0.30972E+02          0.75941E-01
         0.30982E+02          0.55283E-01
         0.30992E+02          0.49892E-01
         0.31002E+02          0.45690E-01
         0.31012E+02          0.41829E-01
         0.31022E+02          0.37928E-01
         0.31032E+02          0.33570E-01
         0.31042E+02          0.27582E-01
         0.31052E+02          0.19425E-01
         0.31062E+02          0.86482E-02
         0.31072E+02          0.40386E-01
         0.31082E+02          0.78015E-01
         0.31092E+02          0.64551E-01
         0.31102E+02          0.55256E-01
         0.31112E+02          0.47076E-01
         0.31122E+02          0.43257E-01
         0.31132E+02          0.37669E-01
         0.31142E+02          0.30505E-01
         0.31152E+02          0.18511E-01
         0.31162E+02          0.17849E-01
         0.31172E+02          0.69645E-01
         0.31182E+02          0.54777E-01
         0.31192E+02          0.45567E-01
         0.31202E+02          0.37756E-01
         0.31212E+02          0.26840E-01
         0.31222E+02          0.96005E-02
         0.31232E+02          0.62683E-01
         0.31242E+02          0.46461E-01
         0.31252E+02          0.35376E-01
         0.31262E+02          0.13382E-01
         0.31272E+02          0.60511E-01
         0.31282E+02          0.41074E-01
         0.31292E+02          0.19388E-01
         0.31302E+02          0.54650E-01
         0.31312E+02          0.32313E-01
         0.31322E+02          0.59330E-01
         0.31332E+02          0.27132E-01
         0.31342E+02          0.42679E-01
         0.31352E+02          0.53051E-01
         0.31362E+02          0.53929E-01
         0.31372E+02          0.40723E-01
         0.31382E+02          0.65656E-01
         0.31392E+02          0.44559E-01
         0.31402E+02          0.13146E-01
         0.31412E+02          0.91079E-02
         0.31422E+02          0.97009E-02
         0.31432E+02          0.28252E-01
         0.31442E+02          0.28152E-01
         0.31452E+02          0.28052E-01
         0.31462E+02          0.27953E-01
         0.31472E+02          0.27854E-01
         0.31482E+02          0.27756E-01
         0.31492E+02          0.27659E-01
         0.31502E+02          0.27562E-01
         0.31512E+02          0.27465E-01
         0.31522E+02          0.27369E-01
         0.31532E+02          0.27273E-01
         0.31542E+02          0.27178E-01
         0.31552E+02          0.27084E-01
         0.31562E+02          0.26990E-01
         0.31572E+02          0.26896E-01
         0.31582E+02          0.26803E-01
         0.31592E+02          0.26711E-01
         0.31602E+02          0.26618E-01
         0.31612E+02          0.26527E-01
         0.31622E+02          0.26435E-01
         0.31632E+02          0.26345E-01
         0.31642E+02          0.26254E-01
         0.31652E+02          0.26164E-01
         0.31662E+02          0.26075E-01
         0.31672E+02          0.25986E-01
         0.31682E+02          0.25897E-01
         0.31692E+02          0.25809E-01
         0.31702E+02          0.25721E-01
         0.31712E+02          0.25633E-01
         0.31722E+02          0.25546E-01
         0.31732E+02          0.25460E-01
         0.31742E+02          0.25373E-01
         0.31752E+02          0.25287E-01
         0.31762E+02          0.25202E-01
         0.31772E+02          0.25117E-01
         0.31782E+02          0.25032E-01
         0.31792E+02          0.24947E-01
         0.31802E+02          0.24863E-01
         0.31812E+02          0.24779E-01
         0.31822E+02          0.24696E-01
         0.31832E+02          0.24613E-01
         0.31842E+02          0.24530E-01
         0.31852E+02          0.24447E-01
         0.31862E+02          0.24365E-01
         0.31872E+02          0.24283E-01
         0.31882E+02          0.24201E-01
         0.31892E+02          0.24120E-01
         0.31902E+02          0.24039E-01
         0.31912E+02          0.23958E-01
         0.31922E+02          0.23877E-01
         0.31932E+02          0.23796E-01
         0.31942E+02          0.23716E-01
         0.31952E+02          0.23635E-01
         0.31962E+02          0.23555E-01
         0.31972E+02          0.23475E-01
         0.31982E+02          0.23395E-01
         0.31992E+02          0.23314E-01
         0.32002E+02          0.23234E-01
         0.32012E+02          0.23154E-01
         0.32022E+02          0.23074E-01
         0.32032E+02          0.22994E-01
         0.32042E+02          0.22914E-01
         0.32052E+02          0.22836E-01
         0.32062E+02          0.22759E-01
         0.32072E+02          0.22685E-01
         0.32082E+02          0.22619E-01
         0.32092E+02          0.22564E-01
         0.32102E+02          0.22516E-01
         0.32112E+02          0.22249E-01
         0.32122E+02          0.19090E-01
         0.32132E+02          0.17757E-01
         0.32142E+02          0.16479E-01
         0.32152E+02          0.13613E-01
         0.32162E+02          0.23486E-01
         0.32172E+02          0.23389E-01
         0.32182E+02          0.22974E-01
         0.32192E+02          0.22685E-01
         0.32202E+02          0.22476E-01
         0.32212E+02          0.22313E-01
         0.32222E+02          0.22177E-01
         0.32232E+02          0.22059E-01
         0.32242E+02          0.21953E-01
         0.32252E+02          0.21856E-01
         0.32262E+02          0.21765E-01
         0.32272E+02          0.21678E-01
         0.32282E+02          0.21596E-01
         0.32292E+02          0.21516E-01
         0.32302E+02          0.21439E-01
         0.32312E+02          0.21364E-01
         0.32322E+02          0.21291E-01
         0.32332E+02          0.21219E-01
         0.32342E+02          0.21148E-01
         0.32352E+02          0.21079E-01
         0.32362E+02          0.21010E-01
         0.32372E+02          0.20943E-01
         0.32382E+02          0.20876E-01
         0.32392E+02          0.20811E-01
         0.32402E+02          0.20746E-01
         0.32412E+02          0.20683E-01
         0.32422E+02          0.20621E-01
         0.32432E+02          0.20560E-01
         0.32442E+02          0.20503E-01
         0.32452E+02          0.20451E-01
         0.32462E+02          0.20417E-01
         0.32472E+02          0.20511E-01
         0.32482E+02          0.20498E-01
         0.32492E+02          0.20065E-01
         0.32502E+02          0.20039E-01
         0.32512E+02          0.19990E-01
         0.32522E+02          0.19933E-01
         0.32532E+02          0.19874E-01
         0.32542E+02          0.19812E-01
         0.32552E+02          0.19749E-01
         0.32562E+02          0.19684E-01
         0.32572E+02          0.19618E-01
         0.32582E+02          0.19553E-01
         0.32592E+02          0.19497E-01
         0.32602E+02          0.19474E-01
         0.32612E+02          0.18765E-01
         0.32622E+02          0.15579E-01
         0.32632E+02          0.18011E-01
         0.32642E+02          0.20378E-01
         0.32652E+02          0.19848E-01
         0.32662E+02          0.19607E-01
         0.32672E+02          0.19458E-01
         0.32682E+02          0.19348E-01
         0.32692E+02          0.19258E-01
         0.32702E+02          0.19179E-01
         0.32712E+02          0.19107E-01
         0.32722E+02          0.19040E-01
         0.32732E+02          0.18976E-01
         0.32742E+02          0.18916E-01
         0.32752E+02          0.18860E-01
         0.32762E+02          0.18808E-01
         0.32772E+02          0.18773E-01
         0.32782E+02          0.19001E-01
         0.32792E+02          0.18480E-01
         0.32802E+02          0.18493E-01
         0.32812E+02          0.18446E-01
         0.32822E+02          0.18387E-01
         0.32832E+02          0.18323E-01
         0.32842E+02          0.18258E-01
         0.32852E+02          0.18254E-01
         0.32862E+02          0.14583E-01
         0.32872E+02          0.19317E-01
         0.32882E+02          0.18581E-01
         0.32892E+02          0.18370E-01
         0.32902E+02          0.18253E-01
         0.32912E+02          0.18167E-01
         0.32922E+02          0.18096E-01
         0.32932E+02          0.18036E-01
         0.32942E+02          0.17995E-01
         0.32952E+02          0.17924E-01
         0.32962E+02          0.17774E-01
         0.32972E+02          0.17724E-01
         0.32982E+02          0.17651E-01
         0.32992E+02          0.17602E-01
         0.33002E+02          0.19196E-01
         0.33012E+02          0.17927E-01
         0.33022E+02          0.17738E-01
         0.33032E+02          0.17640E-01
         0.33042E+02          0.17575E-01
         0.33052E+02          0.17498E-01
         0.33062E+02          0.17362E-01
         0.33072E+02          0.17279E-01
         0.33082E+02          0.12097E-01
         0.33092E+02          0.17563E-01
         0.33102E+02          0.17375E-01
         0.33112E+02          0.17301E-01
         0.33122E+02          0.17127E-01
         0.33132E+02          0.17038E-01
         0.33142E+02          0.17535E-01
         0.33152E+02          0.17177E-01
         0.33162E+02          0.17329E-01
         0.33172E+02          0.16887E-01
         0.33182E+02          0.17174E-01
         0.33192E+02          0.17020E-01
         0.33202E+02          0.16786E-01
         0.33212E+02          0.16957E-01
         0.33222E+02          0.16721E-01
         0.33232E+02          0.16870E-01
         0.33242E+02          0.17891E-01
         0.33252E+02          0.16616E-01
         0.33262E+02          0.16602E-01
         0.33272E+02          0.14921E-01
         0.33282E+02          0.16686E-01
         0.33292E+02          0.15874E-01
         0.33302E+02          0.16542E-01
         0.33312E+02          0.16582E-01
         0.33322E+02          0.16532E-01
         0.33332E+02          0.16231E-01
         0.33342E+02          0.16199E-01
         0.33352E+02          0.16167E-01
         0.33362E+02          0.16135E-01
         0.33372E+02          0.16103E-01
         0.33382E+02          0.16071E-01
         0.33392E+02          0.16040E-01
         0.33402E+02          0.16009E-01
         0.33412E+02          0.15978E-01
         0.33422E+02          0.15948E-01
         0.33432E+02          0.15918E-01
         0.33442E+02          0.15887E-01
         0.33452E+02          0.15857E-01
         0.33462E+02          0.15828E-01
         0.33472E+02          0.15798E-01
         0.33482E+02          0.15769E-01
         0.33492E+02          0.15740E-01
         0.33502E+02          0.15711E-01
         0.33512E+02          0.15682E-01
         0.33522E+02          0.15654E-01
         0.33532E+02          0.15626E-01
         0.33542E+02          0.15598E-01
         0.33552E+02          0.15570E-01
         0.33562E+02          0.15542E-01
         0.33572E+02          0.15515E-01
         0.33582E+02          0.15488E-01
         0.33592E+02          0.15460E-01
         0.33602E+02          0.15434E-01
         0.33612E+02          0.15407E-01
         0.33622E+02          0.15380E-01
         0.33632E+02          0.15354E-01
         0.33642E+02          0.15328E-01
         0.33652E+02          0.15302E-01
         0.33662E+02          0.15276E-01
         0.33672E+02          0.15251E-01
         0.33682E+02          0.15225E-01
         0.33692E+02          0.15200E-01
         0.33702E+02          0.15175E-01
         0.33712E+02          0.15150E-01
         0.33722E+02          0.15126E-01
         0.33732E+02          0.15101E-01
         0.33742E+02          0.15077E-01
         0.33752E+02          0.15052E-01
         0.33762E+02          0.15028E-01
         0.33772E+02          0.15005E-01
         0.33782E+02          0.14981E-01
         0.33792E+02          0.14957E-01
         0.33802E+02          0.14934E-01
         0.33812E+02          0.14911E-01
         0.33822E+02          0.14888E-01
         0.33832E+02          0.14865E-01
         0.33842E+02          0.14842E-01
         0.33852E+02          0.14819E-01
         0.33862E+02          0.14797E-01
         0.33872E+02          0.14774E-01
         0.33882E+02          0.14752E-01
         0.33892E+02          0.14730E-01
         0.33902E+02          0.14708E-01
         0.33912E+02          0.14686E-01
         0.33922E+02          0.14664E-01
         0.33932E+02          0.14643E-01
         0.33942E+02          0.14621E-01
         0.33952E+02          0.14600E-01
         0.33962E+02          0.14579E-01
         0.33972E+02          0.14558E-01
         0.33982E+02          0.14537E-01
         0.33992E+02          0.14516E-01
         0.34002E+02          0.14495E-01
         0.34012E+02          0.14474E-01
         0.34022E+02          0.14454E-01
         0.34032E+02          0.14433E-01
         0.34042E+02          0.14413E-01
         0.34052E+02          0.14392E-01
         0.34062E+02          0.14372E-01
         0.34072E+02          0.14352E-01
         0.34082E+02          0.14332E-01
         0.34092E+02          0.14312E-01
         0.34102E+02          0.14292E-01
         0.34112E+02          0.14272E-01
         0.34122E+02          0.14253E-01
         0.34132E+02          0.14233E-01
         0.34142E+02          0.14213E-01
         0.34152E+02          0.14194E-01
         0.34162E+02          0.14174E-01
         0.34172E+02          0.14155E-01
         0.34182E+02          0.14136E-01
         0.34192E+02          0.14116E-01
         0.34202E+02          0.14097E-01
         0.34212E+02          0.14078E-01
         0.34222E+02          0.14059E-01
         0.34232E+02          0.14039E-01
         0.34242E+02          0.14020E-01
         0.34252E+02          0.14001E-01
         0.34262E+02          0.13982E-01
         0.34272E+02          0.13963E-01
         0.34282E+02          0.13944E-01
         0.34292E+02          0.13925E-01
         0.34302E+02          0.13905E-01
         0.34312E+02          0.13886E-01
         0.34322E+02          0.13867E-01
         0.34332E+02          0.13848E-01
         0.34342E+02          0.13829E-01
         0.34352E+02          0.13810E-01
         0.34362E+02          0.13790E-01
         0.34372E+02          0.13771E-01
         0.34382E+02          0.13752E-01
         0.34392E+02          0.13732E-01
         0.34402E+02          0.13713E-01
         0.34412E+02          0.13693E-01
         0.34422E+02          0.13674E-01
         0.34432E+02          0.13654E-01
         0.34442E+02          0.13634E-01
         0.34452E+02          0.13614E-01
         0.34462E+02          0.13595E-01
         0.34472E+02          0.13574E-01
         0.34482E+02          0.13554E-01
         0.34492E+02          0.13534E-01
         0.34502E+02          0.13514E-01
         0.34512E+02          0.13493E-01
         0.34522E+02          0.13472E-01
         0.34532E+02          0.13451E-01
         0.34542E+02          0.13430E-01
         0.34552E+02          0.13409E-01
         0.34562E+02          0.13388E-01
         0.34572E+02          0.13366E-01
         0.34582E+02          0.13344E-01
         0.34592E+02          0.13322E-01
         0.34602E+02          0.13300E-01
         0.34612E+02          0.13277E-01
         0.34622E+02          0.13255E-01
         0.34632E+02          0.13232E-01
         0.34642E+02          0.13208E-01
         0.34652E+02          0.13185E-01
         0.34662E+02          0.13161E-01
         0.34672E+02          0.13137E-01
         0.34682E+02          0.13112E-01
         0.34692E+02          0.13087E-01
         0.34702E+02          0.13062E-01
         0.34712E+02          0.13036E-01
         0.34722E+02          0.13010E-01
         0.34732E+02          0.12984E-01
         0.34742E+02          0.12957E-01
         0.34752E+02          0.12929E-01
         0.34762E+02          0.12901E-01
         0.34772E+02          0.12873E-01
         0.34782E+02          0.12844E-01
         0.34792E+02          0.12815E-01
         0.34802E+02          0.12785E-01
         0.34812E+02          0.12754E-01
         0.34822E+02          0.12723E-01
         0.34832E+02          0.12691E-01
         0.34842E+02          0.12658E-01
         0.34852E+02          0.12625E-01
         0.34862E+02          0.12591E-01
         0.34872E+02          0.12556E-01
         0.34882E+02          0.12521E-01
         0.34892E+02          0.12484E-01
         0.34902E+02          0.12447E-01
         0.34912E+02          0.12409E-01
         0.34922E+02          0.12370E-01
         0.34932E+02          0.12329E-01
         0.34942E+02          0.12288E-01
         0.34952E+02          0.12246E-01
         0.34962E+02          0.12202E-01
         0.34972E+02          0.12158E-01
         0.34982E+02          0.12112E-01
         0.34992E+02          0.12065E-01
         0.35002E+02          0.12016E-01
         0.35012E+02          0.11966E-01
         0.35022E+02          0.11914E-01
         0.35032E+02          0.11861E-01
         0.35042E+02          0.11806E-01
         0.35052E+02          0.11750E-01
         0.35062E+02          0.11691E-01
         0.35072E+02          0.11631E-01
         0.35082E+02          0.11568E-01
         0.35092E+02          0.11504E-01
         0.35102E+02          0.11437E-01
         0.35112E+02          0.11368E-01
         0.35122E+02          0.11296E-01
         0.35132E+02          0.11222E-01
         0.35142E+02          0.11145E-01
         0.35152E+02          0.11065E-01
         0.35162E+02          0.10982E-01
         0.35172E+02          0.10896E-01
         0.35182E+02          0.10806E-01
         0.35192E+02          0.10712E-01
         0.35202E+02          0.10615E-01
         0.35212E+02          0.10514E-01
         0.35222E+02          0.10408E-01
         0.35232E+02          0.10298E-01
         0.35242E+02          0.10182E-01
         0.35252E+02          0.10062E-01
         0.35262E+02          0.99361E-02
         0.35272E+02          0.98043E-02
         0.35282E+02          0.96664E-02
         0.35292E+02          0.95219E-02
         0.35302E+02          0.93704E-02
         0.35312E+02          0.92114E-02
         0.35322E+02          0.90446E-02
         0.35332E+02          0.88695E-02
         0.35342E+02          0.86855E-02
         0.35352E+02          0.84923E-02
         0.35362E+02          0.82893E-02
         0.35372E+02          0.80762E-02
         0.35382E+02          0.78525E-02
         0.35392E+02          0.76180E-02
         0.35402E+02          0.73726E-02
         0.35412E+02          0.71165E-02
         0.35422E+02          0.68502E-02
         0.35432E+02          0.65749E-02
         0.35442E+02          0.62924E-02
         0.35452E+02          0.60060E-02
         0.35462E+02          0.57205E-02
         0.35472E+02          0.54434E-02
         0.35482E+02          0.51859E-02
         0.35492E+02          0.49645E-02
         0.35502E+02          0.48035E-02
         0.35512E+02          0.47384E-02
         0.35522E+02          0.48200E-02
         0.35532E+02          0.51202E-02
         0.35542E+02          0.57379E-02
         0.35552E+02          0.68027E-02
         0.35562E+02          0.84698E-02
         0.35572E+02          0.10897E-01
         0.35582E+02          0.14187E-01
         0.35592E+02          0.18297E-01
         0.35602E+02          0.22946E-01
         0.35612E+02          0.27617E-01
         0.35622E+02          0.31700E-01
         0.35632E+02          0.34739E-01
         0.35642E+02          0.36576E-01
         0.35652E+02          0.37332E-01
         0.35662E+02          0.37267E-01
         0.35672E+02          0.36657E-01
         0.35682E+02          0.35730E-01
         0.35692E+02          0.34647E-01
         0.35702E+02          0.33512E-01
         0.35712E+02          0.32387E-01
         0.35722E+02          0.31306E-01
         0.35732E+02          0.30287E-01
         0.35742E+02          0.29335E-01
         0.35752E+02          0.28451E-01
         0.35762E+02          0.27632E-01
         0.35772E+02          0.26872E-01
         0.35782E+02          0.26167E-01
         0.35792E+02          0.25510E-01
         0.35802E+02          0.24897E-01
         0.35812E+02          0.24322E-01
         0.35822E+02          0.23780E-01
         0.35832E+02          0.23268E-01
         0.35842E+02          0.22781E-01
         0.35852E+02          0.22315E-01
         0.35862E+02          0.21867E-01
         0.35872E+02          0.21434E-01
         0.35882E+02          0.21012E-01
         0.35892E+02          0.20600E-01
         0.35902E+02          0.20194E-01
         0.35912E+02          0.19791E-01
         0.35922E+02          0.19389E-01
         0.35932E+02          0.18986E-01
         0.35942E+02          0.18578E-01
         0.35952E+02          0.18163E-01
         0.35962E+02          0.17739E-01
         0.35972E+02          0.17301E-01
         0.35982E+02          0.16847E-01
         0.35992E+02          0.16375E-01
         0.36002E+02          0.15881E-01
         0.36012E+02          0.15362E-01
         0.36022E+02          0.14815E-01
         0.36032E+02          0.14238E-01
         0.36042E+02          0.13629E-01
         0.36052E+02          0.12987E-01
         0.36062E+02          0.12314E-01
         0.36072E+02          0.11613E-01
         0.36082E+02          0.10892E-01
         0.36092E+02          0.10165E-01
         0.36102E+02          0.94531E-02
         0.36112E+02          0.87874E-02
         0.36122E+02          0.82093E-02
         0.36132E+02          0.77712E-02
         0.36142E+02          0.75348E-02
         0.36152E+02          0.75659E-02
         0.36162E+02          0.79273E-02
         0.36172E+02          0.86724E-02
         0.36182E+02          0.98433E-02
         0.36192E+02          0.11480E-01
         0.36202E+02          0.13651E-01
         0.36212E+02          0.16502E-01
         0.36222E+02          0.20332E-01
         0.36232E+02          0.25460E-01
         0.36242E+02          0.30518E-01
         0.36252E+02          0.29051E-01
         0.36262E+02          0.21905E-01
         0.36272E+02          0.17603E-01
         0.36282E+02          0.16183E-01
         0.36292E+02          0.15982E-01
         0.36302E+02          0.16220E-01
         0.36312E+02          0.16597E-01
         0.36322E+02          0.16999E-01
         0.36332E+02          0.17382E-01
         0.36342E+02          0.17730E-01
         0.36352E+02          0.18038E-01
         0.36362E+02          0.18309E-01
         0.36372E+02          0.18545E-01
         0.36382E+02          0.18750E-01
         0.36392E+02          0.18927E-01
         0.36402E+02          0.19081E-01
         0.36412E+02          0.19214E-01
         0.36422E+02          0.19329E-01
         0.36432E+02          0.19428E-01
         0.36442E+02          0.19514E-01
         0.36452E+02          0.19588E-01
         0.36462E+02          0.19652E-01
         0.36472E+02          0.19707E-01
         0.36482E+02          0.19754E-01
         0.36492E+02          0.19794E-01
         0.36502E+02          0.19829E-01
         0.36512E+02          0.19858E-01
         0.36522E+02          0.19882E-01
         0.36532E+02          0.19903E-01
         0.36542E+02          0.19920E-01
         0.36552E+02          0.19934E-01
         0.36562E+02          0.19945E-01
         0.36572E+02          0.19954E-01
         0.36582E+02          0.19960E-01
         0.36592E+02          0.19965E-01
         0.36602E+02          0.19967E-01
         0.36612E+02          0.19969E-01
         0.36622E+02          0.19968E-01
         0.36632E+02          0.19967E-01
         0.36642E+02          0.19964E-01
         0.36652E+02          0.19961E-01
         0.36662E+02          0.19956E-01
         0.36672E+02          0.19951E-01
         0.36682E+02          0.19945E-01
         0.36692E+02          0.19938E-01
         0.36702E+02          0.19931E-01
         0.36712E+02          0.19923E-01
         0.36722E+02          0.19914E-01
         0.36732E+02          0.19905E-01
         0.36742E+02          0.19895E-01
         0.36752E+02          0.19885E-01
         0.36762E+02          0.19875E-01
         0.36772E+02          0.19863E-01
         0.36782E+02          0.19852E-01
         0.36792E+02          0.19840E-01
         0.36802E+02          0.19828E-01
         0.36812E+02          0.19815E-01
         0.36822E+02          0.19802E-01
         0.36832E+02          0.19788E-01
         0.36842E+02          0.19774E-01
