         0.16952E+02          0.49003E+02
         0.16962E+02          0.78196E+02
         0.16972E+02          0.15296E+03
         0.16982E+02          0.18676E+03
         0.16992E+02          0.62791E+02
         0.17002E+02          0.24134E+02
         0.17012E+02          0.15386E+02
         0.17022E+02          0.16701E+02
         0.17032E+02          0.52202E+02
         0.17042E+02          0.17382E+02
         0.17052E+02          0.41954E+01
         0.17062E+02          0.62054E+01
         0.17072E+02          0.71615E+02
         0.17082E+02          0.64077E+01
         0.17092E+02          0.60045E+01
         0.17102E+02          0.69753E+01
         0.17112E+02          0.91817E+01
         0.17122E+02          0.71829E+02
         0.17132E+02          0.42669E+01
         0.17142E+02          0.56442E+01
         0.17152E+02          0.64337E+01
         0.17162E+02          0.70207E+01
         0.17172E+02          0.75229E+01
         0.17182E+02          0.79879E+01
         0.17192E+02          0.84415E+01
         0.17202E+02          0.89017E+01
         0.17212E+02          0.93846E+01
         0.17222E+02          0.99074E+01
         0.17232E+02          0.10492E+02
         0.17242E+02          0.11168E+02
         0.17252E+02          0.11981E+02
         0.17262E+02          0.13005E+02
         0.17272E+02          0.14367E+02
         0.17282E+02          0.16319E+02
         0.17292E+02          0.19417E+02
         0.17302E+02          0.25148E+02
         0.17312E+02          0.38891E+02
         0.17322E+02          0.92764E+02
         0.17332E+02          0.16774E+03
         0.17342E+02          0.23308E+02
         0.17352E+02          0.11882E+02
         0.17362E+02          0.39364E+02
         0.17372E+02          0.41951E+01
         0.17382E+02          0.19617E+02
         0.17392E+02          0.54456E+01
         0.17402E+02          0.71636E+01
         0.17412E+02          0.18897E+02
         0.17422E+02          0.57320E+01
         0.17432E+02          0.69489E+01
         0.17442E+02          0.78539E+01
         0.17452E+02          0.87308E+01
         0.17462E+02          0.97066E+01
         0.17472E+02          0.10926E+02
         0.17482E+02          0.12665E+02
         0.17492E+02          0.15631E+02
         0.17502E+02          0.22462E+02
         0.17512E+02          0.53289E+02
         0.17522E+02          0.11137E+03
         0.17532E+02          0.11057E+02
         0.17542E+02          0.74638E+02
         0.17552E+02          0.56186E+02
         0.17562E+02          0.64350E+01
         0.17572E+02          0.44591E+01
         0.17582E+02          0.70389E+01
         0.17592E+02          0.85312E+01
         0.17602E+02          0.10295E+02
         0.17612E+02          0.13300E+02
         0.17622E+02          0.22367E+02
         0.17632E+02          0.19630E+03
         0.17642E+02          0.10263E+02
         0.17652E+02          0.77627E+01
         0.17662E+02          0.77959E+01
         0.17672E+02          0.67810E+01
         0.17682E+02          0.91761E+01
         0.17692E+02          0.13297E+02
         0.17702E+02          0.48479E+02
         0.17712E+02          0.10165E+02
         0.17722E+02          0.52069E+01
         0.17732E+02          0.67676E+01
         0.17742E+02          0.10654E+02
         0.17752E+02          0.42256E+02
         0.17762E+02          0.84142E+01
         0.17772E+02          0.58247E+01
         0.17782E+02          0.11959E+02
         0.17792E+02          0.10898E+02
         0.17802E+02          0.54879E+01
         0.17812E+02          0.18323E+02
         0.17822E+02          0.55168E+01
         0.17832E+02          0.17466E+02
         0.17842E+02          0.58471E+01
         0.17852E+02          0.13458E+02
         0.17862E+02          0.18488E+02
         0.17872E+02          0.99649E+01
         0.17882E+02          0.64845E+01
         0.17892E+02          0.55872E+01
         0.17902E+02          0.83016E+02
         0.17912E+02          0.67652E+01
         0.17922E+02          0.69790E+01
         0.17932E+02          0.73407E+01
         0.17942E+02          0.80883E+01
         0.17952E+02          0.80746E+01
         0.17962E+02          0.80610E+01
         0.17972E+02          0.80475E+01
         0.17982E+02          0.80340E+01
         0.17992E+02          0.80205E+01
         0.18002E+02          0.80071E+01
         0.18012E+02          0.79938E+01
         0.18022E+02          0.79804E+01
         0.18032E+02          0.79672E+01
         0.18042E+02          0.79539E+01
         0.18052E+02          0.79408E+01
         0.18062E+02          0.79276E+01
         0.18072E+02          0.79145E+01
         0.18082E+02          0.79015E+01
         0.18092E+02          0.78885E+01
         0.18102E+02          0.78756E+01
         0.18112E+02          0.78627E+01
         0.18122E+02          0.78498E+01
         0.18132E+02          0.78370E+01
         0.18142E+02          0.78243E+01
         0.18152E+02          0.78116E+01
         0.18162E+02          0.77989E+01
         0.18172E+02          0.77863E+01
         0.18182E+02          0.77738E+01
         0.18192E+02          0.77613E+01
         0.18202E+02          0.77488E+01
         0.18212E+02          0.77364E+01
         0.18222E+02          0.77240E+01
         0.18232E+02          0.77117E+01
         0.18242E+02          0.76995E+01
         0.18252E+02          0.76872E+01
         0.18262E+02          0.76751E+01
         0.18272E+02          0.76630E+01
         0.18282E+02          0.76509E+01
         0.18292E+02          0.76389E+01
         0.18302E+02          0.76269E+01
         0.18312E+02          0.76150E+01
         0.18322E+02          0.76032E+01
         0.18332E+02          0.75913E+01
         0.18342E+02          0.75796E+01
         0.18352E+02          0.75679E+01
         0.18362E+02          0.75562E+01
         0.18372E+02          0.75446E+01
         0.18382E+02          0.75330E+01
         0.18392E+02          0.75215E+01
         0.18402E+02          0.75100E+01
         0.18412E+02          0.74986E+01
         0.18422E+02          0.74872E+01
         0.18432E+02          0.74759E+01
         0.18442E+02          0.74647E+01
         0.18452E+02          0.74535E+01
         0.18462E+02          0.74423E+01
         0.18472E+02          0.74312E+01
         0.18482E+02          0.74201E+01
         0.18492E+02          0.74091E+01
         0.18502E+02          0.73981E+01
         0.18512E+02          0.73872E+01
         0.18522E+02          0.73763E+01
         0.18532E+02          0.73655E+01
         0.18542E+02          0.73547E+01
         0.18552E+02          0.73440E+01
         0.18562E+02          0.73334E+01
         0.18572E+02          0.73227E+01
         0.18582E+02          0.73122E+01
         0.18592E+02          0.73016E+01
         0.18602E+02          0.72912E+01
         0.18612E+02          0.72807E+01
         0.18622E+02          0.72704E+01
         0.18632E+02          0.72600E+01
         0.18642E+02          0.72498E+01
         0.18652E+02          0.72395E+01
         0.18662E+02          0.72293E+01
         0.18672E+02          0.72192E+01
         0.18682E+02          0.72091E+01
         0.18692E+02          0.71991E+01
         0.18702E+02          0.71891E+01
         0.18712E+02          0.71792E+01
         0.18722E+02          0.71693E+01
         0.18732E+02          0.71594E+01
         0.18742E+02          0.71496E+01
         0.18752E+02          0.71399E+01
         0.18762E+02          0.71302E+01
         0.18772E+02          0.71205E+01
         0.18782E+02          0.71109E+01
         0.18792E+02          0.71014E+01
         0.18802E+02          0.70919E+01
         0.18812E+02          0.70824E+01
         0.18822E+02          0.70730E+01
         0.18832E+02          0.70636E+01
         0.18842E+02          0.70543E+01
         0.18852E+02          0.70450E+01
         0.18862E+02          0.70358E+01
         0.18872E+02          0.70266E+01
         0.18882E+02          0.70175E+01
         0.18892E+02          0.70084E+01
         0.18902E+02          0.69993E+01
         0.18912E+02          0.69903E+01
         0.18922E+02          0.69814E+01
         0.18932E+02          0.69725E+01
         0.18942E+02          0.69636E+01
         0.18952E+02          0.69548E+01
         0.18962E+02          0.69460E+01
         0.18972E+02          0.69373E+01
         0.18982E+02          0.69286E+01
         0.18992E+02          0.69200E+01
         0.19002E+02          0.69114E+01
         0.19012E+02          0.69029E+01
         0.19022E+02          0.68944E+01
         0.19032E+02          0.68859E+01
         0.19042E+02          0.68775E+01
         0.19052E+02          0.68692E+01
         0.19062E+02          0.68609E+01
         0.19072E+02          0.68526E+01
         0.19082E+02          0.68444E+01
         0.19092E+02          0.68362E+01
         0.19102E+02          0.68280E+01
         0.19112E+02          0.68199E+01
         0.19122E+02          0.68119E+01
         0.19132E+02          0.68039E+01
         0.19142E+02          0.67959E+01
         0.19152E+02          0.67880E+01
         0.19162E+02          0.67801E+01
         0.19172E+02          0.67723E+01
         0.19182E+02          0.67645E+01
         0.19192E+02          0.67567E+01
         0.19202E+02          0.67490E+01
         0.19212E+02          0.67414E+01
         0.19222E+02          0.67337E+01
         0.19232E+02          0.67262E+01
         0.19242E+02          0.67186E+01
         0.19252E+02          0.67111E+01
         0.19262E+02          0.67037E+01
         0.19272E+02          0.66963E+01
         0.19282E+02          0.66889E+01
         0.19292E+02          0.66816E+01
         0.19302E+02          0.66743E+01
         0.19312E+02          0.66671E+01
         0.19322E+02          0.66599E+01
         0.19332E+02          0.66527E+01
         0.19342E+02          0.66456E+01
         0.19352E+02          0.66385E+01
         0.19362E+02          0.66315E+01
         0.19372E+02          0.66245E+01
         0.19382E+02          0.66175E+01
         0.19392E+02          0.66106E+01
         0.19402E+02          0.66038E+01
         0.19412E+02          0.65969E+01
         0.19422E+02          0.65902E+01
         0.19432E+02          0.65834E+01
         0.19442E+02          0.65767E+01
         0.19452E+02          0.65700E+01
         0.19462E+02          0.65634E+01
         0.19472E+02          0.65568E+01
         0.19482E+02          0.65503E+01
         0.19492E+02          0.65438E+01
         0.19502E+02          0.65373E+01
         0.19512E+02          0.65309E+01
         0.19522E+02          0.65245E+01
         0.19532E+02          0.65181E+01
         0.19542E+02          0.65118E+01
         0.19552E+02          0.65056E+01
         0.19562E+02          0.64993E+01
         0.19572E+02          0.64931E+01
         0.19582E+02          0.64870E+01
         0.19592E+02          0.64809E+01
         0.19602E+02          0.64748E+01
         0.19612E+02          0.64688E+01
         0.19622E+02          0.64628E+01
         0.19632E+02          0.64568E+01
         0.19642E+02          0.64509E+01
         0.19652E+02          0.64450E+01
         0.19662E+02          0.64391E+01
         0.19672E+02          0.64333E+01
         0.19682E+02          0.64276E+01
         0.19692E+02          0.64218E+01
         0.19702E+02          0.64161E+01
         0.19712E+02          0.64105E+01
         0.19722E+02          0.64049E+01
         0.19732E+02          0.63993E+01
         0.19742E+02          0.63937E+01
         0.19752E+02          0.63882E+01
         0.19762E+02          0.63828E+01
         0.19772E+02          0.63773E+01
         0.19782E+02          0.63719E+01
         0.19792E+02          0.63666E+01
         0.19802E+02          0.63613E+01
         0.19812E+02          0.63560E+01
         0.19822E+02          0.63507E+01
         0.19832E+02          0.63455E+01
         0.19842E+02          0.63403E+01
         0.19852E+02          0.63352E+01
         0.19862E+02          0.63301E+01
         0.19872E+02          0.63250E+01
         0.19882E+02          0.63200E+01
         0.19892E+02          0.63150E+01
         0.19902E+02          0.63100E+01
         0.19912E+02          0.63051E+01
         0.19922E+02          0.63002E+01
         0.19932E+02          0.62954E+01
         0.19942E+02          0.62905E+01
         0.19952E+02          0.62858E+01
         0.19962E+02          0.62810E+01
         0.19972E+02          0.62763E+01
         0.19982E+02          0.62716E+01
         0.19992E+02          0.62670E+01
         0.20002E+02          0.62624E+01
         0.20012E+02          0.62578E+01
         0.20022E+02          0.62533E+01
         0.20032E+02          0.62487E+01
         0.20042E+02          0.62443E+01
         0.20052E+02          0.62398E+01
         0.20062E+02          0.62354E+01
         0.20072E+02          0.62311E+01
         0.20082E+02          0.62267E+01
         0.20092E+02          0.62224E+01
         0.20102E+02          0.62181E+01
         0.20112E+02          0.62139E+01
         0.20122E+02          0.62097E+01
         0.20132E+02          0.62055E+01
         0.20142E+02          0.62014E+01
         0.20152E+02          0.61973E+01
         0.20162E+02          0.61932E+01
         0.20172E+02          0.61892E+01
         0.20182E+02          0.61852E+01
         0.20192E+02          0.61812E+01
         0.20202E+02          0.61773E+01
         0.20212E+02          0.61734E+01
         0.20222E+02          0.61695E+01
         0.20232E+02          0.61656E+01
         0.20242E+02          0.61618E+01
         0.20252E+02          0.61581E+01
         0.20262E+02          0.61543E+01
         0.20272E+02          0.61506E+01
         0.20282E+02          0.61469E+01
         0.20292E+02          0.61433E+01
         0.20302E+02          0.61396E+01
         0.20312E+02          0.61360E+01
         0.20322E+02          0.61325E+01
         0.20332E+02          0.61290E+01
         0.20342E+02          0.61255E+01
         0.20352E+02          0.61220E+01
         0.20362E+02          0.61186E+01
         0.20372E+02          0.61151E+01
         0.20382E+02          0.61118E+01
         0.20392E+02          0.61084E+01
         0.20402E+02          0.61051E+01
         0.20412E+02          0.61018E+01
         0.20422E+02          0.60986E+01
         0.20432E+02          0.60953E+01
         0.20442E+02          0.60922E+01
         0.20452E+02          0.60890E+01
         0.20462E+02          0.60859E+01
         0.20472E+02          0.60827E+01
         0.20482E+02          0.60797E+01
         0.20492E+02          0.60766E+01
         0.20502E+02          0.60736E+01
         0.20512E+02          0.60706E+01
         0.20522E+02          0.60677E+01
         0.20532E+02          0.60647E+01
         0.20542E+02          0.60618E+01
         0.20552E+02          0.60589E+01
         0.20562E+02          0.60561E+01
         0.20572E+02          0.60533E+01
         0.20582E+02          0.60505E+01
         0.20592E+02          0.60477E+01
         0.20602E+02          0.60450E+01
         0.20612E+02          0.60423E+01
         0.20622E+02          0.60396E+01
         0.20632E+02          0.60369E+01
         0.20642E+02          0.60343E+01
         0.20652E+02          0.60317E+01
         0.20662E+02          0.60291E+01
         0.20672E+02          0.60266E+01
         0.20682E+02          0.60241E+01
         0.20692E+02          0.60216E+01
         0.20702E+02          0.60191E+01
         0.20712E+02          0.60167E+01
         0.20722E+02          0.60143E+01
         0.20732E+02          0.60119E+01
         0.20742E+02          0.60095E+01
         0.20752E+02          0.60072E+01
         0.20762E+02          0.60049E+01
         0.20772E+02          0.60026E+01
         0.20782E+02          0.60004E+01
         0.20792E+02          0.59981E+01
         0.20802E+02          0.59959E+01
         0.20812E+02          0.59937E+01
         0.20822E+02          0.59916E+01
         0.20832E+02          0.59895E+01
         0.20842E+02          0.59874E+01
         0.20852E+02          0.59853E+01
         0.20862E+02          0.59832E+01
         0.20872E+02          0.59812E+01
         0.20882E+02          0.59792E+01
         0.20892E+02          0.59772E+01
         0.20902E+02          0.59752E+01
         0.20912E+02          0.59733E+01
         0.20922E+02          0.59714E+01
         0.20932E+02          0.59695E+01
         0.20942E+02          0.59677E+01
         0.20952E+02          0.59658E+01
         0.20962E+02          0.59640E+01
         0.20972E+02          0.59622E+01
         0.20982E+02          0.59604E+01
         0.20992E+02          0.59587E+01
         0.21002E+02          0.59570E+01
         0.21012E+02          0.59553E+01
         0.21022E+02          0.59536E+01
         0.21032E+02          0.59519E+01
         0.21042E+02          0.59503E+01
         0.21052E+02          0.59487E+01
         0.21062E+02          0.59471E+01
         0.21072E+02          0.59455E+01
         0.21082E+02          0.59440E+01
         0.21092E+02          0.59425E+01
         0.21102E+02          0.59410E+01
         0.21112E+02          0.59395E+01
         0.21122E+02          0.59380E+01
         0.21132E+02          0.59366E+01
         0.21142E+02          0.59352E+01
         0.21152E+02          0.59338E+01
         0.21162E+02          0.59324E+01
         0.21172E+02          0.59310E+01
         0.21182E+02          0.59297E+01
         0.21192E+02          0.59284E+01
         0.21202E+02          0.59271E+01
         0.21212E+02          0.59258E+01
         0.21222E+02          0.59246E+01
         0.21232E+02          0.59233E+01
         0.21242E+02          0.59221E+01
         0.21252E+02          0.59209E+01
         0.21262E+02          0.59197E+01
         0.21272E+02          0.59186E+01
         0.21282E+02          0.59174E+01
         0.21292E+02          0.59163E+01
         0.21302E+02          0.59152E+01
         0.21312E+02          0.59141E+01
         0.21322E+02          0.59131E+01
         0.21332E+02          0.59120E+01
         0.21342E+02          0.59110E+01
         0.21352E+02          0.59100E+01
         0.21362E+02          0.59090E+01
         0.21372E+02          0.59081E+01
         0.21382E+02          0.59071E+01
         0.21392E+02          0.59062E+01
         0.21402E+02          0.59053E+01
         0.21412E+02          0.59044E+01
         0.21422E+02          0.59035E+01
         0.21432E+02          0.59026E+01
         0.21442E+02          0.59018E+01
         0.21452E+02          0.59009E+01
         0.21462E+02          0.59001E+01
         0.21472E+02          0.58993E+01
         0.21482E+02          0.58986E+01
         0.21492E+02          0.58978E+01
         0.21502E+02          0.58971E+01
         0.21512E+02          0.58963E+01
         0.21522E+02          0.58956E+01
         0.21532E+02          0.58949E+01
         0.21542E+02          0.58942E+01
         0.21552E+02          0.58936E+01
         0.21562E+02          0.58929E+01
         0.21572E+02          0.58923E+01
         0.21582E+02          0.58917E+01
         0.21592E+02          0.58911E+01
         0.21602E+02          0.58905E+01
         0.21612E+02          0.58899E+01
         0.21622E+02          0.58894E+01
         0.21632E+02          0.58888E+01
         0.21642E+02          0.58883E+01
         0.21652E+02          0.58878E+01
         0.21662E+02          0.58873E+01
         0.21672E+02          0.58868E+01
         0.21682E+02          0.58863E+01
         0.21692E+02          0.58859E+01
         0.21702E+02          0.58854E+01
         0.21712E+02          0.58850E+01
         0.21722E+02          0.58846E+01
         0.21732E+02          0.58842E+01
         0.21742E+02          0.58838E+01
         0.21752E+02          0.58834E+01
         0.21762E+02          0.58831E+01
         0.21772E+02          0.58827E+01
         0.21782E+02          0.58824E+01
         0.21792E+02          0.58821E+01
         0.21802E+02          0.58817E+01
         0.21812E+02          0.58814E+01
         0.21822E+02          0.58812E+01
         0.21832E+02          0.58809E+01
         0.21842E+02          0.58806E+01
         0.21852E+02          0.58804E+01
         0.21862E+02          0.58801E+01
         0.21872E+02          0.58799E+01
         0.21882E+02          0.58797E+01
         0.21892E+02          0.58795E+01
         0.21902E+02          0.58793E+01
         0.21912E+02          0.58791E+01
         0.21922E+02          0.58790E+01
         0.21932E+02          0.58788E+01
         0.21942E+02          0.58787E+01
         0.21952E+02          0.58785E+01
         0.21962E+02          0.58784E+01
         0.21972E+02          0.58783E+01
         0.21982E+02          0.58782E+01
         0.21992E+02          0.58781E+01
         0.22002E+02          0.58780E+01
         0.22012E+02          0.58779E+01
         0.22022E+02          0.58779E+01
         0.22032E+02          0.58778E+01
         0.22042E+02          0.58778E+01
         0.22052E+02          0.58778E+01
         0.22062E+02          0.58777E+01
         0.22072E+02          0.58777E+01
         0.22082E+02          0.58777E+01
         0.22092E+02          0.58777E+01
         0.22102E+02          0.58777E+01
         0.22112E+02          0.58777E+01
         0.22122E+02          0.58778E+01
         0.22132E+02          0.58778E+01
         0.22142E+02          0.58778E+01
         0.22152E+02          0.58779E+01
         0.22162E+02          0.58779E+01
         0.22172E+02          0.58780E+01
         0.22182E+02          0.58781E+01
         0.22192E+02          0.58782E+01
         0.22202E+02          0.58783E+01
         0.22212E+02          0.58784E+01
         0.22222E+02          0.58785E+01
         0.22232E+02          0.58786E+01
         0.22242E+02          0.58787E+01
         0.22252E+02          0.58788E+01
         0.22262E+02          0.58789E+01
         0.22272E+02          0.58791E+01
         0.22282E+02          0.58792E+01
         0.22292E+02          0.58793E+01
         0.22302E+02          0.58795E+01
         0.22312E+02          0.58797E+01
         0.22322E+02          0.58798E+01
         0.22332E+02          0.58800E+01
         0.22342E+02          0.58802E+01
         0.22352E+02          0.58803E+01
         0.22362E+02          0.58805E+01
         0.22372E+02          0.58807E+01
         0.22382E+02          0.58809E+01
         0.22392E+02          0.58811E+01
         0.22402E+02          0.58813E+01
         0.22412E+02          0.58815E+01
         0.22422E+02          0.58817E+01
         0.22432E+02          0.58819E+01
         0.22442E+02          0.58821E+01
         0.22452E+02          0.58823E+01
         0.22462E+02          0.58825E+01
         0.22472E+02          0.58827E+01
         0.22482E+02          0.58829E+01
         0.22492E+02          0.58831E+01
         0.22502E+02          0.58834E+01
         0.22512E+02          0.58836E+01
         0.22522E+02          0.58838E+01
         0.22532E+02          0.58840E+01
         0.22542E+02          0.58842E+01
         0.22552E+02          0.58844E+01
         0.22562E+02          0.58847E+01
         0.22572E+02          0.58849E+01
         0.22582E+02          0.58851E+01
         0.22592E+02          0.58853E+01
         0.22602E+02          0.58855E+01
         0.22612E+02          0.58857E+01
         0.22622E+02          0.58860E+01
         0.22632E+02          0.58862E+01
         0.22642E+02          0.58864E+01
         0.22652E+02          0.58866E+01
         0.22662E+02          0.58868E+01
         0.22672E+02          0.58870E+01
         0.22682E+02          0.58871E+01
         0.22692E+02          0.58873E+01
         0.22702E+02          0.58875E+01
         0.22712E+02          0.58877E+01
         0.22722E+02          0.58879E+01
         0.22732E+02          0.58880E+01
         0.22742E+02          0.58882E+01
         0.22752E+02          0.58884E+01
         0.22762E+02          0.58885E+01
         0.22772E+02          0.58887E+01
         0.22782E+02          0.58888E+01
         0.22792E+02          0.58890E+01
         0.22802E+02          0.58891E+01
         0.22812E+02          0.58893E+01
         0.22822E+02          0.58895E+01
         0.22832E+02          0.58896E+01
         0.22842E+02          0.58898E+01
         0.22852E+02          0.58900E+01
         0.22862E+02          0.58902E+01
         0.22872E+02          0.58905E+01
         0.22882E+02          0.58907E+01
         0.22892E+02          0.58911E+01
         0.22902E+02          0.58915E+01
         0.22912E+02          0.58920E+01
         0.22922E+02          0.58925E+01
         0.22932E+02          0.58933E+01
         0.22942E+02          0.58942E+01
         0.22952E+02          0.58953E+01
         0.22962E+02          0.58968E+01
         0.22972E+02          0.58987E+01
         0.22982E+02          0.59010E+01
         0.22992E+02          0.59041E+01
         0.23002E+02          0.59081E+01
         0.23012E+02          0.59134E+01
         0.23022E+02          0.59204E+01
         0.23032E+02          0.59299E+01
         0.23042E+02          0.59427E+01
         0.23052E+02          0.59605E+01
         0.23062E+02          0.59856E+01
         0.23072E+02          0.60218E+01
         0.23082E+02          0.60752E+01
         0.23092E+02          0.61563E+01
         0.23102E+02          0.62830E+01
         0.23112E+02          0.64864E+01
         0.23122E+02          0.68142E+01
         0.23132E+02          0.73140E+01
         0.23142E+02          0.79252E+01
         0.23152E+02          0.83168E+01
         0.23162E+02          0.81912E+01
         0.23172E+02          0.77597E+01
         0.23182E+02          0.73315E+01
         0.23192E+02          0.70063E+01
         0.23202E+02          0.67759E+01
         0.23212E+02          0.66131E+01
         0.23222E+02          0.64958E+01
         0.23232E+02          0.64094E+01
         0.23242E+02          0.63440E+01
         0.23252E+02          0.62934E+01
         0.23262E+02          0.62535E+01
         0.23272E+02          0.62215E+01
         0.23282E+02          0.61954E+01
         0.23292E+02          0.61738E+01
         0.23302E+02          0.61558E+01
         0.23312E+02          0.61406E+01
         0.23322E+02          0.61277E+01
         0.23332E+02          0.61165E+01
         0.23342E+02          0.61069E+01
         0.23352E+02          0.60986E+01
         0.23362E+02          0.60912E+01
         0.23372E+02          0.60848E+01
         0.23382E+02          0.60791E+01
         0.23392E+02          0.60741E+01
         0.23402E+02          0.60696E+01
         0.23412E+02          0.60657E+01
         0.23422E+02          0.60621E+01
         0.23432E+02          0.60589E+01
         0.23442E+02          0.60561E+01
         0.23452E+02          0.60535E+01
         0.23462E+02          0.60512E+01
         0.23472E+02          0.60492E+01
         0.23482E+02          0.60473E+01
         0.23492E+02          0.60457E+01
         0.23502E+02          0.60442E+01
         0.23512E+02          0.60428E+01
         0.23522E+02          0.60416E+01
         0.23532E+02          0.60405E+01
         0.23542E+02          0.60396E+01
         0.23552E+02          0.60387E+01
         0.23562E+02          0.60380E+01
         0.23572E+02          0.60373E+01
         0.23582E+02          0.60367E+01
         0.23592E+02          0.60362E+01
         0.23602E+02          0.60358E+01
         0.23612E+02          0.60354E+01
         0.23622E+02          0.60351E+01
         0.23632E+02          0.60349E+01
         0.23642E+02          0.60347E+01
         0.23652E+02          0.60345E+01
         0.23662E+02          0.60344E+01
         0.23672E+02          0.60343E+01
         0.23682E+02          0.60343E+01
         0.23692E+02          0.60343E+01
         0.23702E+02          0.60344E+01
         0.23712E+02          0.60345E+01
         0.23722E+02          0.60346E+01
         0.23732E+02          0.60347E+01
         0.23742E+02          0.60349E+01
         0.23752E+02          0.60351E+01
         0.23762E+02          0.60354E+01
         0.23772E+02          0.60356E+01
         0.23782E+02          0.60359E+01
         0.23792E+02          0.60362E+01
         0.23802E+02          0.60365E+01
         0.23812E+02          0.60369E+01
         0.23822E+02          0.60372E+01
         0.23832E+02          0.60376E+01
         0.23842E+02          0.60380E+01
         0.23852E+02          0.60384E+01
         0.23862E+02          0.60388E+01
         0.23872E+02          0.60392E+01
         0.23882E+02          0.60396E+01
         0.23892E+02          0.60400E+01
         0.23902E+02          0.60405E+01
         0.23912E+02          0.60409E+01
         0.23922E+02          0.60414E+01
         0.23932E+02          0.60419E+01
         0.23942E+02          0.60424E+01
         0.23952E+02          0.60429E+01
         0.23962E+02          0.60434E+01
         0.23972E+02          0.60439E+01
         0.23982E+02          0.60445E+01
         0.23992E+02          0.60450E+01
         0.24002E+02          0.60456E+01
         0.24012E+02          0.60461E+01
         0.24022E+02          0.60467E+01
         0.24032E+02          0.60473E+01
         0.24042E+02          0.60478E+01
         0.24052E+02          0.60484E+01
         0.24062E+02          0.60490E+01
         0.24072E+02          0.60496E+01
         0.24082E+02          0.60502E+01
         0.24092E+02          0.60508E+01
         0.24102E+02          0.60514E+01
         0.24112E+02          0.60520E+01
         0.24122E+02          0.60526E+01
         0.24132E+02          0.60533E+01
         0.24142E+02          0.60539E+01
         0.24152E+02          0.60545E+01
         0.24162E+02          0.60551E+01
         0.24172E+02          0.60558E+01
         0.24182E+02          0.60564E+01
         0.24192E+02          0.60570E+01
         0.24202E+02          0.60577E+01
         0.24212E+02          0.60583E+01
         0.24222E+02          0.60590E+01
         0.24232E+02          0.60596E+01
         0.24242E+02          0.60602E+01
         0.24252E+02          0.60609E+01
         0.24262E+02          0.60615E+01
         0.24272E+02          0.60622E+01
         0.24282E+02          0.60629E+01
         0.24292E+02          0.60635E+01
         0.24302E+02          0.60642E+01
         0.24312E+02          0.60648E+01
         0.24322E+02          0.60655E+01
         0.24332E+02          0.60661E+01
         0.24342E+02          0.60668E+01
         0.24352E+02          0.60675E+01
         0.24362E+02          0.60681E+01
         0.24372E+02          0.60688E+01
         0.24382E+02          0.60695E+01
         0.24392E+02          0.60701E+01
         0.24402E+02          0.60708E+01
         0.24412E+02          0.60715E+01
         0.24422E+02          0.60721E+01
         0.24432E+02          0.60728E+01
         0.24442E+02          0.60734E+01
         0.24452E+02          0.60741E+01
         0.24462E+02          0.60748E+01
         0.24472E+02          0.60754E+01
         0.24482E+02          0.60761E+01
         0.24492E+02          0.60768E+01
         0.24502E+02          0.60774E+01
         0.24512E+02          0.60781E+01
         0.24522E+02          0.60788E+01
         0.24532E+02          0.60794E+01
         0.24542E+02          0.60801E+01
         0.24552E+02          0.60808E+01
         0.24562E+02          0.60814E+01
         0.24572E+02          0.60821E+01
         0.24582E+02          0.60827E+01
         0.24592E+02          0.60834E+01
         0.24602E+02          0.60841E+01
         0.24612E+02          0.60847E+01
         0.24622E+02          0.60854E+01
         0.24632E+02          0.60860E+01
         0.24642E+02          0.60867E+01
         0.24652E+02          0.60874E+01
         0.24662E+02          0.60880E+01
         0.24672E+02          0.60887E+01
         0.24682E+02          0.60893E+01
         0.24692E+02          0.60900E+01
         0.24702E+02          0.60907E+01
         0.24712E+02          0.60913E+01
         0.24722E+02          0.60920E+01
         0.24732E+02          0.60926E+01
         0.24742E+02          0.60933E+01
         0.24752E+02          0.60939E+01
         0.24762E+02          0.60946E+01
         0.24772E+02          0.60953E+01
         0.24782E+02          0.60959E+01
         0.24792E+02          0.60966E+01
         0.24802E+02          0.60972E+01
         0.24812E+02          0.60979E+01
         0.24822E+02          0.60986E+01
         0.24832E+02          0.60992E+01
         0.24842E+02          0.60999E+01
         0.24852E+02          0.61006E+01
         0.24862E+02          0.61012E+01
         0.24872E+02          0.61019E+01
         0.24882E+02          0.61026E+01
         0.24892E+02          0.61033E+01
         0.24902E+02          0.61040E+01
         0.24912E+02          0.61047E+01
         0.24922E+02          0.61054E+01
         0.24932E+02          0.61061E+01
         0.24942E+02          0.61068E+01
         0.24952E+02          0.61076E+01
         0.24962E+02          0.61083E+01
         0.24972E+02          0.61091E+01
         0.24982E+02          0.61098E+01
         0.24992E+02          0.61106E+01
         0.25002E+02          0.61114E+01
         0.25012E+02          0.61123E+01
         0.25022E+02          0.61131E+01
         0.25032E+02          0.61140E+01
         0.25042E+02          0.61149E+01
         0.25052E+02          0.61159E+01
         0.25062E+02          0.61169E+01
         0.25072E+02          0.61179E+01
         0.25082E+02          0.61190E+01
         0.25092E+02          0.61202E+01
         0.25102E+02          0.61215E+01
         0.25112E+02          0.61228E+01
         0.25122E+02          0.61243E+01
         0.25132E+02          0.61259E+01
         0.25142E+02          0.61276E+01
         0.25152E+02          0.61295E+01
         0.25162E+02          0.61317E+01
         0.25172E+02          0.61342E+01
         0.25182E+02          0.61370E+01
         0.25192E+02          0.61402E+01
         0.25202E+02          0.61440E+01
         0.25212E+02          0.61485E+01
         0.25222E+02          0.61540E+01
         0.25232E+02          0.61607E+01
         0.25242E+02          0.61692E+01
         0.25252E+02          0.61801E+01
         0.25262E+02          0.61947E+01
         0.25272E+02          0.62149E+01
         0.25282E+02          0.62440E+01
         0.25292E+02          0.62885E+01
         0.25302E+02          0.63618E+01
         0.25312E+02          0.64936E+01
         0.25322E+02          0.67517E+01
         0.25332E+02          0.72156E+01
         0.25342E+02          0.73977E+01
         0.25352E+02          0.68176E+01
         0.25362E+02          0.64134E+01
         0.25372E+02          0.62425E+01
         0.25382E+02          0.61672E+01
         0.25392E+02          0.61309E+01
         0.25402E+02          0.61124E+01
         0.25412E+02          0.61035E+01
         0.25422E+02          0.61009E+01
         0.25432E+02          0.61041E+01
         0.25442E+02          0.61145E+01
         0.25452E+02          0.61361E+01
         0.25462E+02          0.61783E+01
         0.25472E+02          0.62606E+01
         0.25482E+02          0.64215E+01
         0.25492E+02          0.67040E+01
         0.25502E+02          0.70128E+01
         0.25512E+02          0.70514E+01
         0.25522E+02          0.68597E+01
         0.25532E+02          0.66648E+01
         0.25542E+02          0.65277E+01
         0.25552E+02          0.64366E+01
         0.25562E+02          0.63750E+01
         0.25572E+02          0.63320E+01
         0.25582E+02          0.63007E+01
         0.25592E+02          0.62774E+01
         0.25602E+02          0.62595E+01
         0.25612E+02          0.62454E+01
         0.25622E+02          0.62341E+01
         0.25632E+02          0.62250E+01
         0.25642E+02          0.62174E+01
         0.25652E+02          0.62111E+01
         0.25662E+02          0.62058E+01
         0.25672E+02          0.62012E+01
         0.25682E+02          0.61973E+01
         0.25692E+02          0.61939E+01
         0.25702E+02          0.61910E+01
         0.25712E+02          0.61884E+01
         0.25722E+02          0.61861E+01
         0.25732E+02          0.61841E+01
         0.25742E+02          0.61824E+01
         0.25752E+02          0.61808E+01
         0.25762E+02          0.61794E+01
         0.25772E+02          0.61781E+01
         0.25782E+02          0.61770E+01
         0.25792E+02          0.61760E+01
         0.25802E+02          0.61750E+01
         0.25812E+02          0.61742E+01
         0.25822E+02          0.61734E+01
         0.25832E+02          0.61728E+01
         0.25842E+02          0.61721E+01
         0.25852E+02          0.61716E+01
         0.25862E+02          0.61710E+01
         0.25872E+02          0.61706E+01
         0.25882E+02          0.61701E+01
         0.25892E+02          0.61697E+01
         0.25902E+02          0.61694E+01
         0.25912E+02          0.61690E+01
         0.25922E+02          0.61687E+01
         0.25932E+02          0.61684E+01
         0.25942E+02          0.61682E+01
         0.25952E+02          0.61679E+01
         0.25962E+02          0.61677E+01
         0.25972E+02          0.61675E+01
         0.25982E+02          0.61673E+01
         0.25992E+02          0.61671E+01
         0.26002E+02          0.61670E+01
         0.26012E+02          0.61668E+01
         0.26022E+02          0.61666E+01
         0.26032E+02          0.61665E+01
         0.26042E+02          0.61664E+01
         0.26052E+02          0.61662E+01
         0.26062E+02          0.61661E+01
         0.26072E+02          0.61660E+01
         0.26082E+02          0.61659E+01
         0.26092E+02          0.61658E+01
         0.26102E+02          0.61657E+01
         0.26112E+02          0.61656E+01
         0.26122E+02          0.61655E+01
         0.26132E+02          0.61654E+01
         0.26142E+02          0.61653E+01
         0.26152E+02          0.61652E+01
         0.26162E+02          0.61651E+01
         0.26172E+02          0.61650E+01
         0.26182E+02          0.61649E+01
         0.26192E+02          0.61648E+01
         0.26202E+02          0.61647E+01
         0.26212E+02          0.61646E+01
         0.26222E+02          0.61645E+01
         0.26232E+02          0.61644E+01
         0.26242E+02          0.61643E+01
         0.26252E+02          0.61642E+01
         0.26262E+02          0.61640E+01
         0.26272E+02          0.61639E+01
         0.26282E+02          0.61638E+01
         0.26292E+02          0.61637E+01
         0.26302E+02          0.61635E+01
         0.26312E+02          0.61634E+01
         0.26322E+02          0.61633E+01
         0.26332E+02          0.61631E+01
         0.26342E+02          0.61630E+01
         0.26352E+02          0.61628E+01
         0.26362E+02          0.61626E+01
         0.26372E+02          0.61625E+01
         0.26382E+02          0.61623E+01
         0.26392E+02          0.61621E+01
         0.26402E+02          0.61619E+01
         0.26412E+02          0.61617E+01
         0.26422E+02          0.61616E+01
         0.26432E+02          0.61614E+01
         0.26442E+02          0.61611E+01
         0.26452E+02          0.61609E+01
         0.26462E+02          0.61607E+01
         0.26472E+02          0.61605E+01
         0.26482E+02          0.61603E+01
         0.26492E+02          0.61602E+01
         0.26502E+02          0.61600E+01
         0.26512E+02          0.61598E+01
         0.26522E+02          0.61595E+01
         0.26532E+02          0.61589E+01
         0.26542E+02          0.61584E+01
         0.26552E+02          0.61579E+01
         0.26562E+02          0.61575E+01
         0.26572E+02          0.61571E+01
         0.26582E+02          0.61567E+01
         0.26592E+02          0.61563E+01
         0.26602E+02          0.61560E+01
         0.26612E+02          0.61555E+01
         0.26622E+02          0.61551E+01
         0.26632E+02          0.61547E+01
         0.26642E+02          0.61543E+01
         0.26652E+02          0.61538E+01
         0.26662E+02          0.61533E+01
         0.26672E+02          0.61528E+01
         0.26682E+02          0.61523E+01
         0.26692E+02          0.61518E+01
         0.26702E+02          0.61513E+01
         0.26712E+02          0.61507E+01
         0.26722E+02          0.61501E+01
         0.26732E+02          0.61495E+01
         0.26742E+02          0.61489E+01
         0.26752E+02          0.61483E+01
         0.26762E+02          0.61476E+01
         0.26772E+02          0.61469E+01
         0.26782E+02          0.61462E+01
         0.26792E+02          0.61455E+01
         0.26802E+02          0.61447E+01
         0.26812E+02          0.61439E+01
         0.26822E+02          0.61431E+01
         0.26832E+02          0.61423E+01
         0.26842E+02          0.61414E+01
         0.26852E+02          0.61405E+01
         0.26862E+02          0.61396E+01
         0.26872E+02          0.61386E+01
         0.26882E+02          0.61376E+01
         0.26892E+02          0.61366E+01
         0.26902E+02          0.61355E+01
         0.26912E+02          0.61344E+01
         0.26922E+02          0.61333E+01
         0.26932E+02          0.61321E+01
         0.26942E+02          0.61309E+01
         0.26952E+02          0.61296E+01
         0.26962E+02          0.61282E+01
         0.26972E+02          0.61268E+01
         0.26982E+02          0.61254E+01
         0.26992E+02          0.61238E+01
         0.27002E+02          0.61222E+01
         0.27012E+02          0.61206E+01
         0.27022E+02          0.61188E+01
         0.27032E+02          0.61170E+01
         0.27042E+02          0.61151E+01
         0.27052E+02          0.61130E+01
         0.27062E+02          0.61109E+01
         0.27072E+02          0.61086E+01
         0.27082E+02          0.61062E+01
         0.27092E+02          0.61037E+01
         0.27102E+02          0.61009E+01
         0.27112E+02          0.60980E+01
         0.27122E+02          0.60948E+01
         0.27132E+02          0.60913E+01
         0.27142E+02          0.60874E+01
         0.27152E+02          0.60831E+01
         0.27162E+02          0.60781E+01
         0.27172E+02          0.60722E+01
         0.27182E+02          0.60649E+01
         0.27192E+02          0.60553E+01
         0.27202E+02          0.60413E+01
         0.27212E+02          0.60175E+01
         0.27222E+02          0.59681E+01
         0.27232E+02          0.58347E+01
         0.27242E+02          0.55582E+01
         0.27252E+02          0.57150E+01
         0.27262E+02          0.58868E+01
         0.27272E+02          0.59404E+01
         0.27282E+02          0.59539E+01
         0.27292E+02          0.59511E+01
         0.27302E+02          0.59385E+01
         0.27312E+02          0.59174E+01
         0.27322E+02          0.58859E+01
         0.27332E+02          0.58389E+01
         0.27342E+02          0.57645E+01
         0.27352E+02          0.56332E+01
         0.27362E+02          0.53513E+01
         0.27372E+02          0.45264E+01
         0.27382E+02          0.46941E+01
         0.27392E+02          0.64471E+01
         0.27402E+02          0.64284E+01
         0.27412E+02          0.60407E+01
         0.27422E+02          0.61106E+01
         0.27432E+02          0.61277E+01
         0.27442E+02          0.61186E+01
         0.27452E+02          0.61038E+01
         0.27462E+02          0.60975E+01
         0.27472E+02          0.61017E+01
         0.27482E+02          0.60327E+01
         0.27492E+02          0.59992E+01
         0.27502E+02          0.59628E+01
         0.27512E+02          0.59178E+01
         0.27522E+02          0.58584E+01
         0.27532E+02          0.57736E+01
         0.27542E+02          0.56398E+01
         0.27552E+02          0.53935E+01
         0.27562E+02          0.48347E+01
         0.27572E+02          0.10525E+02
         0.27582E+02          0.79724E+01
         0.27592E+02          0.70538E+01
         0.27602E+02          0.67458E+01
         0.27612E+02          0.65914E+01
         0.27622E+02          0.64979E+01
         0.27632E+02          0.64345E+01
         0.27642E+02          0.63882E+01
         0.27652E+02          0.63524E+01
         0.27662E+02          0.63236E+01
         0.27672E+02          0.62996E+01
         0.27682E+02          0.62791E+01
         0.27692E+02          0.62612E+01
         0.27702E+02          0.62453E+01
         0.27712E+02          0.62313E+01
         0.27722E+02          0.62198E+01
         0.27732E+02          0.62139E+01
         0.27742E+02          0.62386E+01
         0.27752E+02          0.72031E+01
         0.27762E+02          0.62313E+01
         0.27772E+02          0.61581E+01
         0.27782E+02          0.61320E+01
         0.27792E+02          0.61115E+01
         0.27802E+02          0.60919E+01
         0.27812E+02          0.60737E+01
         0.27822E+02          0.60651E+01
         0.27832E+02          0.61180E+01
         0.27842E+02          0.68229E+01
         0.27852E+02          0.60956E+01
         0.27862E+02          0.48804E+01
         0.27872E+02          0.65028E+01
         0.27882E+02          0.71337E+01
         0.27892E+02          0.67217E+01
         0.27902E+02          0.65487E+01
         0.27912E+02          0.64543E+01
         0.27922E+02          0.63942E+01
         0.27932E+02          0.63520E+01
         0.27942E+02          0.63202E+01
         0.27952E+02          0.62949E+01
         0.27962E+02          0.62739E+01
         0.27972E+02          0.62559E+01
         0.27982E+02          0.62400E+01
         0.27992E+02          0.62255E+01
         0.28002E+02          0.62120E+01
         0.28012E+02          0.61992E+01
         0.28022E+02          0.61866E+01
         0.28032E+02          0.61740E+01
         0.28042E+02          0.61612E+01
         0.28052E+02          0.61476E+01
         0.28062E+02          0.61328E+01
         0.28072E+02          0.61160E+01
         0.28082E+02          0.60958E+01
         0.28092E+02          0.60694E+01
         0.28102E+02          0.60290E+01
         0.28112E+02          0.59421E+01
         0.28122E+02          0.53038E+01
         0.28132E+02          0.62101E+01
         0.28142E+02          0.60790E+01
         0.28152E+02          0.59763E+01
         0.28162E+02          0.58216E+01
         0.28172E+02          0.98269E+01
         0.28182E+02          0.66365E+01
         0.28192E+02          0.63093E+01
         0.28202E+02          0.60826E+01
         0.28212E+02          0.65497E+01
         0.28222E+02          0.62526E+01
         0.28232E+02          0.66786E+01
         0.28242E+02          0.63182E+01
         0.28252E+02          0.62616E+01
         0.28262E+02          0.62298E+01
         0.28272E+02          0.62068E+01
         0.28282E+02          0.61883E+01
         0.28292E+02          0.61724E+01
         0.28302E+02          0.61581E+01
         0.28312E+02          0.61447E+01
         0.28322E+02          0.61321E+01
         0.28332E+02          0.61198E+01
         0.28342E+02          0.61077E+01
         0.28352E+02          0.60955E+01
         0.28362E+02          0.60832E+01
         0.28372E+02          0.60706E+01
         0.28382E+02          0.60575E+01
         0.28392E+02          0.60441E+01
         0.28402E+02          0.60306E+01
         0.28412E+02          0.60188E+01
         0.28422E+02          0.60189E+01
         0.28432E+02          0.63263E+01
         0.28442E+02          0.57873E+01
         0.28452E+02          0.55252E+01
         0.28462E+02          0.59265E+01
         0.28472E+02          0.58273E+01
         0.28482E+02          0.56820E+01
         0.28492E+02          0.59811E+01
         0.28502E+02          0.67407E+01
         0.28512E+02          0.60609E+01
         0.28522E+02          0.58016E+01
         0.28532E+02          0.51689E+01
         0.28542E+02          0.70237E+01
         0.28552E+02          0.63362E+01
         0.28562E+02          0.61608E+01
         0.28572E+02          0.60626E+01
         0.28582E+02          0.59870E+01
         0.28592E+02          0.59167E+01
         0.28602E+02          0.58414E+01
         0.28612E+02          0.57502E+01
         0.28622E+02          0.56152E+01
         0.28632E+02          0.54082E+01
         0.28642E+02          0.60629E+01
         0.28652E+02          0.93703E+01
         0.28662E+02          0.70755E+01
         0.28672E+02          0.63628E+01
         0.28682E+02          0.60535E+01
         0.28692E+02          0.58291E+01
         0.28702E+02          0.57094E+01
         0.28712E+02          0.64074E+01
         0.28722E+02          0.78203E+01
         0.28732E+02          0.70618E+01
         0.28742E+02          0.68167E+01
         0.28752E+02          0.69786E+01
         0.28762E+02          0.64370E+01
         0.28772E+02          0.61605E+01
         0.28782E+02          0.63377E+01
         0.28792E+02          0.83379E+01
         0.28802E+02          0.70460E+01
         0.28812E+02          0.66418E+01
         0.28822E+02          0.65011E+01
         0.28832E+02          0.62854E+01
         0.28842E+02          0.60453E+01
         0.28852E+02          0.58707E+01
         0.28862E+02          0.69088E+01
         0.28872E+02          0.60303E+01
         0.28882E+02          0.78724E+01
         0.28892E+02          0.67827E+01
         0.28902E+02          0.76992E+01
         0.28912E+02          0.66727E+01
         0.28922E+02          0.72614E+01
         0.28932E+02          0.66753E+01
         0.28942E+02          0.66824E+01
         0.28952E+02          0.66932E+01
         0.28962E+02          0.66334E+01
         0.28972E+02          0.65271E+01
         0.28982E+02          0.67777E+01
         0.28992E+02          0.64762E+01
         0.29002E+02          0.64427E+01
         0.29012E+02          0.64535E+01
         0.29022E+02          0.64276E+01
         0.29032E+02          0.63585E+01
         0.29042E+02          0.62688E+01
         0.29052E+02          0.61094E+01
         0.29062E+02          0.62541E+01
         0.29072E+02          0.62796E+01
         0.29082E+02          0.63225E+01
         0.29092E+02          0.58860E+01
         0.29102E+02          0.60530E+01
         0.29112E+02          0.60765E+01
         0.29122E+02          0.60349E+01
         0.29132E+02          0.59630E+01
         0.29142E+02          0.57905E+01
         0.29152E+02          0.75387E+01
         0.29162E+02          0.61380E+01
         0.29172E+02          0.55918E+01
         0.29182E+02          0.64704E+01
         0.29192E+02          0.64131E+01
         0.29202E+02          0.63512E+01
         0.29212E+02          0.63193E+01
         0.29222E+02          0.63714E+01
         0.29232E+02          0.55120E+01
         0.29242E+02          0.61478E+01
         0.29252E+02          0.61306E+01
         0.29262E+02          0.60873E+01
         0.29272E+02          0.63932E+01
         0.29282E+02          0.61481E+01
         0.29292E+02          0.61073E+01
         0.29302E+02          0.60788E+01
         0.29312E+02          0.60526E+01
         0.29322E+02          0.60258E+01
         0.29332E+02          0.59969E+01
         0.29342E+02          0.59638E+01
         0.29352E+02          0.59216E+01
         0.29362E+02          0.58751E+01
         0.29372E+02          0.60081E+01
         0.29382E+02          0.58920E+01
         0.29392E+02          0.58348E+01
         0.29402E+02          0.57987E+01
         0.29412E+02          0.54475E+01
         0.29422E+02          0.57661E+01
         0.29432E+02          0.79563E+01
         0.29442E+02          0.64570E+01
         0.29452E+02          0.59987E+01
         0.29462E+02          0.61360E+01
         0.29472E+02          0.64556E+01
         0.29482E+02          0.60528E+01
         0.29492E+02          0.62230E+01
         0.29502E+02          0.65083E+01
         0.29512E+02          0.63324E+01
         0.29522E+02          0.56905E+01
         0.29532E+02          0.65396E+01
         0.29542E+02          0.65367E+01
         0.29552E+02          0.65901E+01
         0.29562E+02          0.64306E+01
         0.29572E+02          0.66470E+01
         0.29582E+02          0.64596E+01
         0.29592E+02          0.65189E+01
         0.29602E+02          0.62956E+01
         0.29612E+02          0.63084E+01
         0.29622E+02          0.62864E+01
         0.29632E+02          0.60144E+01
         0.29642E+02          0.63329E+01
         0.29652E+02          0.62915E+01
         0.29662E+02          0.61438E+01
         0.29672E+02          0.64992E+01
         0.29682E+02          0.56899E+01
         0.29692E+02          0.66022E+01
         0.29702E+02          0.63238E+01
         0.29712E+02          0.50924E+01
         0.29722E+02          0.62085E+01
         0.29732E+02          0.62338E+01
         0.29742E+02          0.62663E+01
         0.29752E+02          0.61639E+01
         0.29762E+02          0.61568E+01
         0.29772E+02          0.61343E+01
         0.29782E+02          0.61120E+01
         0.29792E+02          0.60804E+01
         0.29802E+02          0.60585E+01
         0.29812E+02          0.59356E+01
         0.29822E+02          0.58531E+01
         0.29832E+02          0.60192E+01
         0.29842E+02          0.59450E+01
         0.29852E+02          0.64346E+01
         0.29862E+02          0.63328E+01
         0.29872E+02          0.61146E+01
         0.29882E+02          0.63406E+01
         0.29892E+02          0.64345E+01
         0.29902E+02          0.61985E+01
         0.29912E+02          0.63627E+01
         0.29922E+02          0.62829E+01
         0.29932E+02          0.63235E+01
         0.29942E+02          0.62102E+01
         0.29952E+02          0.61657E+01
         0.29962E+02          0.61782E+01
         0.29972E+02          0.61712E+01
         0.29982E+02          0.61488E+01
         0.29992E+02          0.61156E+01
         0.30002E+02          0.61151E+01
         0.30012E+02          0.60798E+01
         0.30022E+02          0.55736E+01
         0.30032E+02          0.60315E+01
         0.30042E+02          0.64170E+01
         0.30052E+02          0.61434E+01
         0.30062E+02          0.60734E+01
         0.30072E+02          0.60250E+01
         0.30082E+02          0.59784E+01
         0.30092E+02          0.59252E+01
         0.30102E+02          0.58690E+01
         0.30112E+02          0.57778E+01
         0.30122E+02          0.55168E+01
         0.30132E+02          0.58777E+01
         0.30142E+02          0.59064E+01
         0.30152E+02          0.62139E+01
         0.30162E+02          0.64035E+01
         0.30172E+02          0.63388E+01
         0.30182E+02          0.64398E+01
         0.30192E+02          0.61384E+01
         0.30202E+02          0.60818E+01
         0.30212E+02          0.59610E+01
         0.30222E+02          0.61155E+01
         0.30232E+02          0.58149E+01
         0.30242E+02          0.57698E+01
         0.30252E+02          0.61266E+01
         0.30262E+02          0.63670E+01
         0.30272E+02          0.63448E+01
         0.30282E+02          0.62526E+01
         0.30292E+02          0.61071E+01
         0.30302E+02          0.60413E+01
         0.30312E+02          0.58645E+01
         0.30322E+02          0.58546E+01
         0.30332E+02          0.63098E+01
         0.30342E+02          0.63232E+01
         0.30352E+02          0.62262E+01
         0.30362E+02          0.60466E+01
         0.30372E+02          0.57838E+01
         0.30382E+02          0.62891E+01
         0.30392E+02          0.62572E+01
         0.30402E+02          0.60595E+01
         0.30412E+02          0.57918E+01
         0.30422E+02          0.62932E+01
         0.30432E+02          0.58463E+01
         0.30442E+02          0.59403E+01
         0.30452E+02          0.62151E+01
         0.30462E+02          0.58030E+01
         0.30472E+02          0.61816E+01
         0.30482E+02          0.62770E+01
         0.30492E+02          0.59733E+01
         0.30502E+02          0.58919E+01
         0.30512E+02          0.62573E+01
         0.30522E+02          0.59734E+01
         0.30532E+02          0.61502E+01
         0.30542E+02          0.59413E+01
         0.30552E+02          0.60348E+01
         0.30562E+02          0.59800E+01
         0.30572E+02          0.60801E+01
         0.30582E+02          0.60773E+01
         0.30592E+02          0.60709E+01
         0.30602E+02          0.60577E+01
         0.30612E+02          0.60324E+01
         0.30622E+02          0.59899E+01
         0.30632E+02          0.59338E+01
         0.30642E+02          0.58873E+01
         0.30652E+02          0.58725E+01
         0.30662E+02          0.58835E+01
         0.30672E+02          0.59039E+01
         0.30682E+02          0.59241E+01
         0.30692E+02          0.59415E+01
         0.30702E+02          0.59646E+01
         0.30712E+02          0.59637E+01
         0.30722E+02          0.59721E+01
         0.30732E+02          0.59786E+01
         0.30742E+02          0.59838E+01
         0.30752E+02          0.59879E+01
         0.30762E+02          0.59913E+01
         0.30772E+02          0.59953E+01
         0.30782E+02          0.59963E+01
         0.30792E+02          0.59980E+01
         0.30802E+02          0.59995E+01
         0.30812E+02          0.60009E+01
         0.30822E+02          0.60026E+01
         0.30832E+02          0.60059E+01
         0.30842E+02          0.60140E+01
         0.30852E+02          0.60348E+01
         0.30862E+02          0.60639E+01
         0.30872E+02          0.60086E+01
         0.30882E+02          0.60761E+01
         0.30892E+02          0.60692E+01
         0.30902E+02          0.60057E+01
         0.30912E+02          0.59378E+01
         0.30922E+02          0.58833E+01
         0.30932E+02          0.58066E+01
         0.30942E+02          0.58227E+01
         0.30952E+02          0.59878E+01
         0.30962E+02          0.60243E+01
         0.30972E+02          0.61090E+01
         0.30982E+02          0.60376E+01
         0.30992E+02          0.60327E+01
         0.31002E+02          0.60297E+01
         0.31012E+02          0.60274E+01
         0.31022E+02          0.60255E+01
         0.31032E+02          0.60231E+01
         0.31042E+02          0.60209E+01
         0.31052E+02          0.60116E+01
         0.31062E+02          0.59702E+01
         0.31072E+02          0.58194E+01
         0.31082E+02          0.58910E+01
         0.31092E+02          0.59564E+01
         0.31102E+02          0.59789E+01
         0.31112E+02          0.59859E+01
         0.31122E+02          0.59953E+01
         0.31132E+02          0.59990E+01
         0.31142E+02          0.60011E+01
         0.31152E+02          0.59939E+01
         0.31162E+02          0.58611E+01
         0.31172E+02          0.58990E+01
         0.31182E+02          0.59590E+01
         0.31192E+02          0.59764E+01
         0.31202E+02          0.59853E+01
         0.31212E+02          0.59890E+01
         0.31222E+02          0.59007E+01
         0.31232E+02          0.59181E+01
         0.31242E+02          0.59642E+01
         0.31252E+02          0.59779E+01
         0.31262E+02          0.59655E+01
         0.31272E+02          0.59162E+01
         0.31282E+02          0.59653E+01
         0.31292E+02          0.59720E+01
         0.31302E+02          0.59303E+01
         0.31312E+02          0.59695E+01
         0.31322E+02          0.59081E+01
         0.31332E+02          0.59683E+01
         0.31342E+02          0.59509E+01
         0.31352E+02          0.59239E+01
         0.31362E+02          0.59188E+01
         0.31372E+02          0.59484E+01
         0.31382E+02          0.58432E+01
         0.31392E+02          0.59373E+01
         0.31402E+02          0.59427E+01
         0.31412E+02          0.59187E+01
         0.31422E+02          0.58746E+01
         0.31432E+02          0.59091E+01
         0.31442E+02          0.59075E+01
         0.31452E+02          0.59060E+01
         0.31462E+02          0.59044E+01
         0.31472E+02          0.59028E+01
         0.31482E+02          0.59013E+01
         0.31492E+02          0.58997E+01
         0.31502E+02          0.58981E+01
         0.31512E+02          0.58965E+01
         0.31522E+02          0.58950E+01
         0.31532E+02          0.58934E+01
         0.31542E+02          0.58918E+01
         0.31552E+02          0.58902E+01
         0.31562E+02          0.58887E+01
         0.31572E+02          0.58871E+01
         0.31582E+02          0.58855E+01
         0.31592E+02          0.58839E+01
         0.31602E+02          0.58823E+01
         0.31612E+02          0.58807E+01
         0.31622E+02          0.58791E+01
         0.31632E+02          0.58775E+01
         0.31642E+02          0.58759E+01
         0.31652E+02          0.58743E+01
         0.31662E+02          0.58727E+01
         0.31672E+02          0.58711E+01
         0.31682E+02          0.58695E+01
         0.31692E+02          0.58679E+01
         0.31702E+02          0.58663E+01
         0.31712E+02          0.58647E+01
         0.31722E+02          0.58631E+01
         0.31732E+02          0.58614E+01
         0.31742E+02          0.58598E+01
         0.31752E+02          0.58582E+01
         0.31762E+02          0.58565E+01
         0.31772E+02          0.58549E+01
         0.31782E+02          0.58533E+01
         0.31792E+02          0.58516E+01
         0.31802E+02          0.58500E+01
         0.31812E+02          0.58483E+01
         0.31822E+02          0.58466E+01
         0.31832E+02          0.58450E+01
         0.31842E+02          0.58433E+01
         0.31852E+02          0.58416E+01
         0.31862E+02          0.58399E+01
         0.31872E+02          0.58382E+01
         0.31882E+02          0.58365E+01
         0.31892E+02          0.58348E+01
         0.31902E+02          0.58330E+01
         0.31912E+02          0.58313E+01
         0.31922E+02          0.58295E+01
         0.31932E+02          0.58278E+01
         0.31942E+02          0.58260E+01
         0.31952E+02          0.58241E+01
         0.31962E+02          0.58223E+01
         0.31972E+02          0.58204E+01
         0.31982E+02          0.58185E+01
         0.31992E+02          0.58166E+01
         0.32002E+02          0.58146E+01
         0.32012E+02          0.58125E+01
         0.32022E+02          0.58104E+01
         0.32032E+02          0.58081E+01
         0.32042E+02          0.58058E+01
         0.32052E+02          0.58033E+01
         0.32062E+02          0.58005E+01
         0.32072E+02          0.57975E+01
         0.32082E+02          0.57939E+01
         0.32092E+02          0.57891E+01
         0.32102E+02          0.57832E+01
         0.32112E+02          0.57772E+01
         0.32122E+02          0.57970E+01
         0.32132E+02          0.57946E+01
         0.32142E+02          0.57678E+01
         0.32152E+02          0.57780E+01
         0.32162E+02          0.58496E+01
         0.32172E+02          0.58281E+01
         0.32182E+02          0.58163E+01
         0.32192E+02          0.58091E+01
         0.32202E+02          0.58040E+01
         0.32212E+02          0.57999E+01
         0.32222E+02          0.57965E+01
         0.32232E+02          0.57936E+01
         0.32242E+02          0.57909E+01
         0.32252E+02          0.57884E+01
         0.32262E+02          0.57861E+01
         0.32272E+02          0.57838E+01
         0.32282E+02          0.57817E+01
         0.32292E+02          0.57796E+01
         0.32302E+02          0.57776E+01
         0.32312E+02          0.57756E+01
         0.32322E+02          0.57737E+01
         0.32332E+02          0.57718E+01
         0.32342E+02          0.57699E+01
         0.32352E+02          0.57680E+01
         0.32362E+02          0.57661E+01
         0.32372E+02          0.57643E+01
         0.32382E+02          0.57624E+01
         0.32392E+02          0.57606E+01
         0.32402E+02          0.57588E+01
         0.32412E+02          0.57570E+01
         0.32422E+02          0.57551E+01
         0.32432E+02          0.57533E+01
         0.32442E+02          0.57514E+01
         0.32452E+02          0.57496E+01
         0.32462E+02          0.57476E+01
         0.32472E+02          0.57452E+01
         0.32482E+02          0.57452E+01
         0.32492E+02          0.57427E+01
         0.32502E+02          0.57406E+01
         0.32512E+02          0.57386E+01
         0.32522E+02          0.57365E+01
         0.32532E+02          0.57345E+01
         0.32542E+02          0.57323E+01
         0.32552E+02          0.57300E+01
         0.32562E+02          0.57275E+01
         0.32572E+02          0.57247E+01
         0.32582E+02          0.57214E+01
         0.32592E+02          0.57172E+01
         0.32602E+02          0.57104E+01
         0.32612E+02          0.57055E+01
         0.32622E+02          0.57072E+01
         0.32632E+02          0.57750E+01
         0.32642E+02          0.57494E+01
         0.32652E+02          0.57352E+01
         0.32662E+02          0.57286E+01
         0.32672E+02          0.57242E+01
         0.32682E+02          0.57208E+01
         0.32692E+02          0.57179E+01
         0.32702E+02          0.57154E+01
         0.32712E+02          0.57130E+01
         0.32722E+02          0.57108E+01
         0.32732E+02          0.57086E+01
         0.32742E+02          0.57065E+01
         0.32752E+02          0.57044E+01
         0.32762E+02          0.57023E+01
         0.32772E+02          0.57001E+01
         0.32782E+02          0.56972E+01
         0.32792E+02          0.56966E+01
         0.32802E+02          0.56940E+01
         0.32812E+02          0.56915E+01
         0.32822E+02          0.56888E+01
         0.32832E+02          0.56854E+01
         0.32842E+02          0.56807E+01
         0.32852E+02          0.56705E+01
         0.32862E+02          0.56623E+01
         0.32872E+02          0.57155E+01
         0.32882E+02          0.56957E+01
         0.32892E+02          0.56893E+01
         0.32902E+02          0.56853E+01
         0.32912E+02          0.56823E+01
         0.32922E+02          0.56796E+01
         0.32932E+02          0.56771E+01
         0.32942E+02          0.56745E+01
         0.32952E+02          0.56735E+01
         0.32962E+02          0.56697E+01
         0.32972E+02          0.56663E+01
         0.32982E+02          0.56615E+01
         0.32992E+02          0.56481E+01
         0.33002E+02          0.57082E+01
         0.33012E+02          0.56732E+01
         0.33022E+02          0.56670E+01
         0.33032E+02          0.56632E+01
         0.33042E+02          0.56601E+01
         0.33052E+02          0.56586E+01
         0.33062E+02          0.56537E+01
         0.33072E+02          0.56475E+01
         0.33082E+02          0.56000E+01
         0.33092E+02          0.56598E+01
         0.33102E+02          0.56532E+01
         0.33112E+02          0.56492E+01
         0.33122E+02          0.56454E+01
         0.33132E+02          0.56364E+01
         0.33142E+02          0.56570E+01
         0.33152E+02          0.56454E+01
         0.33162E+02          0.56418E+01
         0.33172E+02          0.56311E+01
         0.33182E+02          0.56448E+01
         0.33192E+02          0.56367E+01
         0.33202E+02          0.56228E+01
         0.33212E+02          0.56364E+01
         0.33222E+02          0.56265E+01
         0.33232E+02          0.56327E+01
         0.33242E+02          0.56605E+01
         0.33252E+02          0.56223E+01
         0.33262E+02          0.56227E+01
         0.33272E+02          0.56208E+01
         0.33282E+02          0.56240E+01
         0.33292E+02          0.56255E+01
         0.33302E+02          0.56168E+01
         0.33312E+02          0.56211E+01
         0.33322E+02          0.56189E+01
         0.33332E+02          0.56172E+01
         0.33342E+02          0.56157E+01
         0.33352E+02          0.56143E+01
         0.33362E+02          0.56128E+01
         0.33372E+02          0.56113E+01
         0.33382E+02          0.56098E+01
         0.33392E+02          0.56084E+01
         0.33402E+02          0.56069E+01
         0.33412E+02          0.56054E+01
         0.33422E+02          0.56040E+01
         0.33432E+02          0.56025E+01
         0.33442E+02          0.56010E+01
         0.33452E+02          0.55996E+01
         0.33462E+02          0.55981E+01
         0.33472E+02          0.55966E+01
         0.33482E+02          0.55952E+01
         0.33492E+02          0.55937E+01
         0.33502E+02          0.55922E+01
         0.33512E+02          0.55908E+01
         0.33522E+02          0.55893E+01
         0.33532E+02          0.55878E+01
         0.33542E+02          0.55864E+01
         0.33552E+02          0.55849E+01
         0.33562E+02          0.55834E+01
         0.33572E+02          0.55820E+01
         0.33582E+02          0.55805E+01
         0.33592E+02          0.55790E+01
         0.33602E+02          0.55776E+01
         0.33612E+02          0.55761E+01
         0.33622E+02          0.55746E+01
         0.33632E+02          0.55731E+01
         0.33642E+02          0.55717E+01
         0.33652E+02          0.55702E+01
         0.33662E+02          0.55687E+01
         0.33672E+02          0.55673E+01
         0.33682E+02          0.55658E+01
         0.33692E+02          0.55643E+01
         0.33702E+02          0.55629E+01
         0.33712E+02          0.55614E+01
         0.33722E+02          0.55599E+01
         0.33732E+02          0.55584E+01
         0.33742E+02          0.55569E+01
         0.33752E+02          0.55555E+01
         0.33762E+02          0.55540E+01
         0.33772E+02          0.55525E+01
         0.33782E+02          0.55510E+01
         0.33792E+02          0.55495E+01
         0.33802E+02          0.55481E+01
         0.33812E+02          0.55466E+01
         0.33822E+02          0.55451E+01
         0.33832E+02          0.55436E+01
         0.33842E+02          0.55421E+01
         0.33852E+02          0.55406E+01
         0.33862E+02          0.55391E+01
         0.33872E+02          0.55376E+01
         0.33882E+02          0.55361E+01
         0.33892E+02          0.55346E+01
         0.33902E+02          0.55331E+01
         0.33912E+02          0.55316E+01
         0.33922E+02          0.55301E+01
         0.33932E+02          0.55285E+01
         0.33942E+02          0.55270E+01
         0.33952E+02          0.55255E+01
         0.33962E+02          0.55240E+01
         0.33972E+02          0.55225E+01
         0.33982E+02          0.55209E+01
         0.33992E+02          0.55194E+01
         0.34002E+02          0.55178E+01
         0.34012E+02          0.55163E+01
         0.34022E+02          0.55148E+01
         0.34032E+02          0.55132E+01
         0.34042E+02          0.55116E+01
         0.34052E+02          0.55101E+01
         0.34062E+02          0.55085E+01
         0.34072E+02          0.55069E+01
         0.34082E+02          0.55054E+01
         0.34092E+02          0.55038E+01
         0.34102E+02          0.55022E+01
         0.34112E+02          0.55006E+01
         0.34122E+02          0.54990E+01
         0.34132E+02          0.54974E+01
         0.34142E+02          0.54958E+01
         0.34152E+02          0.54942E+01
         0.34162E+02          0.54926E+01
         0.34172E+02          0.54909E+01
         0.34182E+02          0.54893E+01
         0.34192E+02          0.54876E+01
         0.34202E+02          0.54860E+01
         0.34212E+02          0.54843E+01
         0.34222E+02          0.54827E+01
         0.34232E+02          0.54810E+01
         0.34242E+02          0.54793E+01
         0.34252E+02          0.54776E+01
         0.34262E+02          0.54759E+01
         0.34272E+02          0.54742E+01
         0.34282E+02          0.54725E+01
         0.34292E+02          0.54708E+01
         0.34302E+02          0.54690E+01
         0.34312E+02          0.54673E+01
         0.34322E+02          0.54655E+01
         0.34332E+02          0.54637E+01
         0.34342E+02          0.54620E+01
         0.34352E+02          0.54602E+01
         0.34362E+02          0.54584E+01
         0.34372E+02          0.54566E+01
         0.34382E+02          0.54547E+01
         0.34392E+02          0.54529E+01
         0.34402E+02          0.54510E+01
         0.34412E+02          0.54492E+01
         0.34422E+02          0.54473E+01
         0.34432E+02          0.54454E+01
         0.34442E+02          0.54435E+01
         0.34452E+02          0.54416E+01
         0.34462E+02          0.54396E+01
         0.34472E+02          0.54377E+01
         0.34482E+02          0.54357E+01
         0.34492E+02          0.54337E+01
         0.34502E+02          0.54317E+01
         0.34512E+02          0.54297E+01
         0.34522E+02          0.54277E+01
         0.34532E+02          0.54256E+01
         0.34542E+02          0.54235E+01
         0.34552E+02          0.54214E+01
         0.34562E+02          0.54193E+01
         0.34572E+02          0.54172E+01
         0.34582E+02          0.54150E+01
         0.34592E+02          0.54129E+01
         0.34602E+02          0.54107E+01
         0.34612E+02          0.54084E+01
         0.34622E+02          0.54062E+01
         0.34632E+02          0.54039E+01
         0.34642E+02          0.54016E+01
         0.34652E+02          0.53993E+01
         0.34662E+02          0.53970E+01
         0.34672E+02          0.53946E+01
         0.34682E+02          0.53922E+01
         0.34692E+02          0.53898E+01
         0.34702E+02          0.53874E+01
         0.34712E+02          0.53849E+01
         0.34722E+02          0.53824E+01
         0.34732E+02          0.53799E+01
         0.34742E+02          0.53773E+01
         0.34752E+02          0.53747E+01
         0.34762E+02          0.53721E+01
         0.34772E+02          0.53694E+01
         0.34782E+02          0.53668E+01
         0.34792E+02          0.53640E+01
         0.34802E+02          0.53613E+01
         0.34812E+02          0.53585E+01
         0.34822E+02          0.53557E+01
         0.34832E+02          0.53528E+01
         0.34842E+02          0.53499E+01
         0.34852E+02          0.53469E+01
         0.34862E+02          0.53440E+01
         0.34872E+02          0.53409E+01
         0.34882E+02          0.53379E+01
         0.34892E+02          0.53348E+01
         0.34902E+02          0.53317E+01
         0.34912E+02          0.53285E+01
         0.34922E+02          0.53253E+01
         0.34932E+02          0.53220E+01
         0.34942E+02          0.53187E+01
         0.34952E+02          0.53153E+01
         0.34962E+02          0.53119E+01
         0.34972E+02          0.53085E+01
         0.34982E+02          0.53050E+01
         0.34992E+02          0.53015E+01
         0.35002E+02          0.52979E+01
         0.35012E+02          0.52943E+01
         0.35022E+02          0.52907E+01
         0.35032E+02          0.52870E+01
         0.35042E+02          0.52833E+01
         0.35052E+02          0.52795E+01
         0.35062E+02          0.52757E+01
         0.35072E+02          0.52719E+01
         0.35082E+02          0.52680E+01
         0.35092E+02          0.52641E+01
         0.35102E+02          0.52602E+01
         0.35112E+02          0.52563E+01
         0.35122E+02          0.52524E+01
         0.35132E+02          0.52485E+01
         0.35142E+02          0.52446E+01
         0.35152E+02          0.52407E+01
         0.35162E+02          0.52368E+01
         0.35172E+02          0.52330E+01
         0.35182E+02          0.52292E+01
         0.35192E+02          0.52255E+01
         0.35202E+02          0.52220E+01
         0.35212E+02          0.52185E+01
         0.35222E+02          0.52152E+01
         0.35232E+02          0.52122E+01
         0.35242E+02          0.52093E+01
         0.35252E+02          0.52067E+01
         0.35262E+02          0.52045E+01
         0.35272E+02          0.52027E+01
         0.35282E+02          0.52014E+01
         0.35292E+02          0.52008E+01
         0.35302E+02          0.52008E+01
         0.35312E+02          0.52016E+01
         0.35322E+02          0.52035E+01
         0.35332E+02          0.52066E+01
         0.35342E+02          0.52111E+01
         0.35352E+02          0.52174E+01
         0.35362E+02          0.52258E+01
         0.35372E+02          0.52366E+01
         0.35382E+02          0.52505E+01
         0.35392E+02          0.52681E+01
         0.35402E+02          0.52901E+01
         0.35412E+02          0.53175E+01
         0.35422E+02          0.53516E+01
         0.35432E+02          0.53939E+01
         0.35442E+02          0.54463E+01
         0.35452E+02          0.55112E+01
         0.35462E+02          0.55919E+01
         0.35472E+02          0.56924E+01
         0.35482E+02          0.58178E+01
         0.35492E+02          0.59748E+01
         0.35502E+02          0.61718E+01
         0.35512E+02          0.64197E+01
         0.35522E+02          0.67320E+01
         0.35532E+02          0.71250E+01
         0.35542E+02          0.76169E+01
         0.35552E+02          0.82257E+01
         0.35562E+02          0.89634E+01
         0.35572E+02          0.98260E+01
         0.35582E+02          0.10778E+02
         0.35592E+02          0.11741E+02
         0.35602E+02          0.12590E+02
         0.35612E+02          0.13191E+02
         0.35622E+02          0.13453E+02
         0.35632E+02          0.13365E+02
         0.35642E+02          0.12999E+02
         0.35652E+02          0.12459E+02
         0.35662E+02          0.11842E+02
         0.35672E+02          0.11220E+02
         0.35682E+02          0.10633E+02
         0.35692E+02          0.10100E+02
         0.35702E+02          0.96259E+01
         0.35712E+02          0.92098E+01
         0.35722E+02          0.88463E+01
         0.35732E+02          0.85288E+01
         0.35742E+02          0.82513E+01
         0.35752E+02          0.80078E+01
         0.35762E+02          0.77932E+01
         0.35772E+02          0.76033E+01
         0.35782E+02          0.74342E+01
         0.35792E+02          0.72829E+01
         0.35802E+02          0.71468E+01
         0.35812E+02          0.70236E+01
         0.35822E+02          0.69114E+01
         0.35832E+02          0.68089E+01
         0.35842E+02          0.67145E+01
         0.35852E+02          0.66271E+01
         0.35862E+02          0.65459E+01
         0.35872E+02          0.64699E+01
         0.35882E+02          0.63984E+01
         0.35892E+02          0.63308E+01
         0.35902E+02          0.62665E+01
         0.35912E+02          0.62052E+01
         0.35922E+02          0.61462E+01
         0.35932E+02          0.60894E+01
         0.35942E+02          0.60344E+01
         0.35952E+02          0.59806E+01
         0.35962E+02          0.59273E+01
         0.35972E+02          0.58736E+01
         0.35982E+02          0.58191E+01
         0.35992E+02          0.57643E+01
         0.36002E+02          0.57095E+01
         0.36012E+02          0.56548E+01
         0.36022E+02          0.56000E+01
         0.36032E+02          0.55452E+01
         0.36042E+02          0.54902E+01
         0.36052E+02          0.54354E+01
         0.36062E+02          0.53811E+01
         0.36072E+02          0.53282E+01
         0.36082E+02          0.52776E+01
         0.36092E+02          0.52311E+01
         0.36102E+02          0.51905E+01
         0.36112E+02          0.51587E+01
         0.36122E+02          0.51386E+01
         0.36132E+02          0.51337E+01
         0.36142E+02          0.51472E+01
         0.36152E+02          0.51817E+01
         0.36162E+02          0.52384E+01
         0.36172E+02          0.53164E+01
         0.36182E+02          0.54129E+01
         0.36192E+02          0.55233E+01
         0.36202E+02          0.56425E+01
         0.36212E+02          0.57665E+01
         0.36222E+02          0.58940E+01
         0.36232E+02          0.60262E+01
         0.36242E+02          0.61520E+01
         0.36252E+02          0.62075E+01
         0.36262E+02          0.61888E+01
         0.36272E+02          0.61806E+01
         0.36282E+02          0.61908E+01
         0.36292E+02          0.62061E+01
         0.36302E+02          0.62201E+01
         0.36312E+02          0.62308E+01
         0.36322E+02          0.62380E+01
         0.36332E+02          0.62418E+01
         0.36342E+02          0.62429E+01
         0.36352E+02          0.62416E+01
         0.36362E+02          0.62385E+01
         0.36372E+02          0.62338E+01
         0.36382E+02          0.62279E+01
         0.36392E+02          0.62210E+01
         0.36402E+02          0.62134E+01
         0.36412E+02          0.62052E+01
         0.36422E+02          0.61966E+01
         0.36432E+02          0.61876E+01
         0.36442E+02          0.61784E+01
         0.36452E+02          0.61691E+01
         0.36462E+02          0.61596E+01
         0.36472E+02          0.61501E+01
         0.36482E+02          0.61406E+01
         0.36492E+02          0.61311E+01
         0.36502E+02          0.61216E+01
         0.36512E+02          0.61121E+01
         0.36522E+02          0.61027E+01
         0.36532E+02          0.60933E+01
         0.36542E+02          0.60840E+01
         0.36552E+02          0.60748E+01
         0.36562E+02          0.60656E+01
         0.36572E+02          0.60565E+01
         0.36582E+02          0.60475E+01
         0.36592E+02          0.60385E+01
         0.36602E+02          0.60296E+01
         0.36612E+02          0.60207E+01
         0.36622E+02          0.60119E+01
         0.36632E+02          0.60031E+01
         0.36642E+02          0.59944E+01
         0.36652E+02          0.59856E+01
         0.36662E+02          0.59769E+01
         0.36672E+02          0.59682E+01
         0.36682E+02          0.59595E+01
         0.36692E+02          0.59508E+01
         0.36702E+02          0.59420E+01
         0.36712E+02          0.59333E+01
         0.36722E+02          0.59245E+01
         0.36732E+02          0.59156E+01
         0.36742E+02          0.59067E+01
         0.36752E+02          0.58977E+01
         0.36762E+02          0.58886E+01
         0.36772E+02          0.58794E+01
         0.36782E+02          0.58701E+01
         0.36792E+02          0.58607E+01
         0.36802E+02          0.58511E+01
         0.36812E+02          0.58413E+01
         0.36822E+02          0.58314E+01
         0.36832E+02          0.58213E+01
         0.36842E+02          0.58109E+01
