         0.73139E+02          0.00000E+00
         0.73096E+02          0.00000E+00
         0.73053E+02          0.00000E+00
         0.73010E+02          0.00000E+00
         0.72967E+02          0.00000E+00
         0.72924E+02          0.00000E+00
         0.72881E+02          0.00000E+00
         0.72838E+02          0.00000E+00
         0.72796E+02          0.00000E+00
         0.72753E+02          0.00000E+00
         0.72710E+02          0.00000E+00
         0.72668E+02          0.00000E+00
         0.72625E+02          0.00000E+00
         0.72583E+02          0.00000E+00
         0.72540E+02          0.00000E+00
         0.72498E+02          0.00000E+00
         0.72455E+02          0.00000E+00
         0.72413E+02          0.00000E+00
         0.72371E+02          0.00000E+00
         0.72328E+02          0.00000E+00
         0.72286E+02          0.00000E+00
         0.72244E+02          0.00000E+00
         0.72202E+02          0.00000E+00
         0.72160E+02          0.00000E+00
         0.72118E+02          0.00000E+00
         0.72076E+02          0.00000E+00
         0.72034E+02          0.00000E+00
         0.71993E+02          0.00000E+00
         0.71951E+02          0.00000E+00
         0.71909E+02          0.00000E+00
         0.71867E+02          0.00000E+00
         0.71826E+02          0.00000E+00
         0.71784E+02          0.00000E+00
         0.71743E+02          0.00000E+00
         0.71701E+02          0.00000E+00
         0.71660E+02          0.00000E+00
         0.71618E+02          0.00000E+00
         0.71577E+02          0.00000E+00
         0.71536E+02          0.00000E+00
         0.71494E+02          0.00000E+00
         0.71453E+02          0.00000E+00
         0.71412E+02          0.00000E+00
         0.71371E+02          0.00000E+00
         0.71330E+02          0.00000E+00
         0.71289E+02          0.00000E+00
         0.71248E+02          0.00000E+00
         0.71207E+02          0.00000E+00
         0.71166E+02          0.00000E+00
         0.71125E+02          0.00000E+00
         0.71084E+02          0.00000E+00
         0.71044E+02          0.00000E+00
         0.71003E+02          0.00000E+00
         0.70962E+02          0.00000E+00
         0.70922E+02          0.00000E+00
         0.70881E+02          0.00000E+00
         0.70841E+02          0.00000E+00
         0.70800E+02          0.00000E+00
         0.70760E+02          0.00000E+00
         0.70720E+02          0.00000E+00
         0.70679E+02          0.00000E+00
         0.70639E+02          0.00000E+00
         0.70599E+02          0.00000E+00
         0.70559E+02          0.00000E+00
         0.70518E+02          0.00000E+00
         0.70478E+02          0.00000E+00
         0.70438E+02          0.00000E+00
         0.70398E+02          0.00000E+00
         0.70358E+02          0.00000E+00
         0.70318E+02          0.00000E+00
         0.70279E+02          0.00000E+00
         0.70239E+02          0.00000E+00
         0.70199E+02          0.00000E+00
         0.70159E+02          0.00000E+00
         0.70120E+02          0.00000E+00
         0.70080E+02          0.00000E+00
         0.70040E+02          0.00000E+00
         0.70001E+02          0.00000E+00
         0.69961E+02          0.00000E+00
         0.69922E+02          0.00000E+00
         0.69882E+02          0.00000E+00
         0.69843E+02          0.00000E+00
         0.69804E+02          0.00000E+00
         0.69764E+02          0.00000E+00
         0.69725E+02          0.00000E+00
         0.69686E+02          0.00000E+00
         0.69647E+02          0.00000E+00
         0.69608E+02          0.00000E+00
         0.69569E+02          0.00000E+00
         0.69530E+02          0.00000E+00
         0.69491E+02          0.00000E+00
         0.69452E+02          0.00000E+00
         0.69413E+02          0.00000E+00
         0.69374E+02          0.00000E+00
         0.69335E+02          0.00000E+00
         0.69297E+02          0.00000E+00
         0.69258E+02          0.00000E+00
         0.69219E+02          0.00000E+00
         0.69181E+02          0.00000E+00
         0.69142E+02          0.00000E+00
         0.69103E+02          0.00000E+00
         0.69065E+02          0.00000E+00
         0.69027E+02          0.00000E+00
         0.68988E+02          0.00000E+00
         0.68950E+02          0.00000E+00
         0.68911E+02          0.00000E+00
         0.68873E+02          0.00000E+00
         0.68835E+02          0.00000E+00
         0.68797E+02          0.00000E+00
         0.68759E+02          0.00000E+00
         0.68720E+02          0.00000E+00
         0.68682E+02          0.00000E+00
         0.68644E+02          0.00000E+00
         0.68606E+02          0.00000E+00
         0.68568E+02          0.00000E+00
         0.68531E+02          0.00000E+00
         0.68493E+02          0.00000E+00
         0.68455E+02          0.00000E+00
         0.68417E+02          0.00000E+00
         0.68379E+02          0.00000E+00
         0.68342E+02          0.00000E+00
         0.68304E+02          0.00000E+00
         0.68266E+02          0.00000E+00
         0.68229E+02          0.00000E+00
         0.68191E+02          0.00000E+00
         0.68154E+02          0.00000E+00
         0.68116E+02          0.00000E+00
         0.68079E+02          0.00000E+00
         0.68042E+02          0.00000E+00
         0.68004E+02          0.00000E+00
         0.67967E+02          0.00000E+00
         0.67930E+02          0.00000E+00
         0.67893E+02          0.00000E+00
         0.67855E+02          0.00000E+00
         0.67818E+02          0.00000E+00
         0.67781E+02          0.00000E+00
         0.67744E+02          0.00000E+00
         0.67707E+02          0.00000E+00
         0.67670E+02          0.00000E+00
         0.67633E+02          0.00000E+00
         0.67596E+02          0.00000E+00
         0.67560E+02          0.00000E+00
         0.67523E+02          0.00000E+00
         0.67486E+02          0.00000E+00
         0.67449E+02          0.00000E+00
         0.67413E+02          0.00000E+00
         0.67376E+02          0.00000E+00
         0.67339E+02          0.00000E+00
         0.67303E+02          0.00000E+00
         0.67266E+02          0.00000E+00
         0.67230E+02          0.00000E+00
         0.67193E+02          0.00000E+00
         0.67157E+02          0.00000E+00
         0.67121E+02          0.00000E+00
         0.67084E+02          0.00000E+00
         0.67048E+02          0.00000E+00
         0.67012E+02          0.00000E+00
         0.66976E+02          0.00000E+00
         0.66940E+02          0.00000E+00
         0.66903E+02          0.00000E+00
         0.66867E+02          0.00000E+00
         0.66831E+02          0.00000E+00
         0.66795E+02          0.00000E+00
         0.66759E+02          0.00000E+00
         0.66723E+02          0.00000E+00
         0.66687E+02          0.00000E+00
         0.66652E+02          0.00000E+00
         0.66616E+02          0.00000E+00
         0.66580E+02          0.00000E+00
         0.66544E+02          0.00000E+00
         0.66509E+02          0.00000E+00
         0.66473E+02          0.00000E+00
         0.66437E+02          0.00000E+00
         0.66402E+02          0.00000E+00
         0.66366E+02          0.00000E+00
         0.66331E+02          0.00000E+00
         0.66295E+02          0.00000E+00
         0.66260E+02          0.00000E+00
         0.66224E+02          0.00000E+00
         0.66189E+02          0.00000E+00
         0.66154E+02          0.00000E+00
         0.66118E+02          0.00000E+00
         0.66083E+02          0.00000E+00
         0.66048E+02          0.00000E+00
         0.66013E+02          0.00000E+00
         0.65978E+02          0.00000E+00
         0.65943E+02          0.00000E+00
         0.65908E+02          0.00000E+00
         0.65873E+02          0.00000E+00
         0.65838E+02          0.00000E+00
         0.65803E+02          0.00000E+00
         0.65768E+02          0.00000E+00
         0.65733E+02          0.00000E+00
         0.65698E+02          0.00000E+00
         0.65663E+02          0.00000E+00
         0.65628E+02          0.00000E+00
         0.65594E+02          0.00000E+00
         0.65559E+02          0.00000E+00
         0.65524E+02          0.00000E+00
         0.65490E+02          0.00000E+00
         0.65455E+02          0.00000E+00
         0.65421E+02          0.00000E+00
         0.65386E+02          0.00000E+00
         0.65352E+02          0.00000E+00
         0.65317E+02          0.00000E+00
         0.65283E+02          0.00000E+00
         0.65249E+02          0.00000E+00
         0.65214E+02          0.00000E+00
         0.65180E+02          0.00000E+00
         0.65146E+02          0.00000E+00
         0.65112E+02          0.00000E+00
         0.65077E+02          0.00000E+00
         0.65043E+02          0.00000E+00
         0.65009E+02          0.00000E+00
         0.64975E+02          0.00000E+00
         0.64941E+02          0.00000E+00
         0.64907E+02          0.00000E+00
         0.64873E+02          0.00000E+00
         0.64839E+02          0.00000E+00
         0.64805E+02          0.00000E+00
         0.64771E+02          0.00000E+00
         0.64738E+02          0.00000E+00
         0.64704E+02          0.00000E+00
         0.64670E+02          0.00000E+00
         0.64636E+02          0.00000E+00
         0.64603E+02          0.00000E+00
         0.64569E+02          0.00000E+00
         0.64535E+02          0.00000E+00
         0.64502E+02          0.00000E+00
         0.64468E+02          0.00000E+00
         0.64435E+02          0.00000E+00
         0.64401E+02          0.00000E+00
         0.64368E+02          0.00000E+00
         0.64334E+02          0.00000E+00
         0.64301E+02          0.00000E+00
         0.64268E+02          0.00000E+00
         0.64234E+02          0.00000E+00
         0.64201E+02          0.00000E+00
         0.64168E+02          0.00000E+00
         0.64135E+02          0.00000E+00
         0.64102E+02          0.00000E+00
         0.64068E+02          0.00000E+00
         0.64035E+02          0.00000E+00
         0.64002E+02          0.00000E+00
         0.63969E+02          0.00000E+00
         0.63936E+02          0.00000E+00
         0.63903E+02          0.00000E+00
         0.63870E+02          0.00000E+00
         0.63838E+02          0.00000E+00
         0.63805E+02          0.00000E+00
         0.63772E+02          0.00000E+00
         0.63739E+02          0.00000E+00
         0.63706E+02          0.00000E+00
         0.63674E+02          0.00000E+00
         0.63641E+02          0.00000E+00
         0.63608E+02          0.00000E+00
         0.63576E+02          0.00000E+00
         0.63543E+02          0.00000E+00
         0.63511E+02          0.00000E+00
         0.63478E+02          0.00000E+00
         0.63446E+02          0.00000E+00
         0.63413E+02          0.00000E+00
         0.63381E+02          0.00000E+00
         0.63348E+02          0.00000E+00
         0.63316E+02          0.00000E+00
         0.63284E+02          0.00000E+00
         0.63251E+02          0.00000E+00
         0.63219E+02          0.00000E+00
         0.63187E+02          0.00000E+00
         0.63155E+02          0.00000E+00
         0.63123E+02          0.00000E+00
         0.63090E+02          0.00000E+00
         0.63058E+02          0.00000E+00
         0.63026E+02          0.00000E+00
         0.62994E+02          0.00000E+00
         0.62962E+02          0.00000E+00
         0.62930E+02          0.00000E+00
         0.62898E+02          0.00000E+00
         0.62866E+02          0.00000E+00
         0.62835E+02          0.00000E+00
         0.62803E+02          0.00000E+00
         0.62771E+02          0.00000E+00
         0.62739E+02          0.00000E+00
         0.62707E+02          0.00000E+00
         0.62676E+02          0.00000E+00
         0.62644E+02          0.00000E+00
         0.62612E+02          0.00000E+00
         0.62581E+02          0.00000E+00
         0.62549E+02          0.00000E+00
         0.62518E+02          0.00000E+00
         0.62486E+02          0.00000E+00
         0.62455E+02          0.00000E+00
         0.62423E+02          0.00000E+00
         0.62392E+02          0.00000E+00
         0.62361E+02          0.00000E+00
         0.62329E+02          0.00000E+00
         0.62298E+02          0.00000E+00
         0.62267E+02          0.00000E+00
         0.62235E+02          0.00000E+00
         0.62204E+02          0.00000E+00
         0.62173E+02          0.00000E+00
         0.62142E+02          0.00000E+00
         0.62111E+02          0.00000E+00
         0.62080E+02          0.00000E+00
         0.62048E+02          0.00000E+00
         0.62017E+02          0.00000E+00
         0.61986E+02          0.00000E+00
         0.61955E+02          0.00000E+00
         0.61925E+02          0.00000E+00
         0.61894E+02          0.00000E+00
         0.61863E+02          0.00000E+00
         0.61832E+02          0.00000E+00
         0.61801E+02          0.00000E+00
         0.61770E+02          0.00000E+00
         0.61739E+02          0.00000E+00
         0.61709E+02          0.00000E+00
         0.61678E+02          0.00000E+00
         0.61647E+02          0.00000E+00
         0.61617E+02          0.00000E+00
         0.61586E+02          0.00000E+00
         0.61556E+02          0.00000E+00
         0.61525E+02          0.00000E+00
         0.61495E+02          0.00000E+00
         0.61464E+02          0.00000E+00
         0.61434E+02          0.00000E+00
         0.61403E+02          0.00000E+00
         0.61373E+02          0.00000E+00
         0.61342E+02          0.00000E+00
         0.61312E+02          0.00000E+00
         0.61282E+02          0.00000E+00
         0.61251E+02          0.00000E+00
         0.61221E+02          0.00000E+00
         0.61191E+02          0.00000E+00
         0.61161E+02          0.00000E+00
         0.61131E+02          0.00000E+00
         0.61101E+02          0.00000E+00
         0.61070E+02          0.00000E+00
         0.61040E+02          0.00000E+00
         0.61010E+02          0.00000E+00
         0.60980E+02          0.00000E+00
         0.60950E+02          0.00000E+00
         0.60920E+02          0.00000E+00
         0.60890E+02          0.00000E+00
         0.60861E+02          0.00000E+00
         0.60831E+02          0.00000E+00
         0.60801E+02          0.00000E+00
         0.60771E+02          0.00000E+00
         0.60741E+02          0.00000E+00
         0.60712E+02          0.00000E+00
         0.60682E+02          0.00000E+00
         0.60652E+02          0.00000E+00
         0.60623E+02          0.00000E+00
         0.60593E+02          0.00000E+00
         0.60563E+02          0.00000E+00
         0.60534E+02          0.00000E+00
         0.60504E+02          0.00000E+00
         0.60475E+02          0.00000E+00
         0.60445E+02          0.00000E+00
         0.60416E+02          0.00000E+00
         0.60386E+02          0.00000E+00
         0.60357E+02          0.00000E+00
         0.60328E+02          0.00000E+00
         0.60298E+02          0.00000E+00
         0.60269E+02          0.00000E+00
         0.60240E+02          0.00000E+00
         0.60210E+02          0.00000E+00
         0.60181E+02          0.00000E+00
         0.60152E+02          0.00000E+00
         0.60123E+02          0.00000E+00
         0.60094E+02          0.00000E+00
         0.60065E+02          0.00000E+00
         0.60035E+02          0.00000E+00
         0.60006E+02          0.00000E+00
         0.59977E+02          0.00000E+00
         0.59948E+02          0.00000E+00
         0.59919E+02          0.00000E+00
         0.59890E+02          0.00000E+00
         0.59862E+02          0.00000E+00
         0.59833E+02          0.00000E+00
         0.59804E+02          0.00000E+00
         0.59775E+02          0.00000E+00
         0.59746E+02          0.00000E+00
         0.59717E+02          0.00000E+00
         0.59689E+02          0.00000E+00
         0.59660E+02          0.00000E+00
         0.59631E+02          0.00000E+00
         0.59603E+02          0.00000E+00
         0.59574E+02          0.00000E+00
         0.59545E+02          0.00000E+00
         0.59517E+02          0.00000E+00
         0.59488E+02          0.00000E+00
         0.59460E+02          0.00000E+00
         0.59431E+02          0.00000E+00
         0.59403E+02          0.00000E+00
         0.59374E+02          0.00000E+00
         0.59346E+02          0.00000E+00
         0.59317E+02          0.00000E+00
         0.59289E+02          0.00000E+00
         0.59261E+02          0.00000E+00
         0.59232E+02          0.00000E+00
         0.59204E+02          0.00000E+00
         0.59176E+02          0.00000E+00
         0.59148E+02          0.00000E+00
         0.59119E+02          0.00000E+00
         0.59091E+02          0.00000E+00
         0.59063E+02          0.00000E+00
         0.59035E+02          0.00000E+00
         0.59007E+02          0.00000E+00
         0.58979E+02          0.00000E+00
         0.58951E+02          0.00000E+00
         0.58923E+02          0.00000E+00
         0.58895E+02          0.00000E+00
         0.58867E+02          0.00000E+00
         0.58839E+02          0.00000E+00
         0.58811E+02          0.00000E+00
         0.58783E+02          0.00000E+00
         0.58755E+02          0.00000E+00
         0.58727E+02          0.00000E+00
         0.58700E+02          0.00000E+00
         0.58672E+02          0.00000E+00
         0.58644E+02          0.00000E+00
         0.58616E+02          0.00000E+00
         0.58589E+02          0.00000E+00
         0.58561E+02          0.00000E+00
         0.58533E+02          0.00000E+00
         0.58506E+02          0.00000E+00
         0.58478E+02          0.00000E+00
         0.58450E+02          0.00000E+00
         0.58423E+02          0.00000E+00
         0.58395E+02          0.00000E+00
         0.58368E+02          0.00000E+00
         0.58340E+02          0.00000E+00
         0.58313E+02          0.00000E+00
         0.58286E+02          0.00000E+00
         0.58258E+02          0.00000E+00
         0.58231E+02          0.00000E+00
         0.58204E+02          0.00000E+00
         0.58176E+02          0.00000E+00
         0.58149E+02          0.00000E+00
         0.58122E+02          0.00000E+00
         0.58094E+02          0.00000E+00
         0.58067E+02          0.00000E+00
         0.58040E+02          0.00000E+00
         0.58013E+02          0.00000E+00
         0.57986E+02          0.00000E+00
         0.57959E+02          0.00000E+00
         0.57932E+02          0.00000E+00
         0.57905E+02          0.00000E+00
         0.57877E+02          0.00000E+00
         0.57850E+02          0.00000E+00
         0.57823E+02          0.00000E+00
         0.57797E+02          0.00000E+00
         0.57770E+02          0.00000E+00
         0.57743E+02          0.00000E+00
         0.57716E+02          0.00000E+00
         0.57689E+02          0.00000E+00
         0.57662E+02          0.00000E+00
         0.57635E+02          0.00000E+00
         0.57609E+02          0.00000E+00
         0.57582E+02          0.00000E+00
         0.57555E+02          0.00000E+00
         0.57528E+02          0.00000E+00
         0.57502E+02          0.00000E+00
         0.57475E+02          0.00000E+00
         0.57448E+02          0.00000E+00
         0.57422E+02          0.00000E+00
         0.57395E+02          0.00000E+00
         0.57369E+02          0.00000E+00
         0.57342E+02          0.00000E+00
         0.57316E+02          0.00000E+00
         0.57289E+02          0.00000E+00
         0.57263E+02          0.00000E+00
         0.57236E+02          0.00000E+00
         0.57210E+02          0.00000E+00
         0.57183E+02          0.00000E+00
         0.57157E+02          0.00000E+00
         0.57131E+02          0.00000E+00
         0.57104E+02          0.00000E+00
         0.57078E+02          0.00000E+00
         0.57052E+02          0.00000E+00
         0.57026E+02          0.00000E+00
         0.56999E+02          0.00000E+00
         0.56973E+02          0.00000E+00
         0.56947E+02          0.00000E+00
         0.56921E+02          0.00000E+00
         0.56895E+02          0.00000E+00
         0.56869E+02          0.00000E+00
         0.56843E+02          0.00000E+00
         0.56817E+02          0.00000E+00
         0.56791E+02          0.00000E+00
         0.56765E+02          0.00000E+00
         0.56739E+02          0.00000E+00
         0.56713E+02          0.00000E+00
         0.56687E+02          0.00000E+00
         0.56661E+02          0.00000E+00
         0.56635E+02          0.00000E+00
         0.56609E+02          0.00000E+00
         0.56583E+02          0.00000E+00
         0.56557E+02          0.00000E+00
         0.56532E+02          0.00000E+00
         0.56506E+02          0.00000E+00
         0.56480E+02          0.00000E+00
         0.56454E+02          0.00000E+00
         0.56429E+02          0.00000E+00
         0.56403E+02          0.00000E+00
         0.56377E+02          0.00000E+00
         0.56352E+02          0.00000E+00
         0.56326E+02          0.00000E+00
         0.56301E+02          0.00000E+00
         0.56275E+02          0.00000E+00
         0.56249E+02          0.00000E+00
         0.56224E+02          0.00000E+00
         0.56198E+02          0.00000E+00
         0.56173E+02          0.00000E+00
         0.56148E+02          0.00000E+00
         0.56122E+02          0.00000E+00
         0.56097E+02          0.00000E+00
         0.56071E+02          0.00000E+00
         0.56046E+02          0.00000E+00
         0.56021E+02          0.00000E+00
         0.55995E+02          0.00000E+00
         0.55970E+02          0.00000E+00
         0.55945E+02          0.00000E+00
         0.55920E+02          0.00000E+00
         0.55894E+02          0.00000E+00
         0.55869E+02          0.00000E+00
         0.55844E+02          0.00000E+00
         0.55819E+02          0.00000E+00
         0.55794E+02          0.00000E+00
         0.55769E+02          0.00000E+00
         0.55744E+02          0.00000E+00
         0.55719E+02          0.00000E+00
         0.55694E+02          0.00000E+00
         0.55669E+02          0.00000E+00
         0.55644E+02          0.00000E+00
         0.55619E+02          0.00000E+00
         0.55594E+02          0.00000E+00
         0.55569E+02          0.00000E+00
         0.55544E+02          0.00000E+00
         0.55519E+02          0.00000E+00
         0.55494E+02          0.00000E+00
         0.55469E+02          0.00000E+00
         0.55445E+02          0.00000E+00
         0.55420E+02          0.00000E+00
         0.55395E+02          0.00000E+00
         0.55370E+02          0.00000E+00
         0.55346E+02          0.00000E+00
         0.55321E+02          0.00000E+00
         0.55296E+02          0.00000E+00
         0.55272E+02          0.00000E+00
         0.55247E+02          0.00000E+00
         0.55222E+02          0.00000E+00
         0.55198E+02          0.00000E+00
         0.55173E+02          0.00000E+00
         0.55149E+02          0.00000E+00
         0.55124E+02          0.00000E+00
         0.55100E+02          0.00000E+00
         0.55075E+02          0.00000E+00
         0.55051E+02          0.00000E+00
         0.55026E+02          0.00000E+00
         0.55002E+02          0.00000E+00
         0.54977E+02          0.00000E+00
         0.54953E+02          0.00000E+00
         0.54929E+02          0.00000E+00
         0.54904E+02          0.00000E+00
         0.54880E+02          0.00000E+00
         0.54856E+02          0.00000E+00
         0.54832E+02          0.00000E+00
         0.54807E+02          0.00000E+00
         0.54783E+02          0.00000E+00
         0.54759E+02          0.00000E+00
         0.54735E+02          0.00000E+00
         0.54711E+02          0.00000E+00
         0.54686E+02          0.00000E+00
         0.54662E+02          0.00000E+00
         0.54638E+02          0.00000E+00
         0.54614E+02          0.00000E+00
         0.54590E+02          0.00000E+00
         0.54566E+02          0.00000E+00
         0.54542E+02          0.00000E+00
         0.54518E+02          0.00000E+00
         0.54494E+02          0.00000E+00
         0.54470E+02          0.00000E+00
         0.54446E+02          0.00000E+00
         0.54422E+02          0.00000E+00
         0.54398E+02          0.00000E+00
         0.54375E+02          0.00000E+00
         0.54351E+02          0.00000E+00
         0.54327E+02          0.00000E+00
         0.54303E+02          0.00000E+00
         0.54279E+02          0.00000E+00
         0.54256E+02          0.00000E+00
         0.54232E+02          0.00000E+00
         0.54208E+02          0.00000E+00
         0.54185E+02          0.00000E+00
         0.54161E+02          0.00000E+00
         0.54137E+02          0.00000E+00
         0.54114E+02          0.00000E+00
         0.54090E+02          0.00000E+00
         0.54066E+02          0.00000E+00
         0.54043E+02          0.00000E+00
         0.54019E+02          0.00000E+00
         0.53996E+02          0.00000E+00
         0.53972E+02          0.00000E+00
         0.53949E+02          0.00000E+00
         0.53925E+02          0.00000E+00
         0.53902E+02          0.00000E+00
         0.53878E+02          0.00000E+00
         0.53855E+02          0.00000E+00
         0.53832E+02          0.00000E+00
         0.53808E+02          0.00000E+00
         0.53785E+02          0.00000E+00
         0.53762E+02          0.00000E+00
         0.53738E+02          0.00000E+00
         0.53715E+02          0.00000E+00
         0.53692E+02          0.00000E+00
         0.53669E+02          0.00000E+00
         0.53645E+02          0.00000E+00
         0.53622E+02          0.00000E+00
         0.53599E+02          0.00000E+00
         0.53576E+02          0.00000E+00
         0.53553E+02          0.00000E+00
         0.53530E+02          0.00000E+00
         0.53506E+02          0.00000E+00
         0.53483E+02          0.00000E+00
         0.53460E+02          0.00000E+00
         0.53437E+02          0.00000E+00
         0.53414E+02          0.00000E+00
         0.53391E+02          0.00000E+00
         0.53368E+02          0.00000E+00
         0.53345E+02          0.00000E+00
         0.53322E+02          0.00000E+00
         0.53299E+02          0.00000E+00
         0.53276E+02          0.00000E+00
         0.53254E+02          0.00000E+00
         0.53231E+02          0.00000E+00
         0.53208E+02          0.00000E+00
         0.53185E+02          0.00000E+00
         0.53162E+02          0.00000E+00
         0.53139E+02          0.00000E+00
         0.53117E+02          0.00000E+00
         0.53094E+02          0.00000E+00
         0.53071E+02          0.00000E+00
         0.53049E+02          0.00000E+00
         0.53026E+02          0.00000E+00
         0.53003E+02          0.00000E+00
         0.52981E+02          0.00000E+00
         0.52958E+02          0.00000E+00
         0.52935E+02          0.00000E+00
         0.52913E+02          0.00000E+00
         0.52890E+02          0.00000E+00
         0.52868E+02          0.00000E+00
         0.52845E+02          0.00000E+00
         0.52823E+02          0.00000E+00
         0.52800E+02          0.00000E+00
         0.52778E+02          0.00000E+00
         0.52755E+02          0.00000E+00
         0.52733E+02          0.00000E+00
         0.52710E+02          0.00000E+00
         0.52688E+02          0.00000E+00
         0.52665E+02          0.00000E+00
         0.52643E+02          0.00000E+00
         0.52621E+02          0.00000E+00
         0.52598E+02          0.00000E+00
         0.52576E+02          0.00000E+00
         0.52554E+02          0.00000E+00
         0.52532E+02          0.00000E+00
         0.52509E+02          0.00000E+00
         0.52487E+02          0.00000E+00
         0.52465E+02          0.00000E+00
         0.52443E+02          0.00000E+00
         0.52421E+02          0.00000E+00
         0.52398E+02          0.00000E+00
         0.52376E+02          0.00000E+00
         0.52354E+02          0.00000E+00
         0.52332E+02          0.00000E+00
         0.52310E+02          0.00000E+00
         0.52288E+02          0.00000E+00
         0.52266E+02          0.00000E+00
         0.52244E+02          0.00000E+00
         0.52222E+02          0.00000E+00
         0.52200E+02          0.00000E+00
         0.52178E+02          0.00000E+00
         0.52156E+02          0.00000E+00
         0.52134E+02          0.00000E+00
         0.52112E+02          0.00000E+00
         0.52090E+02          0.00000E+00
         0.52068E+02          0.00000E+00
         0.52046E+02          0.00000E+00
         0.52025E+02          0.00000E+00
         0.52003E+02          0.00000E+00
         0.51981E+02          0.00000E+00
         0.51959E+02          0.00000E+00
         0.51937E+02          0.00000E+00
         0.51916E+02          0.00000E+00
         0.51894E+02          0.00000E+00
         0.51872E+02          0.00000E+00
         0.51851E+02          0.00000E+00
         0.51829E+02          0.00000E+00
         0.51807E+02          0.00000E+00
         0.51786E+02          0.00000E+00
         0.51764E+02          0.00000E+00
         0.51742E+02          0.00000E+00
         0.51721E+02          0.00000E+00
         0.51699E+02          0.00000E+00
         0.51678E+02          0.00000E+00
         0.51656E+02          0.00000E+00
         0.51635E+02          0.00000E+00
         0.51613E+02          0.00000E+00
         0.51592E+02          0.00000E+00
         0.51570E+02          0.00000E+00
         0.51549E+02          0.00000E+00
         0.51527E+02          0.00000E+00
         0.51506E+02          0.00000E+00
         0.51485E+02          0.00000E+00
         0.51463E+02          0.00000E+00
         0.51442E+02          0.00000E+00
         0.51420E+02          0.00000E+00
         0.51399E+02          0.00000E+00
         0.51378E+02          0.00000E+00
         0.51357E+02          0.00000E+00
         0.51335E+02          0.00000E+00
         0.51314E+02          0.00000E+00
         0.51293E+02          0.00000E+00
         0.51272E+02          0.00000E+00
         0.51250E+02          0.00000E+00
         0.51229E+02          0.00000E+00
         0.51208E+02          0.00000E+00
         0.51187E+02          0.00000E+00
         0.51166E+02          0.00000E+00
         0.51145E+02          0.00000E+00
         0.51124E+02          0.00000E+00
         0.51103E+02          0.00000E+00
         0.51081E+02          0.00000E+00
         0.51060E+02          0.00000E+00
         0.51039E+02          0.00000E+00
         0.51018E+02          0.00000E+00
         0.50997E+02          0.00000E+00
         0.50976E+02          0.00000E+00
         0.50956E+02          0.00000E+00
         0.50935E+02          0.00000E+00
         0.50914E+02          0.00000E+00
         0.50893E+02          0.00000E+00
         0.50872E+02          0.00000E+00
         0.50851E+02          0.00000E+00
         0.50830E+02          0.00000E+00
         0.50809E+02          0.00000E+00
         0.50789E+02          0.00000E+00
         0.50768E+02          0.00000E+00
         0.50747E+02          0.00000E+00
         0.50726E+02          0.00000E+00
         0.50705E+02          0.00000E+00
         0.50685E+02          0.00000E+00
         0.50664E+02          0.00000E+00
         0.50643E+02          0.00000E+00
         0.50623E+02          0.00000E+00
         0.50602E+02          0.00000E+00
         0.50581E+02          0.00000E+00
         0.50561E+02          0.00000E+00
         0.50540E+02          0.00000E+00
         0.50519E+02          0.00000E+00
         0.50499E+02          0.00000E+00
         0.50478E+02          0.00000E+00
         0.50458E+02          0.00000E+00
         0.50437E+02          0.00000E+00
         0.50417E+02          0.00000E+00
         0.50396E+02          0.00000E+00
         0.50376E+02          0.00000E+00
         0.50355E+02          0.00000E+00
         0.50335E+02          0.00000E+00
         0.50314E+02          0.00000E+00
         0.50294E+02          0.00000E+00
         0.50274E+02          0.00000E+00
         0.50253E+02          0.00000E+00
         0.50233E+02          0.00000E+00
         0.50213E+02          0.00000E+00
         0.50192E+02          0.00000E+00
         0.50172E+02          0.00000E+00
         0.50152E+02          0.00000E+00
         0.50131E+02          0.00000E+00
         0.50111E+02          0.00000E+00
         0.50091E+02          0.00000E+00
         0.50071E+02          0.00000E+00
         0.50050E+02          0.00000E+00
         0.50030E+02          0.00000E+00
         0.50010E+02          0.00000E+00
         0.49990E+02          0.00000E+00
         0.49970E+02          0.00000E+00
         0.49950E+02          0.00000E+00
         0.49930E+02          0.00000E+00
         0.49909E+02          0.00000E+00
         0.49889E+02          0.00000E+00
         0.49869E+02          0.00000E+00
         0.49849E+02          0.00000E+00
         0.49829E+02          0.00000E+00
         0.49809E+02          0.00000E+00
         0.49789E+02          0.00000E+00
         0.49769E+02          0.00000E+00
         0.49749E+02          0.00000E+00
         0.49729E+02          0.00000E+00
         0.49709E+02          0.00000E+00
         0.49689E+02          0.00000E+00
         0.49669E+02          0.00000E+00
         0.49650E+02          0.00000E+00
         0.49630E+02          0.00000E+00
         0.49610E+02          0.00000E+00
         0.49590E+02          0.00000E+00
         0.49570E+02          0.00000E+00
         0.49550E+02          0.00000E+00
         0.49531E+02          0.00000E+00
         0.49511E+02          0.00000E+00
         0.49491E+02          0.00000E+00
         0.49471E+02          0.00000E+00
         0.49452E+02          0.00000E+00
         0.49432E+02          0.00000E+00
         0.49412E+02          0.00000E+00
         0.49392E+02          0.00000E+00
         0.49373E+02          0.00000E+00
         0.49353E+02          0.00000E+00
         0.49333E+02          0.00000E+00
         0.49314E+02          0.00000E+00
         0.49294E+02          0.00000E+00
         0.49275E+02          0.00000E+00
         0.49255E+02          0.00000E+00
         0.49236E+02          0.00000E+00
         0.49216E+02          0.00000E+00
         0.49196E+02          0.00000E+00
         0.49177E+02          0.00000E+00
         0.49157E+02          0.00000E+00
         0.49138E+02          0.00000E+00
         0.49119E+02          0.00000E+00
         0.49099E+02          0.00000E+00
         0.49080E+02          0.00000E+00
         0.49060E+02          0.00000E+00
         0.49041E+02          0.00000E+00
         0.49021E+02          0.00000E+00
         0.49002E+02          0.00000E+00
         0.48983E+02          0.00000E+00
         0.48963E+02          0.00000E+00
         0.48944E+02          0.00000E+00
         0.48925E+02          0.00000E+00
         0.48905E+02          0.00000E+00
         0.48886E+02          0.00000E+00
         0.48867E+02          0.00000E+00
         0.48848E+02          0.00000E+00
         0.48828E+02          0.00000E+00
         0.48809E+02          0.00000E+00
         0.48790E+02          0.00000E+00
         0.48771E+02          0.00000E+00
         0.48752E+02          0.00000E+00
         0.48732E+02          0.00000E+00
         0.48713E+02          0.00000E+00
         0.48694E+02          0.00000E+00
         0.48675E+02          0.00000E+00
         0.48656E+02          0.00000E+00
         0.48637E+02          0.00000E+00
         0.48618E+02          0.00000E+00
         0.48599E+02          0.00000E+00
         0.48580E+02          0.00000E+00
         0.48561E+02          0.00000E+00
         0.48542E+02          0.00000E+00
         0.48523E+02          0.00000E+00
         0.48504E+02          0.00000E+00
         0.48485E+02          0.00000E+00
         0.48466E+02          0.00000E+00
         0.48447E+02          0.00000E+00
         0.48428E+02          0.00000E+00
         0.48409E+02          0.00000E+00
         0.48390E+02          0.00000E+00
         0.48371E+02          0.00000E+00
         0.48352E+02          0.00000E+00
         0.48333E+02          0.00000E+00
         0.48315E+02          0.00000E+00
         0.48296E+02          0.00000E+00
         0.48277E+02          0.00000E+00
         0.48258E+02          0.00000E+00
         0.48239E+02          0.00000E+00
         0.48221E+02          0.00000E+00
         0.48202E+02          0.00000E+00
         0.48183E+02          0.00000E+00
         0.48164E+02          0.00000E+00
         0.48146E+02          0.00000E+00
         0.48127E+02          0.00000E+00
         0.48108E+02          0.00000E+00
         0.48090E+02          0.00000E+00
         0.48071E+02          0.00000E+00
         0.48052E+02          0.00000E+00
         0.48034E+02          0.00000E+00
         0.48015E+02          0.00000E+00
         0.47997E+02          0.00000E+00
         0.47978E+02          0.00000E+00
         0.47959E+02          0.00000E+00
         0.47941E+02          0.00000E+00
         0.47922E+02          0.00000E+00
         0.47904E+02          0.00000E+00
         0.47885E+02          0.00000E+00
         0.47867E+02          0.00000E+00
         0.47848E+02          0.00000E+00
         0.47830E+02          0.00000E+00
         0.47812E+02          0.00000E+00
         0.47793E+02          0.00000E+00
         0.47775E+02          0.00000E+00
         0.47756E+02          0.00000E+00
         0.47738E+02          0.00000E+00
         0.47720E+02          0.00000E+00
         0.47701E+02          0.00000E+00
         0.47683E+02          0.00000E+00
         0.47664E+02          0.00000E+00
         0.47646E+02          0.00000E+00
         0.47628E+02          0.00000E+00
         0.47610E+02          0.00000E+00
         0.47591E+02          0.00000E+00
         0.47573E+02          0.00000E+00
         0.47555E+02          0.00000E+00
         0.47537E+02          0.00000E+00
         0.47518E+02          0.00000E+00
         0.47500E+02          0.00000E+00
         0.47482E+02          0.00000E+00
         0.47464E+02          0.00000E+00
         0.47446E+02          0.00000E+00
         0.47427E+02          0.00000E+00
         0.47409E+02          0.00000E+00
         0.47391E+02          0.00000E+00
         0.47373E+02          0.00000E+00
         0.47355E+02          0.00000E+00
         0.47337E+02          0.00000E+00
         0.47319E+02          0.00000E+00
         0.47301E+02          0.00000E+00
         0.47283E+02          0.00000E+00
         0.47265E+02          0.00000E+00
         0.47247E+02          0.00000E+00
         0.47229E+02          0.00000E+00
         0.47211E+02          0.00000E+00
         0.47193E+02          0.00000E+00
         0.47175E+02          0.00000E+00
         0.47157E+02          0.00000E+00
         0.47139E+02          0.00000E+00
         0.47121E+02          0.00000E+00
         0.47103E+02          0.00000E+00
         0.47085E+02          0.00000E+00
         0.47067E+02          0.00000E+00
         0.47050E+02          0.00000E+00
         0.47032E+02          0.00000E+00
         0.47014E+02          0.00000E+00
         0.46996E+02          0.00000E+00
         0.46978E+02          0.00000E+00
         0.46960E+02          0.00000E+00
         0.46943E+02          0.00000E+00
         0.46925E+02          0.00000E+00
         0.46907E+02          0.00000E+00
         0.46889E+02          0.00000E+00
         0.46872E+02          0.00000E+00
         0.46854E+02          0.00000E+00
         0.46836E+02          0.00000E+00
         0.46819E+02          0.00000E+00
         0.46801E+02          0.00000E+00
         0.46783E+02          0.00000E+00
         0.46766E+02          0.00000E+00
         0.46748E+02          0.00000E+00
         0.46730E+02          0.00000E+00
         0.46713E+02          0.00000E+00
         0.46695E+02          0.00000E+00
         0.46678E+02          0.00000E+00
         0.46660E+02          0.00000E+00
         0.46642E+02          0.00000E+00
         0.46625E+02          0.00000E+00
         0.46607E+02          0.00000E+00
         0.46590E+02          0.00000E+00
         0.46572E+02          0.00000E+00
         0.46555E+02          0.00000E+00
         0.46537E+02          0.00000E+00
         0.46520E+02          0.00000E+00
         0.46502E+02          0.00000E+00
         0.46485E+02          0.00000E+00
         0.46468E+02          0.00000E+00
         0.46450E+02          0.00000E+00
         0.46433E+02          0.00000E+00
         0.46415E+02          0.00000E+00
         0.46398E+02          0.00000E+00
         0.46381E+02          0.00000E+00
         0.46363E+02          0.00000E+00
         0.46346E+02          0.00000E+00
         0.46329E+02          0.00000E+00
         0.46311E+02          0.00000E+00
         0.46294E+02          0.00000E+00
         0.46277E+02          0.00000E+00
         0.46260E+02          0.00000E+00
         0.46242E+02          0.00000E+00
         0.46225E+02          0.00000E+00
         0.46208E+02          0.00000E+00
         0.46191E+02          0.00000E+00
         0.46173E+02          0.00000E+00
         0.46156E+02          0.00000E+00
         0.46139E+02          0.00000E+00
         0.46122E+02          0.00000E+00
         0.46105E+02          0.00000E+00
         0.46088E+02          0.00000E+00
         0.46070E+02          0.00000E+00
         0.46053E+02          0.00000E+00
         0.46036E+02          0.00000E+00
         0.46019E+02          0.00000E+00
         0.46002E+02          0.00000E+00
         0.45985E+02          0.00000E+00
         0.45968E+02          0.00000E+00
         0.45951E+02          0.00000E+00
         0.45934E+02          0.00000E+00
         0.45917E+02          0.00000E+00
         0.45900E+02          0.00000E+00
         0.45883E+02          0.00000E+00
         0.45866E+02          0.00000E+00
         0.45849E+02          0.00000E+00
         0.45832E+02          0.00000E+00
         0.45815E+02          0.00000E+00
         0.45798E+02          0.00000E+00
         0.45781E+02          0.00000E+00
         0.45764E+02          0.00000E+00
         0.45747E+02          0.00000E+00
         0.45731E+02          0.00000E+00
         0.45714E+02          0.00000E+00
         0.45697E+02          0.00000E+00
         0.45680E+02          0.00000E+00
         0.45663E+02          0.00000E+00
         0.45646E+02          0.00000E+00
         0.45630E+02          0.00000E+00
         0.45613E+02          0.00000E+00
         0.45596E+02          0.00000E+00
         0.45579E+02          0.00000E+00
         0.45563E+02          0.00000E+00
         0.45546E+02          0.00000E+00
         0.45529E+02          0.00000E+00
         0.45512E+02          0.00000E+00
         0.45496E+02          0.00000E+00
         0.45479E+02          0.00000E+00
         0.45462E+02          0.00000E+00
         0.45446E+02          0.00000E+00
         0.45429E+02          0.00000E+00
         0.45412E+02          0.00000E+00
         0.45396E+02          0.00000E+00
         0.45379E+02          0.00000E+00
         0.45363E+02          0.00000E+00
         0.45346E+02          0.00000E+00
         0.45329E+02          0.00000E+00
         0.45313E+02          0.00000E+00
         0.45296E+02          0.00000E+00
         0.45280E+02          0.00000E+00
         0.45263E+02          0.00000E+00
         0.45247E+02          0.00000E+00
         0.45230E+02          0.00000E+00
         0.45214E+02          0.00000E+00
         0.45197E+02          0.00000E+00
         0.45181E+02          0.00000E+00
         0.45164E+02          0.00000E+00
         0.45148E+02          0.00000E+00
         0.45131E+02          0.00000E+00
         0.45115E+02          0.00000E+00
         0.45099E+02          0.00000E+00
         0.45082E+02          0.00000E+00
         0.45066E+02          0.00000E+00
         0.45049E+02          0.00000E+00
         0.45033E+02          0.00000E+00
         0.45017E+02          0.00000E+00
         0.45000E+02          0.00000E+00
         0.44984E+02          0.00000E+00
         0.44968E+02          0.00000E+00
         0.44951E+02          0.00000E+00
         0.44935E+02          0.00000E+00
         0.44919E+02          0.00000E+00
         0.44903E+02          0.00000E+00
         0.44886E+02          0.00000E+00
         0.44870E+02          0.00000E+00
         0.44854E+02          0.00000E+00
         0.44838E+02          0.00000E+00
         0.44821E+02          0.00000E+00
         0.44805E+02          0.00000E+00
         0.44789E+02          0.00000E+00
         0.44773E+02          0.00000E+00
         0.44757E+02          0.00000E+00
         0.44740E+02          0.00000E+00
         0.44724E+02          0.00000E+00
         0.44708E+02          0.00000E+00
         0.44692E+02          0.00000E+00
         0.44676E+02          0.00000E+00
         0.44660E+02          0.00000E+00
         0.44644E+02          0.00000E+00
         0.44628E+02          0.00000E+00
         0.44612E+02          0.00000E+00
         0.44596E+02          0.00000E+00
         0.44580E+02          0.00000E+00
         0.44564E+02          0.00000E+00
         0.44548E+02          0.00000E+00
         0.44532E+02          0.00000E+00
         0.44516E+02          0.00000E+00
         0.44500E+02          0.00000E+00
         0.44484E+02          0.00000E+00
         0.44468E+02          0.00000E+00
         0.44452E+02          0.00000E+00
         0.44436E+02          0.00000E+00
         0.44420E+02          0.00000E+00
         0.44404E+02          0.00000E+00
         0.44388E+02          0.00000E+00
         0.44372E+02          0.00000E+00
         0.44356E+02          0.00000E+00
         0.44340E+02          0.00000E+00
         0.44325E+02          0.00000E+00
         0.44309E+02          0.00000E+00
         0.44293E+02          0.00000E+00
         0.44277E+02          0.00000E+00
         0.44261E+02          0.00000E+00
         0.44246E+02          0.00000E+00
         0.44230E+02          0.00000E+00
         0.44214E+02          0.00000E+00
         0.44198E+02          0.00000E+00
         0.44182E+02          0.00000E+00
         0.44167E+02          0.00000E+00
         0.44151E+02          0.00000E+00
         0.44135E+02          0.00000E+00
         0.44120E+02          0.00000E+00
         0.44104E+02          0.00000E+00
         0.44088E+02          0.00000E+00
         0.44073E+02          0.00000E+00
         0.44057E+02          0.00000E+00
         0.44041E+02          0.00000E+00
         0.44026E+02          0.00000E+00
         0.44010E+02          0.00000E+00
         0.43994E+02          0.00000E+00
         0.43979E+02          0.00000E+00
         0.43963E+02          0.00000E+00
         0.43948E+02          0.00000E+00
         0.43932E+02          0.00000E+00
         0.43916E+02          0.00000E+00
         0.43901E+02          0.00000E+00
         0.43885E+02          0.00000E+00
         0.43870E+02          0.00000E+00
         0.43854E+02          0.00000E+00
         0.43839E+02          0.00000E+00
         0.43823E+02          0.00000E+00
         0.43808E+02          0.00000E+00
         0.43792E+02          0.00000E+00
         0.43777E+02          0.00000E+00
         0.43761E+02          0.00000E+00
         0.43746E+02          0.00000E+00
         0.43731E+02          0.00000E+00
         0.43715E+02          0.00000E+00
         0.43700E+02          0.00000E+00
         0.43684E+02          0.00000E+00
         0.43669E+02          0.00000E+00
         0.43654E+02          0.00000E+00
         0.43638E+02          0.00000E+00
         0.43623E+02          0.00000E+00
         0.43607E+02          0.00000E+00
         0.43592E+02          0.00000E+00
         0.43577E+02          0.00000E+00
         0.43562E+02          0.00000E+00
         0.43546E+02          0.00000E+00
         0.43531E+02          0.00000E+00
         0.43516E+02          0.00000E+00
         0.43500E+02          0.00000E+00
         0.43485E+02          0.00000E+00
         0.43470E+02          0.00000E+00
         0.43455E+02          0.00000E+00
         0.43439E+02          0.00000E+00
         0.43424E+02          0.00000E+00
         0.43409E+02          0.00000E+00
         0.43394E+02          0.00000E+00
         0.43379E+02          0.00000E+00
         0.43363E+02          0.00000E+00
         0.43348E+02          0.00000E+00
         0.43333E+02          0.00000E+00
         0.43318E+02          0.00000E+00
         0.43303E+02          0.00000E+00
         0.43288E+02          0.00000E+00
         0.43273E+02          0.00000E+00
         0.43258E+02          0.00000E+00
         0.43242E+02          0.00000E+00
         0.43227E+02          0.00000E+00
         0.43212E+02          0.00000E+00
         0.43197E+02          0.00000E+00
         0.43182E+02          0.00000E+00
         0.43167E+02          0.00000E+00
         0.43152E+02          0.00000E+00
         0.43137E+02          0.00000E+00
         0.43122E+02          0.00000E+00
         0.43107E+02          0.00000E+00
         0.43092E+02          0.00000E+00
         0.43077E+02          0.00000E+00
         0.43062E+02          0.00000E+00
         0.43047E+02          0.00000E+00
         0.43032E+02          0.00000E+00
         0.43017E+02          0.00000E+00
         0.43002E+02          0.00000E+00
         0.42988E+02          0.00000E+00
         0.42973E+02          0.00000E+00
         0.42958E+02          0.00000E+00
         0.42943E+02          0.00000E+00
         0.42928E+02          0.00000E+00
         0.42913E+02          0.00000E+00
         0.42898E+02          0.00000E+00
         0.42883E+02          0.00000E+00
         0.42869E+02          0.00000E+00
         0.42854E+02          0.00000E+00
         0.42839E+02          0.00000E+00
         0.42824E+02          0.00000E+00
         0.42809E+02          0.00000E+00
         0.42795E+02          0.00000E+00
         0.42780E+02          0.00000E+00
         0.42765E+02          0.00000E+00
         0.42750E+02          0.00000E+00
         0.42736E+02          0.00000E+00
         0.42721E+02          0.00000E+00
         0.42706E+02          0.00000E+00
         0.42692E+02          0.00000E+00
         0.42677E+02          0.00000E+00
         0.42662E+02          0.00000E+00
         0.42647E+02          0.00000E+00
         0.42633E+02          0.00000E+00
         0.42618E+02          0.00000E+00
         0.42604E+02          0.00000E+00
         0.42589E+02          0.00000E+00
         0.42574E+02          0.00000E+00
         0.42560E+02          0.00000E+00
         0.42545E+02          0.00000E+00
         0.42530E+02          0.00000E+00
         0.42516E+02          0.00000E+00
         0.42501E+02          0.00000E+00
         0.42487E+02          0.00000E+00
         0.42472E+02          0.00000E+00
         0.42458E+02          0.00000E+00
         0.42443E+02          0.00000E+00
         0.42429E+02          0.00000E+00
         0.42414E+02          0.00000E+00
         0.42400E+02          0.00000E+00
         0.42385E+02          0.00000E+00
         0.42371E+02          0.00000E+00
         0.42356E+02          0.00000E+00
         0.42342E+02          0.00000E+00
         0.42327E+02          0.00000E+00
         0.42313E+02          0.00000E+00
         0.42298E+02          0.00000E+00
         0.42284E+02          0.00000E+00
         0.42269E+02          0.00000E+00
         0.42255E+02          0.00000E+00
         0.42241E+02          0.00000E+00
         0.42226E+02          0.00000E+00
         0.42212E+02          0.00000E+00
         0.42198E+02          0.00000E+00
         0.42183E+02          0.00000E+00
         0.42169E+02          0.00000E+00
         0.42154E+02          0.00000E+00
         0.42140E+02          0.00000E+00
         0.42126E+02          0.00000E+00
         0.42112E+02          0.00000E+00
         0.42097E+02          0.00000E+00
         0.42083E+02          0.00000E+00
         0.42069E+02          0.00000E+00
         0.42054E+02          0.00000E+00
         0.42040E+02          0.00000E+00
         0.42026E+02          0.00000E+00
         0.42012E+02          0.00000E+00
         0.41997E+02          0.00000E+00
         0.41983E+02          0.00000E+00
         0.41969E+02          0.00000E+00
         0.41955E+02          0.00000E+00
         0.41941E+02          0.00000E+00
         0.41926E+02          0.00000E+00
         0.41912E+02          0.00000E+00
         0.41898E+02          0.00000E+00
         0.41884E+02          0.00000E+00
         0.41870E+02          0.00000E+00
         0.41856E+02          0.00000E+00
         0.41842E+02          0.00000E+00
         0.41827E+02          0.00000E+00
         0.41813E+02          0.00000E+00
         0.41799E+02          0.00000E+00
         0.41785E+02          0.00000E+00
         0.41771E+02          0.00000E+00
         0.41757E+02          0.00000E+00
         0.41743E+02          0.00000E+00
         0.41729E+02          0.00000E+00
         0.41715E+02          0.00000E+00
         0.41701E+02          0.00000E+00
         0.41687E+02          0.00000E+00
         0.41673E+02          0.00000E+00
         0.41659E+02          0.00000E+00
         0.41645E+02          0.00000E+00
         0.41631E+02          0.00000E+00
         0.41617E+02          0.00000E+00
         0.41603E+02          0.00000E+00
         0.41589E+02          0.00000E+00
         0.41575E+02          0.00000E+00
         0.41561E+02          0.00000E+00
         0.41547E+02          0.00000E+00
         0.41533E+02          0.00000E+00
         0.41519E+02          0.00000E+00
         0.41505E+02          0.00000E+00
         0.41491E+02          0.00000E+00
         0.41478E+02          0.00000E+00
         0.41464E+02          0.00000E+00
         0.41450E+02          0.00000E+00
         0.41436E+02          0.00000E+00
         0.41422E+02          0.00000E+00
         0.41408E+02          0.00000E+00
         0.41394E+02          0.00000E+00
         0.41381E+02          0.00000E+00
         0.41367E+02          0.00000E+00
         0.41353E+02          0.00000E+00
         0.41339E+02          0.00000E+00
         0.41325E+02          0.00000E+00
         0.41312E+02          0.00000E+00
         0.41298E+02          0.00000E+00
         0.41284E+02          0.00000E+00
         0.41270E+02          0.00000E+00
         0.41257E+02          0.00000E+00
         0.41243E+02          0.00000E+00
         0.41229E+02          0.00000E+00
         0.41216E+02          0.00000E+00
         0.41202E+02          0.00000E+00
         0.41188E+02          0.00000E+00
         0.41175E+02          0.00000E+00
         0.41161E+02          0.00000E+00
         0.41147E+02          0.00000E+00
         0.41134E+02          0.00000E+00
         0.41120E+02          0.00000E+00
         0.41106E+02          0.00000E+00
         0.41093E+02          0.00000E+00
         0.41079E+02          0.00000E+00
         0.41065E+02          0.00000E+00
         0.41052E+02          0.00000E+00
         0.41038E+02          0.00000E+00
         0.41025E+02          0.00000E+00
         0.41011E+02          0.00000E+00
         0.40998E+02          0.00000E+00
         0.40984E+02          0.00000E+00
         0.40970E+02          0.00000E+00
         0.40957E+02          0.00000E+00
         0.40943E+02          0.00000E+00
         0.40930E+02          0.00000E+00
         0.40916E+02          0.00000E+00
         0.40903E+02          0.00000E+00
         0.40889E+02          0.00000E+00
         0.40876E+02          0.00000E+00
         0.40862E+02          0.00000E+00
         0.40849E+02          0.00000E+00
         0.40835E+02          0.00000E+00
         0.40822E+02          0.00000E+00
         0.40809E+02          0.10565E-01
         0.40795E+02          0.12873E-01
         0.40782E+02          0.20940E-01
         0.40768E+02          0.37580E-01
         0.40755E+02          0.94251E-02
         0.40742E+02          0.30415E-01
         0.40728E+02          0.28721E-01
         0.40715E+02          0.13413E-01
         0.40701E+02          0.36290E-01
         0.40688E+02          0.16590E-01
         0.40675E+02          0.84980E-02
         0.40661E+02          0.25650E-01
         0.40648E+02          0.30919E-01
         0.40635E+02          0.12049E-01
         0.40621E+02          0.27180E-01
         0.40608E+02          0.16935E-01
         0.40595E+02          0.29657E-01
         0.40582E+02          0.23358E-01
         0.40568E+02          0.27005E-01
         0.40555E+02          0.17424E-01
         0.40542E+02          0.17247E-01
         0.40528E+02          0.17287E-01
         0.40515E+02          0.17681E-01
         0.40502E+02          0.18666E-01
         0.40489E+02          0.20481E-01
         0.40476E+02          0.22911E-01
         0.40462E+02          0.24811E-01
         0.40449E+02          0.25156E-01
         0.40436E+02          0.24317E-01
         0.40423E+02          0.23236E-01
         0.40410E+02          0.22686E-01
         0.40396E+02          0.23520E-01
         0.40383E+02          0.24160E-01
         0.40370E+02          0.30002E-01
         0.40357E+02          0.32034E-01
         0.40344E+02          0.31594E-01
         0.40331E+02          0.30518E-01
         0.40318E+02          0.29954E-01
         0.40304E+02          0.31504E-01
         0.40291E+02          0.24203E-01
         0.40278E+02          0.19974E-01
         0.40265E+02          0.20928E-01
         0.40252E+02          0.21003E-01
         0.40239E+02          0.20798E-01
         0.40226E+02          0.20542E-01
         0.40213E+02          0.20426E-01
         0.40200E+02          0.20850E-01
         0.40187E+02          0.22397E-01
         0.40174E+02          0.22910E-01
         0.40161E+02          0.16784E-01
         0.40148E+02          0.16657E-01
         0.40135E+02          0.25876E-01
         0.40122E+02          0.28352E-01
         0.40109E+02          0.25410E-01
         0.40096E+02          0.31641E-01
         0.40083E+02          0.35688E-01
         0.40070E+02          0.30763E-01
         0.40057E+02          0.21145E-01
         0.40044E+02          0.20594E-01
         0.40031E+02          0.13581E-01
         0.40018E+02          0.20225E-01
         0.40005E+02          0.20731E-01
         0.39992E+02          0.19690E-01
         0.39980E+02          0.20515E-01
         0.39967E+02          0.20867E-01
         0.39954E+02          0.21373E-01
         0.39941E+02          0.20828E-01
         0.39928E+02          0.21773E-01
         0.39915E+02          0.24112E-01
         0.39902E+02          0.30170E-01
         0.39890E+02          0.24786E-01
         0.39877E+02          0.20250E-01
         0.39864E+02          0.21384E-01
         0.39851E+02          0.23766E-01
         0.39838E+02          0.19954E-01
         0.39825E+02          0.20927E-01
         0.39813E+02          0.19274E-01
         0.39800E+02          0.22025E-01
         0.39787E+02          0.27994E-01
         0.39774E+02          0.23041E-01
         0.39762E+02          0.20182E-01
         0.39749E+02          0.21025E-01
         0.39736E+02          0.20841E-01
         0.39723E+02          0.20087E-01
         0.39711E+02          0.25944E-01
         0.39698E+02          0.23312E-01
         0.39685E+02          0.21426E-01
         0.39673E+02          0.20758E-01
         0.39660E+02          0.22029E-01
         0.39647E+02          0.23080E-01
         0.39635E+02          0.21040E-01
         0.39622E+02          0.21355E-01
         0.39609E+02          0.22339E-01
         0.39597E+02          0.20838E-01
         0.39584E+02          0.23233E-01
         0.39571E+02          0.20859E-01
         0.39559E+02          0.21339E-01
         0.39546E+02          0.22408E-01
         0.39533E+02          0.22589E-01
         0.39521E+02          0.21321E-01
         0.39508E+02          0.26097E-01
         0.39496E+02          0.21679E-01
         0.39483E+02          0.22123E-01
         0.39470E+02          0.23390E-01
         0.39458E+02          0.25602E-01
         0.39445E+02          0.22677E-01
         0.39433E+02          0.22701E-01
         0.39420E+02          0.22726E-01
         0.39408E+02          0.22750E-01
         0.39395E+02          0.22775E-01
         0.39383E+02          0.22800E-01
         0.39370E+02          0.22826E-01
         0.39358E+02          0.22851E-01
         0.39345E+02          0.22877E-01
         0.39333E+02          0.22902E-01
         0.39320E+02          0.22928E-01
         0.39308E+02          0.22954E-01
         0.39295E+02          0.22980E-01
         0.39283E+02          0.23007E-01
         0.39270E+02          0.23033E-01
         0.39258E+02          0.23059E-01
         0.39246E+02          0.23086E-01
         0.39233E+02          0.23112E-01
         0.39221E+02          0.23138E-01
         0.39208E+02          0.23165E-01
         0.39196E+02          0.23192E-01
         0.39184E+02          0.23218E-01
         0.39171E+02          0.23245E-01
         0.39159E+02          0.23271E-01
         0.39146E+02          0.23298E-01
         0.39134E+02          0.23324E-01
         0.39122E+02          0.23351E-01
         0.39109E+02          0.23377E-01
         0.39097E+02          0.23403E-01
         0.39085E+02          0.23430E-01
         0.39072E+02          0.23456E-01
         0.39060E+02          0.23481E-01
         0.39048E+02          0.23507E-01
         0.39036E+02          0.23533E-01
         0.39023E+02          0.23558E-01
         0.39011E+02          0.23583E-01
         0.38999E+02          0.23607E-01
         0.38986E+02          0.23632E-01
         0.38974E+02          0.23655E-01
         0.38962E+02          0.23679E-01
         0.38950E+02          0.23701E-01
         0.38937E+02          0.23724E-01
         0.38925E+02          0.23745E-01
         0.38913E+02          0.23766E-01
         0.38901E+02          0.23786E-01
         0.38889E+02          0.23804E-01
         0.38876E+02          0.23822E-01
         0.38864E+02          0.23838E-01
         0.38852E+02          0.23852E-01
         0.38840E+02          0.23865E-01
         0.38828E+02          0.23875E-01
         0.38816E+02          0.23882E-01
         0.38803E+02          0.23887E-01
         0.38791E+02          0.23887E-01
         0.38779E+02          0.23883E-01
         0.38767E+02          0.23872E-01
         0.38755E+02          0.23855E-01
         0.38743E+02          0.23829E-01
         0.38731E+02          0.23793E-01
         0.38719E+02          0.23744E-01
         0.38706E+02          0.23682E-01
         0.38694E+02          0.23617E-01
         0.38682E+02          0.23586E-01
         0.38670E+02          0.23758E-01
         0.38658E+02          0.24812E-01
         0.38646E+02          0.27877E-01
         0.38634E+02          0.29326E-01
         0.38622E+02          0.28315E-01
         0.38610E+02          0.27902E-01
         0.38598E+02          0.31212E-01
         0.38586E+02          0.30290E-01
         0.38574E+02          0.29000E-01
         0.38562E+02          0.24197E-01
         0.38550E+02          0.22895E-01
         0.38538E+02          0.24540E-01
         0.38526E+02          0.25055E-01
         0.38514E+02          0.25268E-01
         0.38502E+02          0.25377E-01
         0.38490E+02          0.25442E-01
         0.38478E+02          0.25486E-01
         0.38466E+02          0.25520E-01
         0.38454E+02          0.25549E-01
         0.38442E+02          0.25574E-01
         0.38431E+02          0.25598E-01
         0.38419E+02          0.25621E-01
         0.38407E+02          0.25644E-01
         0.38395E+02          0.25668E-01
         0.38383E+02          0.25691E-01
         0.38371E+02          0.25714E-01
         0.38359E+02          0.25738E-01
         0.38347E+02          0.25762E-01
         0.38335E+02          0.25787E-01
         0.38324E+02          0.25812E-01
         0.38312E+02          0.25836E-01
         0.38300E+02          0.25862E-01
         0.38288E+02          0.25887E-01
         0.38276E+02          0.25913E-01
         0.38265E+02          0.25939E-01
         0.38253E+02          0.25966E-01
         0.38241E+02          0.25993E-01
         0.38229E+02          0.26022E-01
         0.38217E+02          0.26054E-01
         0.38206E+02          0.26091E-01
         0.38194E+02          0.26140E-01
         0.38182E+02          0.26192E-01
         0.38170E+02          0.28830E-01
         0.38159E+02          0.25775E-01
         0.38147E+02          0.25947E-01
         0.38135E+02          0.26001E-01
         0.38123E+02          0.26023E-01
         0.38112E+02          0.26026E-01
         0.38100E+02          0.26012E-01
         0.38088E+02          0.25976E-01
         0.38076E+02          0.25908E-01
         0.38065E+02          0.25794E-01
         0.38053E+02          0.25657E-01
         0.38041E+02          0.26488E-01
         0.38030E+02          0.31259E-01
         0.38018E+02          0.30379E-01
         0.38006E+02          0.30623E-01
         0.37995E+02          0.22502E-01
         0.37983E+02          0.26395E-01
         0.37972E+02          0.26853E-01
         0.37960E+02          0.26967E-01
         0.37948E+02          0.27013E-01
         0.37937E+02          0.27039E-01
         0.37925E+02          0.27059E-01
         0.37913E+02          0.27078E-01
         0.37902E+02          0.27097E-01
         0.37890E+02          0.27116E-01
         0.37879E+02          0.27137E-01
         0.37867E+02          0.27159E-01
         0.37856E+02          0.27184E-01
         0.37844E+02          0.27216E-01
         0.37832E+02          0.27267E-01
         0.37821E+02          0.27318E-01
         0.37809E+02          0.26612E-01
         0.37798E+02          0.26991E-01
         0.37786E+02          0.27021E-01
         0.37775E+02          0.26973E-01
         0.37763E+02          0.26827E-01
         0.37752E+02          0.26676E-01
         0.37740E+02          0.31386E-01
         0.37729E+02          0.30868E-01
         0.37717E+02          0.27098E-01
         0.37706E+02          0.27690E-01
         0.37694E+02          0.27752E-01
         0.37683E+02          0.27770E-01
         0.37672E+02          0.27782E-01
         0.37660E+02          0.27797E-01
         0.37649E+02          0.27820E-01
         0.37637E+02          0.27869E-01
         0.37626E+02          0.30031E-01
         0.37614E+02          0.27533E-01
         0.37603E+02          0.27524E-01
         0.37592E+02          0.27243E-01
         0.37580E+02          0.31242E-01
         0.37569E+02          0.26906E-01
         0.37557E+02          0.28146E-01
         0.37546E+02          0.28173E-01
         0.37535E+02          0.28180E-01
         0.37523E+02          0.28205E-01
         0.37512E+02          0.29848E-01
         0.37501E+02          0.27881E-01
         0.37489E+02          0.27527E-01
         0.37478E+02          0.30735E-01
         0.37467E+02          0.28416E-01
         0.37455E+02          0.28424E-01
         0.37444E+02          0.28459E-01
         0.37433E+02          0.28077E-01
         0.37421E+02          0.28086E-01
         0.37410E+02          0.28533E-01
         0.37399E+02          0.28589E-01
         0.37388E+02          0.30738E-01
         0.37376E+02          0.27982E-01
         0.37365E+02          0.28714E-01
         0.37354E+02          0.28776E-01
         0.37343E+02          0.33183E-01
         0.37331E+02          0.28791E-01
         0.37320E+02          0.28187E-01
         0.37309E+02          0.28855E-01
         0.37298E+02          0.28283E-01
         0.37286E+02          0.28311E-01
         0.37275E+02          0.28501E-01
         0.37264E+02          0.33331E-01
         0.37253E+02          0.29048E-01
         0.37242E+02          0.25568E-01
         0.37230E+02          0.29566E-01
         0.37219E+02          0.29067E-01
         0.37208E+02          0.29090E-01
         0.37197E+02          0.28875E-01
         0.37186E+02          0.28908E-01
         0.37175E+02          0.28941E-01
         0.37163E+02          0.28974E-01
         0.37152E+02          0.29007E-01
         0.37141E+02          0.29040E-01
         0.37130E+02          0.29073E-01
         0.37119E+02          0.29106E-01
         0.37108E+02          0.29139E-01
         0.37097E+02          0.29171E-01
         0.37086E+02          0.29204E-01
         0.37075E+02          0.29237E-01
         0.37063E+02          0.29270E-01
         0.37052E+02          0.29302E-01
         0.37041E+02          0.29335E-01
         0.37030E+02          0.29367E-01
         0.37019E+02          0.29400E-01
         0.37008E+02          0.29433E-01
         0.36997E+02          0.29465E-01
         0.36986E+02          0.29498E-01
         0.36975E+02          0.29530E-01
         0.36964E+02          0.29563E-01
         0.36953E+02          0.29595E-01
         0.36942E+02          0.29628E-01
         0.36931E+02          0.29660E-01
         0.36920E+02          0.29693E-01
         0.36909E+02          0.29725E-01
         0.36898E+02          0.29757E-01
         0.36887E+02          0.29790E-01
         0.36876E+02          0.29822E-01
         0.36865E+02          0.29854E-01
         0.36854E+02          0.29887E-01
         0.36843E+02          0.29919E-01
         0.36832E+02          0.29951E-01
         0.36821E+02          0.29984E-01
         0.36810E+02          0.30016E-01
         0.36799E+02          0.30048E-01
         0.36789E+02          0.30080E-01
         0.36778E+02          0.30112E-01
         0.36767E+02          0.30145E-01
         0.36756E+02          0.30177E-01
         0.36745E+02          0.30209E-01
         0.36734E+02          0.30241E-01
         0.36723E+02          0.30273E-01
         0.36712E+02          0.30305E-01
         0.36701E+02          0.30338E-01
         0.36691E+02          0.30370E-01
         0.36680E+02          0.30402E-01
         0.36669E+02          0.30434E-01
         0.36658E+02          0.30466E-01
         0.36647E+02          0.30498E-01
         0.36636E+02          0.30530E-01
         0.36625E+02          0.30562E-01
         0.36615E+02          0.30594E-01
         0.36604E+02          0.30626E-01
         0.36593E+02          0.30658E-01
         0.36582E+02          0.30690E-01
         0.36571E+02          0.30722E-01
         0.36561E+02          0.30755E-01
         0.36550E+02          0.30787E-01
         0.36539E+02          0.30819E-01
         0.36528E+02          0.30851E-01
         0.36518E+02          0.30883E-01
         0.36507E+02          0.30915E-01
         0.36496E+02          0.30947E-01
         0.36485E+02          0.30979E-01
         0.36475E+02          0.31011E-01
         0.36464E+02          0.31043E-01
         0.36453E+02          0.31075E-01
         0.36442E+02          0.31107E-01
         0.36432E+02          0.31139E-01
         0.36421E+02          0.31171E-01
         0.36410E+02          0.31204E-01
         0.36400E+02          0.31236E-01
         0.36389E+02          0.31268E-01
         0.36378E+02          0.31300E-01
         0.36368E+02          0.31332E-01
         0.36357E+02          0.31364E-01
         0.36346E+02          0.31397E-01
         0.36336E+02          0.31429E-01
         0.36325E+02          0.31461E-01
         0.36314E+02          0.31493E-01
         0.36304E+02          0.31526E-01
         0.36293E+02          0.31558E-01
         0.36283E+02          0.31590E-01
         0.36272E+02          0.31623E-01
         0.36261E+02          0.31655E-01
         0.36251E+02          0.31688E-01
         0.36240E+02          0.31720E-01
         0.36229E+02          0.31753E-01
         0.36219E+02          0.31785E-01
         0.36208E+02          0.31818E-01
         0.36198E+02          0.31851E-01
         0.36187E+02          0.31883E-01
         0.36177E+02          0.31916E-01
         0.36166E+02          0.31949E-01
         0.36156E+02          0.31982E-01
         0.36145E+02          0.32015E-01
         0.36134E+02          0.32048E-01
         0.36124E+02          0.32081E-01
         0.36113E+02          0.32114E-01
         0.36103E+02          0.32147E-01
         0.36092E+02          0.32180E-01
         0.36082E+02          0.32213E-01
         0.36071E+02          0.32247E-01
         0.36061E+02          0.32280E-01
         0.36050E+02          0.32314E-01
         0.36040E+02          0.32347E-01
         0.36029E+02          0.32381E-01
         0.36019E+02          0.32415E-01
         0.36009E+02          0.32449E-01
         0.35998E+02          0.32483E-01
         0.35988E+02          0.32517E-01
         0.35977E+02          0.32551E-01
         0.35967E+02          0.32585E-01
         0.35956E+02          0.32620E-01
         0.35946E+02          0.32654E-01
         0.35935E+02          0.32689E-01
         0.35925E+02          0.32724E-01
         0.35915E+02          0.32759E-01
         0.35904E+02          0.32794E-01
         0.35894E+02          0.32830E-01
         0.35883E+02          0.32865E-01
         0.35873E+02          0.32901E-01
         0.35863E+02          0.32937E-01
         0.35852E+02          0.32973E-01
         0.35842E+02          0.33009E-01
         0.35832E+02          0.33045E-01
         0.35821E+02          0.33082E-01
         0.35811E+02          0.33119E-01
         0.35801E+02          0.33156E-01
         0.35790E+02          0.33194E-01
         0.35780E+02          0.33232E-01
         0.35770E+02          0.33270E-01
         0.35759E+02          0.33308E-01
         0.35749E+02          0.33346E-01
         0.35739E+02          0.33385E-01
         0.35728E+02          0.33425E-01
         0.35718E+02          0.33464E-01
         0.35708E+02          0.33504E-01
         0.35698E+02          0.33545E-01
         0.35687E+02          0.33586E-01
         0.35677E+02          0.33627E-01
         0.35667E+02          0.33669E-01
         0.35656E+02          0.33711E-01
         0.35646E+02          0.33754E-01
         0.35636E+02          0.33797E-01
         0.35626E+02          0.33841E-01
         0.35615E+02          0.33886E-01
         0.35605E+02          0.33931E-01
         0.35595E+02          0.33977E-01
         0.35585E+02          0.34024E-01
         0.35575E+02          0.34071E-01
         0.35564E+02          0.34119E-01
         0.35554E+02          0.34168E-01
         0.35544E+02          0.34219E-01
         0.35534E+02          0.34270E-01
         0.35524E+02          0.34322E-01
         0.35513E+02          0.34375E-01
         0.35503E+02          0.34429E-01
         0.35493E+02          0.34485E-01
         0.35483E+02          0.34542E-01
         0.35473E+02          0.34600E-01
         0.35463E+02          0.34660E-01
         0.35453E+02          0.34721E-01
         0.35442E+02          0.34784E-01
         0.35432E+02          0.34849E-01
         0.35422E+02          0.34916E-01
         0.35412E+02          0.34986E-01
         0.35402E+02          0.35057E-01
         0.35392E+02          0.35131E-01
         0.35382E+02          0.35208E-01
         0.35372E+02          0.35287E-01
         0.35362E+02          0.35369E-01
         0.35351E+02          0.35455E-01
         0.35341E+02          0.35544E-01
         0.35331E+02          0.35638E-01
         0.35321E+02          0.35735E-01
         0.35311E+02          0.35837E-01
         0.35301E+02          0.35943E-01
         0.35291E+02          0.36056E-01
         0.35281E+02          0.36174E-01
         0.35271E+02          0.36298E-01
         0.35261E+02          0.36429E-01
         0.35251E+02          0.36568E-01
         0.35241E+02          0.36715E-01
         0.35231E+02          0.36872E-01
         0.35221E+02          0.37038E-01
         0.35211E+02          0.37216E-01
         0.35201E+02          0.37406E-01
         0.35191E+02          0.37610E-01
         0.35181E+02          0.37828E-01
         0.35171E+02          0.38064E-01
         0.35161E+02          0.38318E-01
         0.35151E+02          0.38594E-01
         0.35141E+02          0.38892E-01
         0.35131E+02          0.39218E-01
         0.35121E+02          0.39573E-01
         0.35111E+02          0.39962E-01
         0.35101E+02          0.40390E-01
         0.35091E+02          0.40861E-01
         0.35081E+02          0.41383E-01
         0.35071E+02          0.41962E-01
         0.35062E+02          0.42607E-01
         0.35052E+02          0.43328E-01
         0.35042E+02          0.44139E-01
         0.35032E+02          0.45054E-01
         0.35022E+02          0.46091E-01
         0.35012E+02          0.47272E-01
         0.35002E+02          0.48623E-01
         0.34992E+02          0.50177E-01
         0.34982E+02          0.51975E-01
         0.34973E+02          0.54067E-01
         0.34963E+02          0.56514E-01
         0.34953E+02          0.59392E-01
         0.34943E+02          0.62800E-01
         0.34933E+02          0.66854E-01
         0.34923E+02          0.71702E-01
         0.34913E+02          0.77523E-01
         0.34904E+02          0.84525E-01
         0.34894E+02          0.92940E-01
         0.34884E+02          0.10300E+00
         0.34874E+02          0.11485E+00
         0.34864E+02          0.12849E+00
         0.34855E+02          0.14352E+00
         0.34845E+02          0.15895E+00
         0.34835E+02          0.17306E+00
         0.34825E+02          0.18359E+00
         0.34815E+02          0.18846E+00
         0.34806E+02          0.18675E+00
         0.34796E+02          0.17911E+00
         0.34786E+02          0.16744E+00
         0.34776E+02          0.15387E+00
         0.34767E+02          0.14013E+00
         0.34757E+02          0.12730E+00
         0.34747E+02          0.11585E+00
         0.34737E+02          0.10593E+00
         0.34728E+02          0.97451E-01
         0.34718E+02          0.90262E-01
         0.34708E+02          0.84178E-01
         0.34698E+02          0.79024E-01
         0.34689E+02          0.74646E-01
         0.34679E+02          0.70911E-01
         0.34669E+02          0.67709E-01
         0.34660E+02          0.64951E-01
         0.34650E+02          0.62562E-01
         0.34640E+02          0.60481E-01
         0.34631E+02          0.58658E-01
         0.34621E+02          0.57053E-01
         0.34611E+02          0.55629E-01
         0.34602E+02          0.54358E-01
         0.34592E+02          0.53213E-01
         0.34582E+02          0.52173E-01
         0.34573E+02          0.51214E-01
         0.34563E+02          0.50318E-01
         0.34553E+02          0.49460E-01
         0.34544E+02          0.48616E-01
         0.34534E+02          0.47756E-01
         0.34525E+02          0.46842E-01
         0.34515E+02          0.45830E-01
         0.34505E+02          0.44678E-01
         0.34496E+02          0.43389E-01
         0.34486E+02          0.42113E-01
         0.34477E+02          0.41273E-01
         0.34467E+02          0.41399E-01
         0.34457E+02          0.42491E-01
         0.34448E+02          0.43940E-01
         0.34438E+02          0.45230E-01
         0.34429E+02          0.46215E-01
         0.34419E+02          0.46942E-01
         0.34410E+02          0.47495E-01
         0.34400E+02          0.47941E-01
         0.34390E+02          0.48321E-01
         0.34381E+02          0.48660E-01
         0.34371E+02          0.48966E-01
         0.34362E+02          0.49238E-01
         0.34352E+02          0.49461E-01
         0.34343E+02          0.49610E-01
         0.34333E+02          0.49648E-01
         0.34324E+02          0.49527E-01
         0.34314E+02          0.49188E-01
         0.34305E+02          0.48565E-01
         0.34295E+02          0.47595E-01
         0.34286E+02          0.46228E-01
         0.34276E+02          0.44445E-01
         0.34267E+02          0.42270E-01
         0.34257E+02          0.39813E-01
         0.34248E+02          0.37346E-01
         0.34239E+02          0.35569E-01
         0.34229E+02          0.36440E-01
         0.34220E+02          0.45605E-01
         0.34210E+02          0.74707E-01
         0.34201E+02          0.11547E+00
         0.34191E+02          0.12222E+00
         0.34182E+02          0.10673E+00
         0.34172E+02          0.91767E-01
         0.34163E+02          0.80983E-01
         0.34154E+02          0.73390E-01
         0.34144E+02          0.67904E-01
         0.34135E+02          0.63808E-01
         0.34125E+02          0.60658E-01
         0.34116E+02          0.58175E-01
         0.34107E+02          0.56176E-01
         0.34097E+02          0.54538E-01
         0.34088E+02          0.53178E-01
         0.34079E+02          0.52034E-01
         0.34069E+02          0.51062E-01
         0.34060E+02          0.50228E-01
         0.34050E+02          0.49507E-01
         0.34041E+02          0.48880E-01
         0.34032E+02          0.48330E-01
         0.34022E+02          0.47847E-01
         0.34013E+02          0.47419E-01
         0.34004E+02          0.47039E-01
         0.33994E+02          0.46700E-01
         0.33985E+02          0.46397E-01
         0.33976E+02          0.46125E-01
         0.33967E+02          0.45880E-01
         0.33957E+02          0.45659E-01
         0.33948E+02          0.45459E-01
         0.33939E+02          0.45279E-01
         0.33929E+02          0.45115E-01
         0.33920E+02          0.44967E-01
         0.33911E+02          0.44832E-01
         0.33901E+02          0.44709E-01
         0.33892E+02          0.44598E-01
         0.33883E+02          0.44497E-01
         0.33874E+02          0.44405E-01
         0.33864E+02          0.44322E-01
         0.33855E+02          0.44247E-01
         0.33846E+02          0.44178E-01
         0.33837E+02          0.44117E-01
         0.33827E+02          0.44062E-01
         0.33818E+02          0.44013E-01
         0.33809E+02          0.43969E-01
         0.33800E+02          0.43930E-01
         0.33791E+02          0.43896E-01
         0.33781E+02          0.43867E-01
         0.33772E+02          0.43842E-01
         0.33763E+02          0.43821E-01
         0.33754E+02          0.43804E-01
         0.33745E+02          0.43791E-01
         0.33735E+02          0.43782E-01
         0.33726E+02          0.43777E-01
         0.33717E+02          0.43775E-01
         0.33708E+02          0.43776E-01
         0.33699E+02          0.43781E-01
         0.33690E+02          0.43790E-01
         0.33680E+02          0.43802E-01
         0.33671E+02          0.43817E-01
         0.33662E+02          0.43836E-01
         0.33653E+02          0.43859E-01
