       N2_  0.127663260707E+05  0.700335000000E+01
    01   -->    00    0.1860259983E+04
    02   -->    01    0.1833612156E+04
    03   -->    02    0.1803128661E+04
    04   -->    03    0.1773703488E+04
    05   -->    04    0.1744161785E+04
    06   -->    05    0.1714542868E+04
    07   -->    06    0.1684736208E+04
    08   -->    07    0.1655128024E+04
    09   -->    08    0.1625620244E+04
    10   -->    09    0.1596102841E+04
    11   -->    10    0.1566635411E+04
    12   -->    11    0.1537145051E+04
    13   -->    12    0.1507666548E+04
    14   -->    13    0.1478188324E+04
    15   -->    14    0.1448740025E+04
    16   -->    15    0.1419301187E+04
    17   -->    16    0.1389757509E+04
    18   -->    17    0.1360128235E+04
    19   -->    18    0.1330460491E+04
    20   -->    19    0.1300825338E+04
    21   -->    20    0.1271251894E+04
    22   -->    21    0.1241637781E+04
    23   -->    22    0.1211956155E+04
    24   -->    23    0.1182201204E+04
    25   -->    24    0.1152353509E+04
    26   -->    25    0.1122467270E+04
    27   -->    26    0.1092597008E+04
    28   -->    27    0.1062757081E+04
    29   -->    28    0.1032863955E+04
    30   -->    29    0.1002933532E+04
    31   -->    30    0.9731556275E+03
    32   -->    31    0.9436503788E+03
    33   -->    32    0.9143349979E+03
    34   -->    33    0.8851063549E+03
    35   -->    34    0.8560618201E+03
    36   -->    35    0.8273729909E+03
    37   -->    36    0.7992184698E+03
    38   -->    37    0.7715670874E+03
    39   -->    38    0.7441395361E+03
    40   -->    39    0.7170924001E+03
    41   -->    40    0.6908928875E+03
    42   -->    41    0.6652193264E+03
    43   -->    42    0.6396905274E+03
    44   -->    43    0.6146306032E+03
    45   -->    44    0.5900191916E+03
    46   -->    45    0.5656946212E+03
    47   -->    46    0.5417071892E+03
    48   -->    47    0.5178425328E+03
    49   -->    48    0.4941200162E+03
    50   -->    49    0.4705818950E+03
    51   -->    50    0.4467540339E+03
    52   -->    51    0.4228218262E+03
    53   -->    52    0.3989816771E+03
    54   -->    53    0.3748966568E+03
    55   -->    54    0.3506910355E+03
    56   -->    55    0.3261471756E+03
    57   -->    56    0.3011434948E+03
    58   -->    57    0.2755771497E+03
    59   -->    58    0.2497127614E+03
    60   -->    59    0.2239269509E+03
    61   -->    60    0.1979932408E+03
    62   -->    61    0.1719194013E+03
    63   -->    62    0.1461608369E+03
    64   -->    63    0.1209628678E+03
    65   -->    64    0.9724167186E+02
    66   -->    65    0.7381554227E+02
    67   -->    66    0.4936851446E+02
    68   -->    67    0.4176193025E+02
    69   -->    68    0.5006529759E+02
    70   -->    69    0.5892787354E+02
    71   -->    70    0.6694486806E+02
    72   -->    71    0.7416742068E+02
    73   -->    72    0.8077486343E+02
    74   -->    73    0.8692645450E+02
    75   -->    74    0.9270866393E+02
    76   -->    75    0.9819978721E+02
    77   -->    76    0.1034467856E+03
    78   -->    77    0.1084929439E+03
    79   -->    78    0.1133590237E+03
    80   -->    79    0.1180749738E+03
    81   -->    80    0.1226548599E+03
    82   -->    81    0.1271149563E+03
    83   -->    82    0.1314676132E+03
    84   -->    83    0.1357222975E+03
    85   -->    84    0.1398884480E+03
    86   -->    85    0.1439739937E+03
    87   -->    86    0.1479841703E+03
    88   -->    87    0.1519255115E+03
    89   -->    88    0.1558034444E+03
    90   -->    89    0.1596214201E+03
    91   -->    90    0.1633837189E+03
    92   -->    91    0.1670945967E+03
    93   -->    92    0.1707561357E+03
    94   -->    93    0.1743718264E+03
    95   -->    94    0.1779442894E+03
    96   -->    95    0.1814756082E+03
    97   -->    96    0.1849680006E+03
    98   -->    97    0.1884236927E+03
    99   -->    98    0.1918442798E+03
   100   -->    99    0.1952313904E+03
   101   -->   100    0.1985871195E+03
   102   -->   101    0.2019122409E+03
   103   -->   102    0.2052082535E+03
   104   -->   103    0.2084765858E+03
   105   -->   104    0.2117181246E+03
   106   -->   105    0.2149342552E+03
   107   -->   106    0.2181259377E+03
   108   -->   107    0.2212940769E+03
   109   -->   108    0.2244395907E+03
   110   -->   109    0.2275630450E+03
   111   -->   110    0.2306654012E+03
   112   -->   111    0.2337475626E+03
   113   -->   112    0.2368100854E+03
   114   -->   113    0.2398539125E+03
   115   -->   114    0.2428794054E+03
   116   -->   115    0.2458869887E+03
   117   -->   116    0.2488774084E+03
   118   -->   117    0.2518512204E+03
   119   -->   118    0.2548091188E+03
   120   -->   119    0.2577513819E+03
   121   -->   120    0.2606785359E+03
   122   -->   121    0.2635909624E+03
   123   -->   122    0.2664889881E+03
   124   -->   123    0.2693731333E+03
   125   -->   124    0.2722439099E+03
   126   -->   125    0.2751017762E+03
   127   -->   126    0.2779467174E+03
   128   -->   127    0.2807789276E+03
   129   -->   128    0.2835992475E+03
   130   -->   129    0.2864079744E+03
   131   -->   130    0.2892051872E+03
   132   -->   131    0.2919908383E+03
   133   -->   132    0.2947657457E+03
   134   -->   133    0.2975301625E+03
   135   -->   134    0.3002839929E+03
   136   -->   135    0.3030275523E+03
   137   -->   136    0.3057613166E+03
   138   -->   137    0.3084854808E+03
   139   -->   138    0.3111999480E+03
   140   -->   139    0.3139050911E+03
   141   -->   140    0.3166013914E+03
   142   -->   141    0.3192887302E+03
   143   -->   142    0.3219672270E+03
   144   -->   143    0.3246372916E+03
   145   -->   144    0.3272991932E+03
   146   -->   145    0.3299527692E+03
   147   -->   146    0.3325983378E+03
   148   -->   147    0.3352361668E+03
   149   -->   148    0.3378663268E+03
   150   -->   149    0.3404888824E+03
   151   -->   150    0.3431040751E+03
   152   -->   151    0.3457120865E+03
   153   -->   152    0.3483129414E+03
   154   -->   153    0.3509068208E+03
   155   -->   154    0.3534938967E+03
   156   -->   155    0.3560742210E+03
   157   -->   156    0.3586479262E+03
   158   -->   157    0.3612151791E+03
   159   -->   158    0.3637760701E+03
   160   -->   159    0.3663306578E+03
   161   -->   160    0.3688791407E+03
   162   -->   161    0.3714215689E+03
   163   -->   162    0.3739580732E+03
   164   -->   163    0.3764887232E+03
   165   -->   164    0.3790136286E+03
   166   -->   165    0.3815328603E+03
   167   -->   166    0.3840465553E+03
   168   -->   167    0.3865547743E+03
   169   -->   168    0.3890575874E+03
   170   -->   169    0.3915551041E+03
   171   -->   170    0.3940474116E+03
   172   -->   171    0.3965345771E+03
   173   -->   172    0.3990166599E+03
   174   -->   173    0.4014937851E+03
   175   -->   174    0.4039659967E+03
   176   -->   175    0.4064333664E+03
   177   -->   176    0.4088959418E+03
   178   -->   177    0.4113538104E+03
   179   -->   178    0.4138070619E+03
   180   -->   179    0.4162557268E+03
   181   -->   180    0.4186999093E+03
   182   -->   181    0.4211396191E+03
   183   -->   182    0.4235749500E+03
   184   -->   183    0.4260059480E+03
   185   -->   184    0.4284327322E+03
   186   -->   185    0.4308552897E+03
   187   -->   186    0.4332737200E+03
   188   -->   187    0.4356879827E+03
   189   -->   188    0.4380982526E+03
   190   -->   189    0.4405045087E+03
   191   -->   190    0.4429069034E+03
   192   -->   191    0.4453053251E+03
   193   -->   192    0.4476999411E+03
   194   -->   193    0.4500907267E+03
   195   -->   194    0.4524778611E+03
   196   -->   195    0.4548611877E+03
   197   -->   196    0.4572409233E+03
   198   -->   197    0.4596169709E+03
   199   -->   198    0.4619895993E+03
   200   -->   199    0.4643585555E+03
   201   -->   200    0.4667241247E+03
   202   -->   201    0.4690861455E+03
   203   -->   202    0.4714449575E+03
   204   -->   203    0.4738001595E+03
   205   -->   204    0.4761521979E+03
   206   -->   205    0.4785007701E+03
   207   -->   206    0.4808463540E+03
   208   -->   207    0.4831884194E+03
   209   -->   208    0.4855275686E+03
   210   -->   209    0.4878632464E+03
   211   -->   210    0.4901962636E+03
   212   -->   211    0.4925257641E+03
   213   -->   212    0.4948526170E+03
   214   -->   213    0.4971760486E+03
   215   -->   214    0.4994971274E+03
   216   -->   215    0.5018145561E+03
   217   -->   216    0.5041298054E+03
   218   -->   217    0.5064414674E+03
   219   -->   218    0.5087511219E+03
   220   -->   219    0.5110570346E+03
   221   -->   220    0.5133612799E+03
   222   -->   221    0.5156615874E+03
   223   -->   222    0.5179605485E+03
   224   -->   223    0.5202554019E+03
   225   -->   224    0.5225492330E+03
   226   -->   225    0.5248387145E+03
   227   -->   226    0.5271276489E+03
   228   -->   227    0.5294118020E+03
   229   -->   228    0.5316959605E+03
   230   -->   229    0.5339749233E+03
   231   -->   230    0.5362544798E+03
   232   -->   231    0.5385282832E+03
   233   -->   232    0.5408034703E+03
   234   -->   233    0.5430721521E+03
   235   -->   234    0.5453431628E+03
   236   -->   235    0.5476067870E+03
   237   -->   236    0.5498738442E+03
   238   -->   237    0.5521324070E+03
   239   -->   238    0.5543957681E+03
   240   -->   239    0.5566492475E+03
   241   -->   240    0.5589091944E+03
   242   -->   241    0.5611575322E+03
   243   -->   242    0.5634143640E+03
   244   -->   243    0.5656574775E+03
   245   -->   244    0.5679115439E+03
   246   -->   245    0.5701492889E+03
   247   -->   246    0.5724009906E+03
   248   -->   247    0.5746331555E+03
   249   -->   248    0.5768829300E+03
   250   -->   249    0.5791092372E+03
   251   -->   250    0.5813576172E+03
   252   -->   251    0.5835777024E+03
   253   -->   252    0.5858252771E+03
   254   -->   253    0.5880386616E+03
   255   -->   254    0.5902861443E+03
   256   -->   255    0.5924922140E+03
   257   -->   256    0.5947404372E+03
   258   -->   257    0.5969384489E+03
   259   -->   258    0.5991883932E+03
   260   -->   259    0.6013773881E+03
   261   -->   260    0.6036302297E+03
   262   -->   261    0.6058090581E+03
   263   -->   262    0.6080662039E+03
   264   -->   263    0.6102334570E+03
   265   -->   264    0.6124965861E+03
   266   -->   265    0.6146505169E+03
   267   -->   266    0.6169216302E+03
   268   -->   267    0.6190601301E+03
   269   -->   268    0.6213416283E+03
   270   -->   269    0.6234621217E+03
   271   -->   270    0.6257568728E+03
   272   -->   271    0.6278562759E+03
   273   -->   272    0.6301677637E+03
   274   -->   273    0.6322423654E+03
   275   -->   274    0.6345747435E+03
   276   -->   275    0.6366200801E+03
   277   -->   276    0.6389783494E+03
   278   -->   277    0.6409890486E+03
   279   -->   278    0.6433791293E+03
   280   -->   279    0.6453487316E+03
   281   -->   280    0.6477777938E+03
   282   -->   281    0.6496986224E+03
   283   -->   282    0.6521751529E+03
   284   -->   283    0.6540379990E+03
   285   -->   284    0.6565722049E+03
   286   -->   285    0.6583660928E+03
   287   -->   286    0.6609700249E+03
   288   -->   287    0.6626818793E+03
   289   -->   288    0.6653699497E+03
   290   -->   289    0.6669841784E+03
   291   -->   290    0.6697734650E+03
   292   -->   291    0.6712716069E+03
   293   -->   292    0.6741823079E+03
   294   -->   293    0.6755423785E+03
   295   -->   294    0.6785984501E+03
   296   -->   295    0.6797944995E+03
   297   -->   296    0.6830241968E+03
   298   -->   297    0.6840255070E+03
   299   -->   298    0.6874622788E+03
   300   -->   299    0.6882326182E+03
   301   -->   300    0.6919157182E+03
   302   -->   301    0.6924124851E+03
   303   -->   302    0.6963882008E+03
   304   -->   303    0.6965612040E+03
   305   -->   304    0.7008838529E+03
   306   -->   305    0.7006742736E+03
   307   -->   306    0.7054074849E+03
   308   -->   307    0.7047464119E+03
   309   -->   308    0.7099646725E+03
   310   -->   309    0.7087715654E+03
   311   -->   310    0.7145618410E+03
   312   -->   311    0.7127426768E+03
   313   -->   312    0.7192063499E+03
   314   -->   313    0.7166516528E+03
   315   -->   314    0.7239066506E+03
   316   -->   315    0.7204892144E+03
   317   -->   316    0.7286724603E+03
   318   -->   317    0.7242447460E+03
   319   -->   318    0.7335149211E+03
   320   -->   319    0.7279061940E+03
   321   -->   320    0.7384467242E+03
   322   -->   321    0.7314598073E+03
   323   -->   322    0.7434822633E+03
   324   -->   323    0.7348899774E+03
   325   -->   324    0.7486378582E+03
   326   -->   325    0.7381790697E+03
   327   -->   326    0.7539319432E+03
   328   -->   327    0.7413072388E+03
   329   -->   328    0.7593852859E+03
   330   -->   329    0.7442522019E+03
   331   -->   330    0.7650211324E+03
   332   -->   331    0.7469890078E+03
   333   -->   332    0.7708654135E+03
   334   -->   333    0.7494898576E+03
   335   -->   334    0.7769469620E+03
   336   -->   335    0.7517239730E+03
   337   -->   336    0.7832977052E+03
   338   -->   337    0.7536574546E+03
   339   -->   338    0.7899527987E+03
   340   -->   339    0.7552531562E+03
   341   -->   340    0.7969507153E+03
   342   -->   341    0.7564706686E+03
   343   -->   342    0.8043332920E+03
   344   -->   343    0.7572663457E+03
   345   -->   344    0.8121457070E+03
   346   -->   345    0.7575934947E+03
   347   -->   346    0.8204363259E+03
   348   -->   347    0.7574026373E+03
   349   -->   348    0.8292564067E+03
   350   -->   349    0.7566419338E+03
   351   -->   350    0.8386596611E+03
   352   -->   351    0.7552578502E+03
   353   -->   352    0.8487016035E+03
   354   -->   353    0.7531959745E+03
   355   -->   354    0.8594386672E+03
   356   -->   355    0.7504021249E+03
   357   -->   356    0.8709270926E+03
   358   -->   357    0.7468237074E+03
   359   -->   358    0.8832215053E+03
   360   -->   359    0.7424113228E+03
   361   -->   360    0.8963732546E+03
   362   -->   361    0.7371207079E+03
   363   -->   362    0.9104284690E+03
   364   -->   363    0.7309148228E+03
   365   -->   364    0.9254258769E+03
   366   -->   365    0.7237662024E+03
   367   -->   366    0.9413944888E+03
   368   -->   367    0.7156592949E+03
   369   -->   368    0.9583512172E+03
   370   -->   369    0.7065927876E+03
   371   -->   370    0.9762985607E+03
   372   -->   371    0.6965814925E+03
   373   -->   372    0.9952226258E+03
   374   -->   373    0.6856578873E+03
   375   -->   374    0.1015091541E+04
   376   -->   375    0.6738728927E+03
   377   -->   376    0.1035854735E+04
   378   -->   377    0.6612958532E+03
   379   -->   378    0.1057442940E+04
   380   -->   379    0.6480134131E+03
   381   -->   380    0.1079769269E+04
   382   -->   381    0.6341273161E+03
   383   -->   382    0.1102731360E+04
   384   -->   383    0.6197514029E+03
   385   -->   384    0.1126214409E+04
   386   -->   385    0.6050078703E+03
   387   -->   386    0.1150095072E+04
   388   -->   387    0.5900228533E+03
   389   -->   388    0.1174245728E+04
   390   -->   389    0.5749220885E+03
   391   -->   390    0.1198538960E+04
   392   -->   391    0.5598266261E+03
   393   -->   392    0.1222851877E+04
   394   -->   393    0.5448491247E+03
   395   -->   394    0.1247069785E+04
   396   -->   395    0.5300909316E+03
   397   -->   396    0.1271089206E+04
   398   -->   397    0.5156400872E+03
   399   -->   398    0.1294819939E+04
   400   -->   399    0.5015701955E+03
   401   -->   400    0.1318186229E+04
   402   -->   401    0.4879401127E+03
   403   -->   402    0.1341127117E+04
   404   -->   403    0.4747943889E+03
   405   -->   404    0.1363596035E+04
   406   -->   405    0.4621641978E+03
   407   -->   406    0.1385559873E+04
   408   -->   407    0.4500687183E+03
   409   -->   408    0.1406997659E+04
   410   -->   409    0.4385166622E+03
   411   -->   410    0.1427899006E+04
   412   -->   411    0.4275079058E+03
   413   -->   412    0.1448262469E+04
   414   -->   413    0.4170351555E+03
   415   -->   414    0.1468093890E+04
   416   -->   415    0.4070855204E+03
   417   -->   416    0.1487404846E+04
   418   -->   417    0.3976419299E+03
   419   -->   418    0.1506211261E+04
   420   -->   419    0.3886842830E+03
   421   -->   420    0.1524532214E+04
   422   -->   421    0.3801904637E+03
   423   -->   422    0.1542388890E+04
   424   -->   423    0.3721372418E+03
   425   -->   424    0.1559803709E+04
   426   -->   425    0.3645009781E+03
   427   -->   426    0.1576799646E+04
   428   -->   427    0.3572581128E+03
   429   -->   428    0.1593399721E+04
   430   -->   429    0.3503854996E+03
   431   -->   430    0.1609626624E+04
   432   -->   431    0.3438606912E+03
   433   -->   432    0.1625502397E+04
   434   -->   433    0.3376622110E+03
   435   -->   434    0.1641048212E+04
   436   -->   435    0.3317696535E+03
   437   -->   436    0.1656284263E+04
   438   -->   437    0.3261637085E+03
   439   -->   438    0.1671229704E+04
   440   -->   439    0.3208261764E+03
   441   -->   440    0.1685902612E+04
   442   -->   441    0.3157399838E+03
   443   -->   442    0.1700319969E+04
   444   -->   443    0.3108891938E+03
   445   -->   444    0.1714497672E+04
   446   -->   445    0.3062589409E+03
   447   -->   446    0.1728450558E+04
   448   -->   447    0.3018354065E+03
   449   -->   448    0.1742192441E+04
   450   -->   449    0.2976057847E+03
   451   -->   450    0.1755736154E+04
   452   -->   451    0.2935582003E+03
   453   -->   452    0.1769093603E+04
   454   -->   453    0.2896816810E+03
   455   -->   454    0.1782275833E+04
   456   -->   455    0.2859660488E+03
   457   -->   456    0.1795293089E+04
   458   -->   457    0.2824018894E+03
   459   -->   458    0.1808154878E+04
   460   -->   459    0.2789804605E+03
   461   -->   460    0.1820870043E+04
   462   -->   461    0.2756936424E+03
   463   -->   462    0.1833446798E+04
   464   -->   463    0.2725338870E+03
   465   -->   464    0.1845892791E+04
   466   -->   465    0.2694941846E+03
   467   -->   466    0.1858215121E+04
   468   -->   467    0.2665680412E+03
   469   -->   468    0.1870420395E+04
   470   -->   469    0.2637493994E+03
   471   -->   470    0.1882514797E+04
   472   -->   471    0.2610325695E+03
   473   -->   472    0.1894504103E+04
   474   -->   473    0.2584122551E+03
   475   -->   474    0.1906393701E+04
   476   -->   475    0.2558835233E+03
   477   -->   476    0.1918188606E+04
   478   -->   477    0.2534418123E+03
   479   -->   478    0.1929893503E+04
   480   -->   479    0.2510828015E+03
   481   -->   480    0.1941512814E+04
   482   -->   481    0.2488024196E+03
   483   -->   482    0.1953050678E+04
   484   -->   483    0.2465968875E+03
   485   -->   484    0.1964510954E+04
   486   -->   485    0.2444626775E+03
   487   -->   486    0.1975897243E+04
   488   -->   487    0.2423965007E+03
   489   -->   488    0.1987212902E+04
   490   -->   489    0.2403953048E+03
   491   -->   490    0.1998461065E+04
   492   -->   491    0.2384562286E+03
   493   -->   492    0.2009644673E+04
   494   -->   493    0.2365765845E+03
   495   -->   494    0.2020766481E+04
   496   -->   495    0.2347538612E+03
   497   -->   496    0.2031829084E+04
   498   -->   497    0.2329856840E+03
   499   -->   498    0.2042834921E+04
   500   -->   499    0.2312698240E+03
   501   -->   500    0.2053786294E+04
   502   -->   501    0.2296041758E+03
   503   -->   502    0.2064685379E+04
   504   -->   503    0.2279867420E+03
   505   -->   504    0.2075534235E+04
   506   -->   505    0.2264156392E+03
   507   -->   506    0.2086334800E+04
   508   -->   507    0.2248890991E+03
   509   -->   508    0.2097088901E+04
   510   -->   509    0.2234054551E+03
   511   -->   510    0.2107798266E+04
   512   -->   511    0.2219631217E+03
   513   -->   512    0.2118464547E+04
   514   -->   513    0.2205605722E+03
   515   -->   514    0.2129089316E+04
   516   -->   515    0.2191963674E+03
   517   -->   516    0.2139674046E+04
   518   -->   517    0.2178691730E+03
   519   -->   518    0.2150220119E+04
   520   -->   519    0.2165777350E+03
   521   -->   520    0.2160728845E+04
   522   -->   521    0.2153208517E+03
   523   -->   522    0.2171201482E+04
   524   -->   523    0.2140973553E+03
   525   -->   524    0.2181639232E+04
   526   -->   525    0.2129061478E+03
   527   -->   526    0.2192043214E+04
   528   -->   527    0.2117462309E+03
   529   -->   528    0.2202414473E+04
   530   -->   529    0.2106166527E+03
   531   -->   530    0.2212754020E+04
   532   -->   531    0.2095164779E+03
   533   -->   532    0.2223062838E+04
   534   -->   533    0.2084447896E+03
   535   -->   534    0.2233341875E+04
   536   -->   535    0.2074007223E+03
   537   -->   536    0.2243592035E+04
   538   -->   537    0.2063834423E+03
   539   -->   538    0.2253814193E+04
   540   -->   539    0.2053921383E+03
   541   -->   540    0.2264009184E+04
   542   -->   541    0.2044260509E+03
   543   -->   542    0.2274177803E+04
   544   -->   543    0.2034844439E+03
   545   -->   544    0.2284320811E+04
   546   -->   545    0.2025666234E+03
   547   -->   546    0.2294438934E+04
   548   -->   547    0.2016719215E+03
   549   -->   548    0.2304532869E+04
   550   -->   549    0.2007996982E+03
   551   -->   550    0.2314603277E+04
   552   -->   551    0.1999493505E+03
   553   -->   552    0.2324650795E+04
   554   -->   553    0.1991202927E+03
   555   -->   554    0.2334676034E+04
   556   -->   555    0.1983119578E+03
   557   -->   556    0.2344679587E+04
   558   -->   557    0.1975237984E+03
   559   -->   558    0.2354662018E+04
   560   -->   559    0.1967553031E+03
   561   -->   560    0.2364623844E+04
   562   -->   561    0.1960060168E+03
   563   -->   562    0.2374565562E+04
   564   -->   563    0.1952754765E+03
   565   -->   564    0.2384487661E+04
   566   -->   565    0.1945632231E+03
   567   -->   566    0.2394390622E+04
   568   -->   567    0.1938688102E+03
   569   -->   568    0.2404274892E+04
   570   -->   569    0.1931918479E+03
   571   -->   570    0.2414140875E+04
   572   -->   571    0.1925319820E+03
   573   -->   572    0.2423988968E+04
   574   -->   573    0.1918888319E+03
   575   -->   574    0.2433819580E+04
   576   -->   575    0.1912620045E+03
   577   -->   576    0.2443633116E+04
   578   -->   577    0.1906511337E+03
   579   -->   578    0.2453429955E+04
   580   -->   579    0.1900558728E+03
   581   -->   580    0.2463210456E+04
   582   -->   581    0.1894758965E+03
   583   -->   582    0.2472974960E+04
   584   -->   583    0.1889108979E+03
   585   -->   584    0.2482723798E+04
   586   -->   585    0.1883605648E+03
   587   -->   586    0.2492457289E+04
   588   -->   587    0.1878246096E+03
   589   -->   588    0.2502175737E+04
   590   -->   589    0.1873027562E+03
   591   -->   590    0.2511879433E+04
   592   -->   591    0.1867947391E+03
   593   -->   592    0.2521568658E+04
   594   -->   593    0.1863002993E+03
   595   -->   594    0.2531243683E+04
   596   -->   595    0.1858191917E+03
   597   -->   596    0.2540904771E+04
   598   -->   597    0.1853511700E+03
   599   -->   598    0.2550552175E+04
   600   -->   599    0.1848960082E+03
   601   -->   600    0.2560186133E+04
   602   -->   601    0.1844534897E+03
   603   -->   602    0.2569806869E+04
   604   -->   603    0.1840234201E+03
   605   -->   604    0.2579414592E+04
   606   -->   605    0.1836056086E+03
   607   -->   606    0.2589009517E+04
   608   -->   607    0.1831998449E+03
   609   -->   608    0.2598591872E+04
   610   -->   609    0.1828059156E+03
   611   -->   610    0.2608161869E+04
   612   -->   611    0.1824236325E+03
   613   -->   612    0.2617719702E+04
   614   -->   613    0.1820528263E+03
   615   -->   614    0.2627265553E+04
   616   -->   615    0.1816933333E+03
   617   -->   616    0.2636799624E+04
   618   -->   617    0.1813449422E+03
   619   -->   618    0.2646322135E+04
   620   -->   619    0.1810074376E+03
   621   -->   620    0.2655833287E+04
   622   -->   621    0.1806806570E+03
   623   -->   622    0.2665333236E+04
   624   -->   623    0.1803644741E+03
   625   -->   624    0.2674822133E+04
   626   -->   625    0.1800587464E+03
   627   -->   626    0.2684300129E+04
   628   -->   627    0.1797633301E+03
   629   -->   628    0.2693767369E+04
   630   -->   629    0.1794781079E+03
   631   -->   630    0.2703223991E+04
   632   -->   631    0.1792029389E+03
   633   -->   632    0.2712670143E+04
   634   -->   633    0.1789376908E+03
   635   -->   634    0.2722105959E+04
   636   -->   635    0.1786822444E+03
   637   -->   636    0.2731531571E+04
   638   -->   637    0.1784364781E+03
   639   -->   638    0.2740947100E+04
   640   -->   639    0.1782002886E+03
   641   -->   640    0.2750352666E+04
   642   -->   641    0.1779735598E+03
   643   -->   642    0.2759748389E+04
   644   -->   643    0.1777561840E+03
   645   -->   644    0.2769134377E+04
   646   -->   645    0.1775480699E+03
   647   -->   646    0.2778510729E+04
   648   -->   647    0.1773491332E+03
   649   -->   648    0.2787877539E+04
   650   -->   649    0.1771592868E+03
   651   -->   650    0.2797234920E+04
   652   -->   651    0.1769784078E+03
   653   -->   652    0.2806582994E+04
   654   -->   653    0.1768063847E+03
   655   -->   654    0.2815921858E+04
   656   -->   655    0.1766431518E+03
   657   -->   656    0.2825251580E+04
   658   -->   657    0.1764886560E+03
   659   -->   658    0.2834572239E+04
   660   -->   659    0.1763428135E+03
   661   -->   660    0.2843883941E+04
   662   -->   661    0.1762055027E+03
   663   -->   662    0.2853186795E+04
   664   -->   663    0.1760766365E+03
   665   -->   664    0.2862480865E+04
   666   -->   665    0.1759561908E+03
   667   -->   666    0.2871766186E+04
   668   -->   667    0.1758441365E+03
   669   -->   668    0.2881042811E+04
   670   -->   669    0.1757404161E+03
   671   -->   670    0.2890310808E+04
   672   -->   671    0.1756449572E+03
   673   -->   672    0.2899570254E+04
   674   -->   673    0.1755576899E+03
   675   -->   674    0.2908821204E+04
   676   -->   675    0.1754785858E+03
   677   -->   676    0.2918063704E+04
   678   -->   677    0.1754075969E+03
   679   -->   678    0.2927297805E+04
   680   -->   679    0.1753446807E+03
   681   -->   680    0.2936523560E+04
   682   -->   681    0.1752897806E+03
   683   -->   682    0.2945741017E+04
   684   -->   683    0.1752428708E+03
   685   -->   684    0.2954950211E+04
   686   -->   685    0.1752039187E+03
   687   -->   686    0.2964151177E+04
   688   -->   687    0.1751728991E+03
   689   -->   688    0.2973343950E+04
   690   -->   689    0.1751497761E+03
   691   -->   690    0.2982528576E+04
   692   -->   691    0.1751345054E+03
   693   -->   692    0.2991705108E+04
   694   -->   693    0.1751270345E+03
   695   -->   694    0.3000873597E+04
   696   -->   695    0.1751273186E+03
   697   -->   696    0.3010034098E+04
   698   -->   697    0.1751353025E+03
   699   -->   698    0.3019186643E+04
   700   -->   699    0.1751509854E+03
   701   -->   700    0.3028331250E+04
   702   -->   701    0.1751743455E+03
   703   -->   702    0.3037467958E+04
   704   -->   703    0.1752053362E+03
   705   -->   704    0.3046596823E+04
   706   -->   705    0.1752438919E+03
   707   -->   706    0.3055717880E+04
   708   -->   707    0.1752900114E+03
   709   -->   708    0.3064831099E+04
   710   -->   709    0.1753437740E+03
   711   -->   710    0.3073936434E+04
   712   -->   711    0.1754052102E+03
   713   -->   712    0.3083033900E+04
   714   -->   713    0.1754742654E+03
   715   -->   714    0.3092123537E+04
   716   -->   715    0.1755509137E+03
   717   -->   716    0.3101205362E+04
   718   -->   717    0.1756351580E+03
   719   -->   718    0.3110279396E+04
   720   -->   719    0.1757269602E+03
   721   -->   720    0.3119345658E+04
   722   -->   721    0.1758263212E+03
   723   -->   722    0.3128404144E+04
   724   -->   723    0.1759332609E+03
   725   -->   724    0.3137454852E+04
   726   -->   725    0.1760477715E+03
   727   -->   726    0.3146497785E+04
   728   -->   727    0.1761698601E+03
   729   -->   728    0.3155532953E+04
   730   -->   729    0.1762995060E+03
   731   -->   730    0.3164560365E+04
   732   -->   731    0.1764367149E+03
   733   -->   732    0.3173580014E+04
   734   -->   733    0.1765815066E+03
   735   -->   734    0.3182591893E+04
   736   -->   735    0.1767338805E+03
   737   -->   736    0.3191596019E+04
   738   -->   737    0.1768938093E+03
   739   -->   738    0.3200592412E+04
   740   -->   739    0.1770612764E+03
   741   -->   740    0.3209581061E+04
   742   -->   741    0.1772363266E+03
   743   -->   742    0.3218561910E+04
   744   -->   743    0.1774190439E+03
   745   -->   744    0.3227534908E+04
   746   -->   745    0.1776094537E+03
   747   -->   746    0.3236500059E+04
   748   -->   747    0.1778075237E+03
   749   -->   748    0.3245457377E+04
   750   -->   749    0.1780132553E+03
   751   -->   750    0.3254406812E+04
   752   -->   751    0.1782267527E+03
   753   -->   752    0.3263348263E+04
   754   -->   753    0.1784481333E+03
   755   -->   754    0.3272281673E+04
   756   -->   755    0.1786774046E+03
   757   -->   756    0.3281207056E+04
   758   -->   757    0.1789145266E+03
   759   -->   758    0.3290124427E+04
   760   -->   759    0.1791595034E+03
   761   -->   760    0.3299033751E+04
   762   -->   761    0.1794124055E+03
   763   -->   762    0.3307934950E+04
   764   -->   763    0.1796733377E+03
   765   -->   764    0.3316827969E+04
   766   -->   765    0.1799423058E+03
   767   -->   766    0.3325712784E+04
   768   -->   767    0.1802193552E+03
   769   -->   768    0.3334589352E+04
   770   -->   769    0.1805045266E+03
   771   -->   770    0.3343457625E+04
   772   -->   771    0.1807978860E+03
   773   -->   772    0.3352317540E+04
   774   -->   773    0.1810994976E+03
   775   -->   774    0.3361169068E+04
   776   -->   775    0.1814093630E+03
   777   -->   776    0.3370012194E+04
   778   -->   777    0.1817275060E+03
   779   -->   778    0.3378846890E+04
   780   -->   779    0.1820539620E+03
   781   -->   780    0.3387673141E+04
   782   -->   781    0.1823887289E+03
   783   -->   782    0.3396490895E+04
   784   -->   783    0.1827319148E+03
   785   -->   784    0.3405300073E+04
   786   -->   785    0.1830835719E+03
   787   -->   786    0.3414100602E+04
   788   -->   787    0.1834438073E+03
   789   -->   788    0.3422892398E+04
   790   -->   789    0.1838126822E+03
   791   -->   790    0.3431675423E+04
   792   -->   791    0.1841902139E+03
   793   -->   792    0.3440449608E+04
   794   -->   793    0.1845765155E+03
   795   -->   794    0.3449214796E+04
   796   -->   795    0.1849718025E+03
   797   -->   796    0.3457970803E+04
   798   -->   797    0.1853762564E+03
   799   -->   798    0.3466717563E+04
   800   -->   799    0.1857898277E+03
   801   -->   800    0.3475455133E+04
   802   -->   801    0.1862124281E+03
   803   -->   802    0.3484183501E+04
   804   -->   803    0.1866441668E+03
   805   -->   804    0.3492902564E+04
   806   -->   805    0.1870851586E+03
   807   -->   806    0.3501612243E+04
   808   -->   807    0.1875354431E+03
   809   -->   808    0.3510312445E+04
   810   -->   809    0.1879951735E+03
   811   -->   810    0.3519003052E+04
   812   -->   811    0.1884644435E+03
   813   -->   812    0.3527683993E+04
   814   -->   813    0.1889432989E+03
   815   -->   814    0.3536355212E+04
   816   -->   815    0.1894318057E+03
   817   -->   816    0.3545016644E+04
   818   -->   817    0.1899300275E+03
   819   -->   818    0.3553668194E+04
   820   -->   819    0.1904380925E+03
   821   -->   820    0.3562309749E+04
   822   -->   821    0.1909561083E+03
   823   -->   822    0.3570941219E+04
   824   -->   823    0.1914841470E+03
   825   -->   824    0.3579562534E+04
   826   -->   825    0.1920222696E+03
   827   -->   826    0.3588173568E+04
   828   -->   827    0.1925706646E+03
   829   -->   828    0.3596774100E+04
   830   -->   829    0.1931296048E+03
   831   -->   830    0.3605363915E+04
   832   -->   831    0.1936992692E+03
   833   -->   832    0.3613942914E+04
   834   -->   833    0.1942796672E+03
   835   -->   834    0.3622511056E+04
   836   -->   835    0.1948708512E+03
   837   -->   836    0.3631068191E+04
   838   -->   837    0.1954730703E+03
   839   -->   838    0.3639614033E+04
   840   -->   839    0.1960866773E+03
   841   -->   840    0.3648148360E+04
   842   -->   841    0.1967117896E+03
   843   -->   842    0.3656671151E+04
   844   -->   843    0.1973483048E+03
   845   -->   844    0.3665182416E+04
   846   -->   845    0.1979962750E+03
   847   -->   846    0.3673681998E+04
   848   -->   847    0.1986559733E+03
   849   -->   848    0.3682169596E+04
   850   -->   849    0.1993277519E+03
   851   -->   850    0.3690644959E+04
   852   -->   851    0.2000117873E+03
   853   -->   852    0.3699107969E+04
   854   -->   853    0.2007081145E+03
   855   -->   854    0.3707558544E+04
   856   -->   855    0.2014168604E+03
   857   -->   856    0.3715996481E+04
   858   -->   857    0.2021383067E+03
   859   -->   858    0.3724421588E+04
   860   -->   859    0.2028725727E+03
   861   -->   860    0.3732833724E+04
   862   -->   861    0.2036198170E+03
   863   -->   862    0.3741232788E+04
   864   -->   863    0.2043800732E+03
   865   -->   864    0.3749618690E+04
   866   -->   865    0.2051534771E+03
   867   -->   866    0.3757991219E+04
   868   -->   867    0.2059403272E+03
   869   -->   868    0.3766350118E+04
   870   -->   869    0.2067408283E+03
   871   -->   870    0.3774695151E+04
   872   -->   871    0.2075552747E+03
   873   -->   872    0.3783026002E+04
   874   -->   873    0.2083839963E+03
   875   -->   874    0.3791342405E+04
   876   -->   875    0.2092272144E+03
   877   -->   876    0.3799644124E+04
   878   -->   877    0.2100851685E+03
   879   -->   878    0.3807930929E+04
   880   -->   879    0.2109580689E+03
   881   -->   880    0.3816202471E+04
   882   -->   881    0.2118464139E+03
   883   -->   882    0.3824458268E+04
   884   -->   883    0.2127507238E+03
   885   -->   884    0.3832698072E+04
   886   -->   885    0.2136709932E+03
   887   -->   886    0.3840922043E+04
   888   -->   887    0.2146068343E+03
   889   -->   888    0.3849130253E+04
   890   -->   889    0.2155584281E+03
   891   -->   890    0.3857322296E+04
   892   -->   891    0.2165264594E+03
   893   -->   892    0.3865497716E+04
   894   -->   893    0.2175112053E+03
   895   -->   894    0.3873656241E+04
   896   -->   895    0.2185128940E+03
   897   -->   896    0.3881797543E+04
   898   -->   897    0.2195319831E+03
   899   -->   898    0.3889921358E+04
   900   -->   899    0.2205685468E+03
   901   -->   900    0.3898027527E+04
   902   -->   901    0.2216227929E+03
   903   -->   902    0.3906115827E+04
   904   -->   903    0.2226949629E+03
   905   -->   904    0.3914185937E+04
   906   -->   905    0.2237854489E+03
   907   -->   906    0.3922237441E+04
   908   -->   907    0.2248947170E+03
   909   -->   908    0.3930269959E+04
   910   -->   909    0.2260230621E+03
   911   -->   910    0.3938283191E+04
   912   -->   911    0.2271707721E+03
   913   -->   912    0.3946276723E+04
   914   -->   913    0.2283383662E+03
   915   -->   914    0.3954249915E+04
   916   -->   915    0.2295266464E+03
   917   -->   916    0.3962202060E+04
   918   -->   917    0.2307362866E+03
   919   -->   918    0.3970132774E+04
   920   -->   919    0.2319673769E+03
   921   -->   920    0.3978041965E+04
   922   -->   921    0.2332199237E+03
   923   -->   922    0.3985929287E+04
   924   -->   923    0.2344945820E+03
   925   -->   924    0.3993793907E+04
   926   -->   925    0.2357924465E+03
   927   -->   926    0.4001635003E+04
   928   -->   927    0.2371141626E+03
   929   -->   928    0.4009452400E+04
   930   -->   929    0.2384593871E+03
   931   -->   930    0.4017246251E+04
   932   -->   931    0.2398279970E+03
   933   -->   932    0.4025016111E+04
   934   -->   933    0.2412210013E+03
   935   -->   934    0.4032760894E+04
   936   -->   935    0.2426396834E+03
   937   -->   936    0.4040479536E+04
   938   -->   937    0.2440849916E+03
   939   -->   938    0.4048171701E+04
   940   -->   939    0.2455566092E+03
   941   -->   940    0.4055837255E+04
   942   -->   941    0.2470549983E+03
   943   -->   942    0.4063475675E+04
   944   -->   943    0.2485807532E+03
   945   -->   944    0.4071086268E+04
   946   -->   945    0.2501347523E+03
   947   -->   946    0.4078668401E+04
   948   -->   947    0.2517173560E+03
   949   -->   948    0.4086221816E+04
   950   -->   949    0.2533286951E+03
   951   -->   950    0.4093746100E+04
   952   -->   951    0.2549693925E+03
   953   -->   952    0.4101240381E+04
   954   -->   953    0.2566405683E+03
   955   -->   954    0.4108703803E+04
   956   -->   955    0.2583429044E+03
   957   -->   956    0.4116135240E+04
   958   -->   957    0.2600779556E+03
   959   -->   958    0.4123533601E+04
   960   -->   959    0.2618463917E+03
   961   -->   960    0.4130897977E+04
   962   -->   961    0.2636493794E+03
   963   -->   962    0.4138227427E+04
   964   -->   963    0.2654876112E+03
   965   -->   964    0.4145521246E+04
   966   -->   965    0.2673617833E+03
   967   -->   966    0.4152778298E+04
   968   -->   967    0.2692734467E+03
   969   -->   968    0.4159997002E+04
   970   -->   969    0.2712243937E+03
   971   -->   970    0.4167176317E+04
   972   -->   971    0.2732150756E+03
   973   -->   972    0.4174316753E+04
   974   -->   973    0.2752437725E+03
   975   -->   974    0.4181419165E+04
   976   -->   975    0.2773100105E+03
   977   -->   976    0.4188482204E+04
   978   -->   977    0.2794170820E+03
   979   -->   978    0.4195503105E+04
   980   -->   979    0.2815677527E+03
   981   -->   980    0.4202480468E+04
   982   -->   981    0.2837619869E+03
   983   -->   982    0.4209413575E+04
   984   -->   983    0.2860010576E+03
   985   -->   984    0.4216301386E+04
   986   -->   985    0.2882859542E+03
   987   -->   986    0.4223143328E+04
   988   -->   987    0.2906166158E+03
   989   -->   988    0.4229938726E+04
   990   -->   989    0.2929943809E+03
   991   -->   990    0.4236686160E+04
   992   -->   991    0.2954207670E+03
   993   -->   992    0.4243383792E+04
   994   -->   993    0.2978980135E+03
   995   -->   994    0.4250029781E+04
   996   -->   995    0.3004276815E+03
   997   -->   996    0.4256622700E+04
   998   -->   997    0.3030109351E+03
   999   -->   998    0.4263161042E+04
  1000   -->   999    0.3056494879E+03
  1001   -->  1000    0.4269642206E+04
  1002   -->  1001    0.3083469435E+03
  1003   -->  1002    0.4276062837E+04
  1004   -->  1003    0.3111068125E+03
  1005   -->  1004    0.4282420918E+04
  1006   -->  1005    0.3139297683E+03
  1007   -->  1006    0.4288716501E+04
  1008   -->  1007    0.3168144763E+03
  1009   -->  1008    0.4294948994E+04
  1010   -->  1009    0.3197629430E+03
  1011   -->  1010    0.4301114668E+04
  1012   -->  1011    0.3227810729E+03
  1013   -->  1012    0.4307208606E+04
  1014   -->  1013    0.3258736798E+03
  1015   -->  1014    0.4313229253E+04
  1016   -->  1015    0.3290391107E+03
  1017   -->  1016    0.4319178658E+04
  1018   -->  1017    0.3322735650E+03
  1019   -->  1018    0.4325056219E+04
  1020   -->  1019    0.3355813343E+03
  1021   -->  1020    0.4330855505E+04
  1022   -->  1021    0.3389721744E+03
  1023   -->  1022    0.4336569198E+04
  1024   -->  1023    0.3424520987E+03
  1025   -->  1024    0.4342194836E+04
  1026   -->  1025    0.3460202589E+03
  1027   -->  1026    0.4347733534E+04
  1028   -->  1027    0.3496734615E+03
  1029   -->  1028    0.4353185090E+04
  1030   -->  1029    0.3534152008E+03
  1031   -->  1030    0.4358544206E+04
  1032   -->  1031    0.3572532188E+03
  1033   -->  1032    0.4363806847E+04
  1034   -->  1033    0.3611884339E+03
  1035   -->  1034    0.4368971584E+04
  1036   -->  1035    0.3652222258E+03
  1037   -->  1036    0.4374036745E+04
  1038   -->  1037    0.3693556481E+03
  1039   -->  1038    0.4378999222E+04
  1040   -->  1039    0.3735936664E+03
  1041   -->  1040    0.4383851670E+04
  1042   -->  1041    0.3779472606E+03
  1043   -->  1042    0.4388585761E+04
  1044   -->  1043    0.3824217385E+03
  1045   -->  1044    0.4393196121E+04
  1046   -->  1045    0.3870235234E+03
  1047   -->  1046    0.4397676214E+04
  1048   -->  1047    0.3917586688E+03
  1049   -->  1048    0.4402021554E+04
  1050   -->  1049    0.3966303508E+03
  1051   -->  1050    0.4406227336E+04
  1052   -->  1051    0.4016444637E+03
  1053   -->  1052    0.4410286317E+04
  1054   -->  1053    0.4068090004E+03
  1055   -->  1054    0.4414187085E+04
  1056   -->  1055    0.4121407964E+03
  1057   -->  1056    0.4417918736E+04
  1058   -->  1057    0.4176481967E+03
  1059   -->  1058    0.4421486370E+04
  1060   -->  1059    0.4233112475E+03
  1061   -->  1060    0.4424907651E+04
  1062   -->  1061    0.4291053556E+03
  1063   -->  1062    0.4428179194E+04
  1064   -->  1063    0.4350583578E+03
  1065   -->  1064    0.4431265776E+04
  1066   -->  1065    0.4412246457E+03
  1067   -->  1066    0.4434142190E+04
  1068   -->  1067    0.4476066498E+03
  1069   -->  1068    0.4436809530E+04
  1070   -->  1069    0.4541912626E+03
  1071   -->  1070    0.4439266652E+04
  1072   -->  1071    0.4609941993E+03
  1073   -->  1072    0.4441510876E+04
  1074   -->  1073    0.4680056903E+03
  1075   -->  1074    0.4443542095E+04
  1076   -->  1075    0.4752298282E+03
  1077   -->  1076    0.4445349544E+04
  1078   -->  1077    0.4826853949E+03
  1079   -->  1078    0.4446911654E+04
  1080   -->  1079    0.4903987794E+03
  1081   -->  1080    0.4448206269E+04
  1082   -->  1081    0.4983926668E+03
  1083   -->  1082    0.4449222961E+04
  1084   -->  1083    0.5066627361E+03
  1085   -->  1084    0.4449958542E+04
  1086   -->  1085    0.5152115190E+03
  1087   -->  1086    0.4450384395E+04
  1088   -->  1087    0.5240917336E+03
  1089   -->  1088    0.4450441396E+04
  1090   -->  1089    0.5333866001E+03
  1091   -->  1090    0.4450089419E+04
  1092   -->  1091    0.5431113024E+03
  1093   -->  1092    0.4449362792E+04
  1094   -->  1093    0.5531623723E+03
  1095   -->  1094    0.4448314289E+04
  1096   -->  1095    0.5634885466E+03
  1097   -->  1096    0.4446881219E+04
  1098   -->  1097    0.5742698080E+03
  1099   -->  1098    0.4444887561E+04
  1100   -->  1099    0.5857578620E+03
  1101   -->  1100    0.4442261016E+04
  1102   -->  1101    0.5979054889E+03
  1103   -->  1102    0.4439187935E+04
  1104   -->  1103    0.6102918489E+03
  1105   -->  1104    0.4435868735E+04
  1106   -->  1105    0.6227663507E+03
  1107   -->  1106    0.4432122397E+04
  1108   -->  1107    0.6358811442E+03
  1109   -->  1108    0.4427490147E+04
  1110   -->  1109    0.6502400428E+03
  1111   -->  1110    0.4421756601E+04
  1112   -->  1111    0.6658156243E+03
  1113   -->  1112    0.4415281670E+04
  1114   -->  1113    0.6816947814E+03
  1115   -->  1114    0.4408443190E+04
  1116   -->  1115    0.6977226792E+03
  1117   -->  1116    0.4400974748E+04
  1118   -->  1117    0.7146849400E+03
  1119   -->  1118    0.4392337838E+04
  1120   -->  1119    0.7333084576E+03
  1121   -->  1120    0.4382329091E+04
  1122   -->  1121    0.7533037746E+03
  1123   -->  1122    0.4371214075E+04
  1124   -->  1123    0.7740414460E+03
  1125   -->  1124    0.4358612626E+04
  1126   -->  1125    0.7967706566E+03
  1127   -->  1126    0.4343110705E+04
  1128   -->  1127    0.8244118933E+03
  1129   -->  1128    0.4326024809E+04
  1130   -->  1129    0.8526350707E+03
  1131   -->  1130    0.4315329529E+04
  1132   -->  1131    0.8643355984E+03
  1133   -->  1132    0.4319175155E+04
  1134   -->  1133    0.8415177274E+03
  1135   -->  1134    0.4308954397E+04
  1136   -->  1135    0.8453631948E+03
  1137   -->  1136    0.4196437993E+04
  1138   -->  1137    0.1054947553E+04
  1139   -->  1138    0.3990892032E+04
  1140   -->  1139    0.1402248913E+04
  1141   -->  1140    0.3838873350E+04
  1142   -->  1141    0.1603533929E+04
  1143   -->  1142    0.3855362452E+04
  1144   -->  1143    0.1380362372E+04
  1145   -->  1144    0.3920241321E+04
  1146   -->  1145    0.7736458556E+03
  1147   -->  1146    0.3657110828E+04
  1148   -->  1147    0.1986064174E+04
  1149   -->  1148    0.3389644445E+04
  1150   -->  1149    0.2605483760E+04
  1151   -->  1150    0.3308100121E+04
  1152   -->  1151    0.2852680056E+04
  1153   -->  1152    0.3322013448E+04
  1154   -->  1153    0.2994618703E+04
  1155   -->  1154    0.3379595182E+04
  1156   -->  1155    0.3093766430E+04
  1157   -->  1156    0.3462525018E+04
  1158   -->  1157    0.3072626029E+04
  1159   -->  1158    0.2811192914E+04
  1160   -->  1159    0.1424207552E+04
  1161   -->  1160    0.3226521170E+04
  1162   -->  1161    0.3655093160E+04
  1163   -->  1162    0.3659783480E+04
  1164   -->  1163    0.4163160479E+04
  1165   -->  1164    0.4086017037E+04
  1166   -->  1165    0.6348775031E+05
