    100.00       0.00000E+00
    110.00       0.00000E+00
    120.00       0.00000E+00
    130.00       0.00000E+00
    140.00       0.00000E+00
    150.00       0.00000E+00
    160.00       0.00000E+00
    170.00       0.00000E+00
    180.00       0.00000E+00
    190.00       0.00000E+00
    200.00       0.00000E+00
    210.00       0.00000E+00
    220.00       0.00000E+00
    230.00       0.00000E+00
    240.00       0.00000E+00
    250.00       0.00000E+00
    260.00       0.00000E+00
    270.00       0.00000E+00
    280.00       0.00000E+00
    290.00       0.00000E+00
    300.00       0.00000E+00
    310.00       0.00000E+00
    320.00       0.00000E+00
    330.00       0.00000E+00
    340.00       0.00000E+00
    350.00       0.00000E+00
    360.00       0.00000E+00
    370.00       0.00000E+00
    380.00       0.00000E+00
    390.00       0.00000E+00
    400.00       0.00000E+00
    410.00       0.00000E+00
    420.00       0.00000E+00
    430.00       0.00000E+00
    440.00       0.00000E+00
    450.00       0.00000E+00
    460.00       0.00000E+00
    470.00       0.00000E+00
    480.00       0.00000E+00
    490.00       0.00000E+00
    500.00       0.00000E+00
    510.00       0.00000E+00
    520.00       0.00000E+00
    530.00       0.00000E+00
    540.00       0.00000E+00
    550.00       0.00000E+00
    560.00       0.00000E+00
    570.00       0.00000E+00
    580.00       0.00000E+00
    590.00       0.00000E+00
    600.00       0.00000E+00
    610.00       0.00000E+00
    620.00       0.00000E+00
    630.00       0.00000E+00
    640.00       0.00000E+00
    650.00       0.00000E+00
    660.00       0.00000E+00
    670.00       0.00000E+00
    680.00       0.00000E+00
    690.00       0.00000E+00
    700.00       0.00000E+00
    710.00       0.00000E+00
    720.00       0.00000E+00
    730.00       0.00000E+00
    740.00       0.00000E+00
    750.00       0.00000E+00
    760.00       0.00000E+00
    770.00       0.00000E+00
    780.00       0.00000E+00
    790.00       0.00000E+00
    800.00       0.00000E+00
    810.00       0.00000E+00
    820.00       0.00000E+00
    830.00       0.00000E+00
    840.00       0.00000E+00
    850.00       0.00000E+00
    860.00       0.00000E+00
    870.00       0.00000E+00
    880.00       0.00000E+00
    890.00       0.00000E+00
    900.00       0.00000E+00
    910.00       0.00000E+00
    920.00       0.00000E+00
    930.00       0.00000E+00
    940.00       0.00000E+00
    950.00       0.00000E+00
    960.00       0.00000E+00
    970.00       0.00000E+00
    980.00       0.00000E+00
    990.00       0.00000E+00
   1000.00       0.00000E+00
   1010.00       0.00000E+00
   1020.00       0.00000E+00
   1030.00       0.00000E+00
   1040.00       0.00000E+00
   1050.00       0.00000E+00
   1060.00       0.00000E+00
   1070.00       0.00000E+00
   1080.00       0.00000E+00
   1090.00       0.00000E+00
   1100.00       0.00000E+00
   1110.00       0.00000E+00
   1120.00       0.00000E+00
   1130.00       0.00000E+00
   1140.00       0.00000E+00
   1150.00       0.00000E+00
   1160.00       0.00000E+00
   1170.00       0.00000E+00
   1180.00       0.00000E+00
   1190.00       0.00000E+00
   1200.00       0.00000E+00
   1210.00       0.00000E+00
   1220.00       0.00000E+00
   1230.00       0.00000E+00
   1240.00       0.00000E+00
   1250.00       0.00000E+00
   1260.00       0.00000E+00
   1270.00       0.00000E+00
   1280.00       0.00000E+00
   1290.00       0.00000E+00
   1300.00       0.00000E+00
   1310.00       0.00000E+00
   1320.00       0.00000E+00
   1330.00       0.00000E+00
   1340.00       0.00000E+00
   1350.00       0.00000E+00
   1360.00       0.00000E+00
   1370.00       0.00000E+00
   1380.00       0.00000E+00
   1390.00       0.00000E+00
   1400.00       0.00000E+00
   1410.00       0.00000E+00
   1420.00       0.00000E+00
   1430.00       0.00000E+00
   1440.00       0.00000E+00
   1450.00       0.00000E+00
   1460.00       0.00000E+00
   1470.00       0.00000E+00
   1480.00       0.00000E+00
   1490.00       0.00000E+00
   1500.00       0.00000E+00
   1510.00       0.00000E+00
   1520.00       0.00000E+00
   1530.00       0.00000E+00
   1540.00       0.00000E+00
   1550.00       0.00000E+00
   1560.00       0.00000E+00
   1570.00       0.00000E+00
   1580.00       0.00000E+00
   1590.00       0.00000E+00
   1600.00       0.00000E+00
   1610.00       0.00000E+00
   1620.00       0.00000E+00
   1630.00       0.00000E+00
   1640.00       0.00000E+00
   1650.00       0.00000E+00
   1660.00       0.00000E+00
   1670.00       0.00000E+00
   1680.00       0.00000E+00
   1690.00       0.00000E+00
   1700.00       0.00000E+00
   1710.00       0.00000E+00
   1720.00       0.00000E+00
   1730.00       0.00000E+00
   1740.00       0.00000E+00
   1750.00       0.00000E+00
   1760.00       0.00000E+00
   1770.00       0.00000E+00
   1780.00       0.00000E+00
   1790.00       0.00000E+00
   1800.00       0.00000E+00
   1810.00       0.00000E+00
   1820.00       0.00000E+00
   1830.00       0.00000E+00
   1840.00       0.00000E+00
   1850.00       0.00000E+00
   1860.00       0.00000E+00
   1870.00       0.00000E+00
   1880.00       0.00000E+00
   1890.00       0.00000E+00
   1900.00       0.00000E+00
   1910.00       0.00000E+00
   1920.00       0.00000E+00
   1930.00       0.00000E+00
   1940.00       0.00000E+00
   1950.00       0.00000E+00
   1960.00       0.00000E+00
   1970.00       0.00000E+00
   1980.00       0.00000E+00
   1990.00       0.00000E+00
   2000.00       0.00000E+00
   2010.00       0.00000E+00
   2020.00       0.00000E+00
   2030.00       0.00000E+00
   2040.00       0.00000E+00
   2050.00       0.00000E+00
   2060.00       0.00000E+00
   2070.00       0.00000E+00
   2080.00       0.00000E+00
   2090.00       0.00000E+00
   2100.00       0.00000E+00
   2110.00       0.00000E+00
   2120.00       0.00000E+00
   2130.00       0.00000E+00
   2140.00       0.00000E+00
   2150.00       0.00000E+00
   2160.00       0.00000E+00
   2170.00       0.00000E+00
   2180.00       0.00000E+00
   2190.00       0.00000E+00
   2200.00       0.00000E+00
   2210.00       0.00000E+00
   2220.00       0.00000E+00
   2230.00       0.00000E+00
   2240.00       0.00000E+00
   2250.00       0.00000E+00
   2260.00       0.00000E+00
   2270.00       0.00000E+00
   2280.00       0.00000E+00
   2290.00       0.00000E+00
   2300.00       0.00000E+00
   2310.00       0.00000E+00
   2320.00       0.00000E+00
   2330.00       0.00000E+00
   2340.00       0.00000E+00
   2350.00       0.00000E+00
   2360.00       0.00000E+00
   2370.00       0.00000E+00
   2380.00       0.00000E+00
   2390.00       0.00000E+00
   2400.00       0.00000E+00
   2410.00       0.00000E+00
   2420.00       0.00000E+00
   2430.00       0.00000E+00
   2440.00       0.00000E+00
   2450.00       0.00000E+00
   2460.00       0.00000E+00
   2470.00       0.00000E+00
   2480.00       0.00000E+00
   2490.00       0.00000E+00
   2500.00       0.00000E+00
   2510.00       0.00000E+00
   2520.00       0.00000E+00
   2530.00       0.00000E+00
   2540.00       0.00000E+00
   2550.00       0.00000E+00
   2560.00       0.00000E+00
   2570.00       0.00000E+00
   2580.00       0.00000E+00
   2590.00       0.00000E+00
   2600.00       0.00000E+00
   2610.00       0.00000E+00
   2620.00       0.00000E+00
   2630.00       0.00000E+00
   2640.00       0.00000E+00
   2650.00       0.00000E+00
   2660.00       0.00000E+00
   2670.00       1.31632E-38
   2680.00       1.68838E-38
   2690.00       2.16159E-38
   2700.00       2.76243E-38
   2710.00       3.52385E-38
   2720.00       4.48724E-38
   2730.00       5.70382E-38
   2740.00       7.23769E-38
   2750.00       9.16829E-38
   2760.00       1.15939E-37
   2770.00       1.46366E-37
   2780.00       1.84470E-37
   2790.00       2.32109E-37
   2800.00       2.91573E-37
   2810.00       3.65685E-37
   2820.00       4.57899E-37
   2830.00       5.72453E-37
   2840.00       7.14555E-37
   2850.00       8.90545E-37
   2860.00       1.10818E-36
   2870.00       1.37692E-36
   2880.00       1.70826E-36
   2890.00       2.11618E-36
   2900.00       2.61764E-36
   2910.00       3.23326E-36
   2920.00       3.98788E-36
   2930.00       4.91163E-36
   2940.00       6.04087E-36
   2950.00       7.41926E-36
   2960.00       9.09963E-36
   2970.00       1.11453E-35
   2980.00       1.36325E-35
   2990.00       1.66522E-35
   3000.00       2.03139E-35
   3010.00       2.47484E-35
   3020.00       3.01111E-35
   3030.00       3.65895E-35
   3040.00       4.44041E-35
   3050.00       5.38207E-35
   3060.00       6.51516E-35
   3070.00       7.87712E-35
   3080.00       9.51211E-35
   3090.00       1.14724E-34
   3100.00       1.38202E-34
   3110.00       1.66284E-34
   3120.00       1.99840E-34
   3130.00       2.39882E-34
   3140.00       2.87619E-34
   3150.00       3.44457E-34
   3160.00       4.12059E-34
   3170.00       4.92377E-34
   3180.00       5.87690E-34
   3190.00       7.00683E-34
   3200.00       8.34487E-34
   3210.00       9.92770E-34
   3220.00       1.17980E-33
   3230.00       1.40057E-33
   3240.00       1.66092E-33
   3250.00       1.96760E-33
   3260.00       2.32849E-33
   3270.00       2.75276E-33
   3280.00       3.25101E-33
   3290.00       3.83563E-33
   3300.00       4.52081E-33
   3310.00       5.32317E-33
   3320.00       6.26177E-33
   3330.00       7.35873E-33
   3340.00       8.63955E-33
   3350.00       1.01337E-32
   3360.00       1.18749E-32
   3370.00       1.39023E-32
   3380.00       1.62609E-32
   3390.00       1.90018E-32
   3400.00       2.21849E-32
   3410.00       2.58775E-32
   3420.00       3.01578E-32
   3430.00       3.51149E-32
   3440.00       4.08509E-32
   3450.00       4.74825E-32
   3460.00       5.51425E-32
   3470.00       6.39836E-32
   3480.00       7.41795E-32
   3490.00       8.59271E-32
   3500.00       9.94522E-32
   3510.00       1.15010E-31
   3520.00       1.32894E-31
   3530.00       1.53433E-31
   3540.00       1.77003E-31
   3550.00       2.04031E-31
   3560.00       2.34999E-31
   3570.00       2.70454E-31
   3580.00       3.11017E-31
   3590.00       3.57386E-31
   3600.00       4.10352E-31
   3610.00       4.70811E-31
   3620.00       5.39766E-31
   3630.00       6.18357E-31
   3640.00       7.07870E-31
   3650.00       8.09740E-31
   3660.00       9.25599E-31
   3670.00       1.05726E-30
   3680.00       1.20678E-30
   3690.00       1.37648E-30
   3700.00       1.56892E-30
   3710.00       1.78701E-30
   3720.00       2.03401E-30
   3730.00       2.31354E-30
   3740.00       2.62970E-30
   3750.00       2.98701E-30
   3760.00       3.39060E-30
   3770.00       3.84613E-30
   3780.00       4.36001E-30
   3790.00       4.93927E-30
   3800.00       5.59185E-30
   3810.00       6.32652E-30
   3820.00       7.15315E-30
   3830.00       8.08263E-30
   3840.00       9.12702E-30
   3850.00       1.03000E-29
   3860.00       1.16166E-29
   3870.00       1.30932E-29
   3880.00       1.47485E-29
   3890.00       1.66029E-29
   3900.00       1.86793E-29
   3910.00       2.10026E-29
   3920.00       2.36010E-29
   3930.00       2.65053E-29
   3940.00       2.97495E-29
   3950.00       3.33713E-29
   3960.00       3.74124E-29
   3970.00       4.19190E-29
   3980.00       4.69418E-29
   3990.00       5.25366E-29
   4000.00       5.87655E-29
   4010.00       6.56965E-29
   4020.00       7.34042E-29
   4030.00       8.19712E-29
   4040.00       9.14889E-29
   4050.00       1.02057E-28
   4060.00       1.13783E-28
   4070.00       1.26790E-28
   4080.00       1.41210E-28
   4090.00       1.57188E-28
   4100.00       1.74882E-28
   4110.00       1.94468E-28
   4120.00       2.16137E-28
   4130.00       2.40097E-28
   4140.00       2.66579E-28
   4150.00       2.95834E-28
   4160.00       3.28136E-28
   4170.00       3.63788E-28
   4180.00       4.03112E-28
   4190.00       4.46470E-28
   4200.00       4.94253E-28
   4210.00       5.46889E-28
   4220.00       6.04839E-28
   4230.00       6.68617E-28
   4240.00       7.38767E-28
   4250.00       8.15902E-28
   4260.00       9.00674E-28
   4270.00       9.93787E-28
   4280.00       1.09604E-27
   4290.00       1.20825E-27
   4300.00       1.33136E-27
   4310.00       1.46636E-27
   4320.00       1.61432E-27
   4330.00       1.77643E-27
   4340.00       1.95396E-27
   4350.00       2.14831E-27
   4360.00       2.36095E-27
   4370.00       2.59355E-27
   4380.00       2.84782E-27
   4390.00       3.12571E-27
   4400.00       3.42929E-27
   4410.00       3.76075E-27
   4420.00       4.12256E-27
   4430.00       4.51731E-27
   4440.00       4.94784E-27
   4450.00       5.41723E-27
   4460.00       5.92869E-27
   4470.00       6.48588E-27
   4480.00       7.09260E-27
   4490.00       7.75301E-27
   4500.00       8.47160E-27
   4510.00       9.25317E-27
   4520.00       1.01029E-26
   4530.00       1.10264E-26
   4540.00       1.20298E-26
   4550.00       1.31194E-26
   4560.00       1.43024E-26
   4570.00       1.55862E-26
   4580.00       1.69788E-26
   4590.00       1.84891E-26
   4600.00       2.01262E-26
   4610.00       2.19004E-26
   4620.00       2.38222E-26
   4630.00       2.59035E-26
   4640.00       2.81564E-26
   4650.00       3.05943E-26
   4660.00       3.32316E-26
   4670.00       3.60834E-26
   4680.00       3.91666E-26
   4690.00       4.24982E-26
   4700.00       4.60974E-26
   4710.00       4.99843E-26
   4720.00       5.41800E-26
   4730.00       5.87085E-26
   4740.00       6.35942E-26
   4750.00       6.88634E-26
   4760.00       7.45441E-26
   4770.00       8.06671E-26
   4780.00       8.72649E-26
   4790.00       9.43706E-26
   4800.00       1.02022E-25
   4810.00       1.10259E-25
   4820.00       1.19123E-25
   4830.00       1.28657E-25
   4840.00       1.38912E-25
   4850.00       1.49936E-25
   4860.00       1.61785E-25
   4870.00       1.74517E-25
   4880.00       1.88191E-25
   4890.00       2.02876E-25
   4900.00       2.18641E-25
   4910.00       2.35558E-25
   4920.00       2.53707E-25
   4930.00       2.73175E-25
   4940.00       2.94047E-25
   4950.00       3.16422E-25
   4960.00       3.40401E-25
   4970.00       3.66088E-25
   4980.00       3.93600E-25
   4990.00       4.23057E-25
   5000.00       4.54589E-25
   5010.00       4.88331E-25
   5020.00       5.24431E-25
   5030.00       5.63040E-25
   5040.00       6.04322E-25
   5050.00       6.48450E-25
   5060.00       6.95609E-25
   5070.00       7.45992E-25
   5080.00       7.99803E-25
   5090.00       8.57268E-25
   6000.00       1.81015E-22
   7000.00       1.31958E-20
   8000.00       3.32333E-19
   9000.00       4.11621E-18
  10000.00       3.09976E-17
